2018-02-01 14:40:04 23.80 24.30 24.00 24.60 23.40 23.40 23.30 23.40 24.00 23.90 24.00 24.00 24.10 23.80 23.90 24.10 23.30 23.30 23.40 23.50 23.80 25.80 25.20 24.70 25.20 24.40 23.50 25.50 27.20 27.10 25.70 25.00 * 0
2018-02-01 14:40:04 23.90 24.30 24.10 24.70 23.50 23.50 23.50 23.60 24.20 24.00 23.90 24.10 24.10 24.00 23.90 24.10 23.40 23.30 23.40 23.60 23.80 25.80 25.20 24.70 25.30 24.50 23.60 25.60 27.40 27.10 25.70 24.90 * 0
2018-02-01 14:40:05 23.90 24.40 24.10 24.70 23.50 23.50 23.50 23.60 24.10 24.00 24.00 24.10 24.10 24.00 23.90 24.20 23.40 23.30 23.40 23.60 24.10 25.70 25.00 24.70 25.10 24.60 23.60 25.60 27.60 27.10 25.60 24.80 * 0
2018-02-01 14:40:05 23.80 24.40 24.10 24.60 23.40 23.50 23.40 23.50 24.20 24.10 24.10 24.10 24.20 24.10 24.00 24.30 23.30 23.30 23.40 23.90 25.60 25.30 24.80 24.80 25.30 25.20 23.80 25.90 28.20 27.30 26.10 24.90 * 0
2018-02-01 14:40:05 23.80 24.40 24.10 24.60 23.40 23.40 23.40 23.40 24.20 24.10 24.10 24.20 24.20 24.10 24.10 24.30 23.20 23.30 23.30 23.80 27.20 24.40 24.80 25.10 25.20 25.40 24.60 26.50 27.80 27.30 26.30 25.00 * 0
2018-02-01 14:40:05 23.80 24.40 24.10 24.60 23.40 23.30 23.30 23.40 24.20 24.20 24.10 24.20 24.20 24.10 24.10 24.40 23.10 23.30 23.20 23.70 27.00 24.20 24.00 24.20 24.30 24.60 24.80 27.40 27.30 27.00 26.30 25.10 * 0
2018-02-01 14:40:06 23.90 24.40 24.10 24.60 23.40 23.40 23.30 23.40 24.20 24.20 24.10 24.20 24.30 24.10 24.00 24.30 23.10 23.20 23.20 23.70 27.00 24.10 23.40 23.30 23.80 23.80 24.50 28.00 27.10 26.90 26.10 25.10 * 0
2018-02-01 14:40:06 23.90 24.40 24.10 24.60 23.40 23.40 23.40 23.40 24.20 24.20 24.10 24.20 24.30 24.10 24.10 24.40 23.10 23.20 23.20 23.70 27.00 24.00 23.30 23.30 23.80 23.80 24.60 28.00 27.20 26.90 26.10 25.10 * 0
2018-02-01 14:40:06 23.90 24.40 24.10 24.60 23.40 23.40 23.40 23.40 24.10 24.10 24.00 24.20 24.20 24.00 24.10 24.30 23.30 23.30 23.20 23.80 27.00 23.90 23.30 23.30 23.70 23.70 24.50 28.00 27.10 27.00 26.70 25.40 * 0
2018-02-01 14:40:06 23.90 24.50 24.10 24.60 23.40 23.40 23.30 23.50 24.10 24.10 24.10 24.20 24.10 24.10 24.10 24.30 23.40 23.30 23.30 23.80 27.10 24.00 23.30 23.30 23.70 23.70 24.40 28.00 27.10 27.00 26.70 25.50 * 0
2018-02-01 14:40:07 24.00 24.40 24.00 24.60 23.40 23.40 23.30 23.50 24.20 24.10 24.10 24.20 24.20 24.10 24.00 24.40 23.30 23.30 23.30 23.90 27.10 24.00 23.40 23.40 23.80 23.70 24.30 28.10 27.10 27.00 26.70 25.70 * 0
2018-02-01 14:40:07 24.00 24.40 24.00 24.60 23.30 23.40 23.30 23.50 24.10 24.20 24.10 24.20 24.20 24.10 24.00 24.40 23.40 23.40 23.30 23.90 27.20 24.10 23.40 23.50 23.70 23.60 24.30 28.10 27.00 27.10 26.70 25.80 * 0
2018-02-01 14:40:07 24.00 24.40 24.00 24.60 23.40 23.40 23.30 23.40 24.10 24.00 24.00 24.10 24.10 24.00 24.00 24.20 23.40 23.50 23.40 23.90 27.30 24.10 23.50 23.50 23.60 23.70 24.20 28.10 27.00 27.10 26.70 25.90 * 0
2018-02-01 14:40:07 23.90 24.40 24.00 24.50 23.40 23.40 23.30 23.50 24.00 24.00 24.00 24.10 24.00 23.90 23.90 24.10 23.50 23.50 23.40 24.00 27.30 24.10 23.60 23.60 23.60 23.60 24.30 28.10 27.00 27.10 26.70 25.80 * 0
2018-02-01 14:40:08 23.90 24.50 24.00 24.60 23.40 23.30 23.30 23.40 24.10 24.10 24.00 24.20 24.10 24.10 24.10 24.20 23.40 23.50 23.40 24.00 27.30 24.10 23.50 23.60 23.70 23.60 24.30 28.10 27.10 27.10 26.70 25.80 * 0
2018-02-01 14:40:08 23.90 24.40 24.10 24.60 23.30 23.40 23.40 23.40 24.10 24.10 24.10 24.20 24.20 24.10 24.20 24.40 23.30 23.40 23.30 23.90 27.20 24.00 23.50 23.50 23.70 23.60 24.40 28.10 27.10 27.20 26.70 25.90 * 0
2018-02-01 14:40:08 23.90 24.40 24.10 24.60 23.30 23.40 23.30 23.40 24.20 24.20 24.10 24.20 24.30 24.10 24.10 24.40 23.20 23.30 23.20 23.90 27.20 23.90 23.40 23.40 23.70 23.70 24.40 28.20 27.10 27.20 26.80 25.90 * 0
2018-02-01 14:40:09 23.90 24.50 24.10 24.60 23.30 23.40 23.30 23.50 24.10 24.20 24.20 24.30 24.20 24.10 24.20 24.40 23.20 23.30 23.20 23.80 27.10 23.90 23.30 23.30 23.70 23.80 24.40 28.20 27.20 27.10 26.90 25.80 * 0
2018-02-01 14:40:09 23.90 24.40 24.00 24.60 23.30 23.30 23.30 23.50 24.10 24.10 24.10 24.20 24.20 24.10 24.00 24.30 23.20 23.30 23.20 23.80 27.20 23.90 23.40 23.30 23.80 23.80 24.70 28.10 27.20 27.10 27.10 25.50 * 0
2018-02-01 14:40:09 23.80 24.40 24.10 24.60 23.30 23.30 23.30 23.40 24.00 24.00 24.00 24.10 24.10 24.00 23.90 24.30 23.30 23.40 23.30 23.80 27.30 24.10 23.50 23.50 23.70 23.70 24.30 27.90 27.10 26.90 27.10 25.80 * 0
2018-02-01 14:40:09 23.80 24.30 24.10 24.60 23.30 23.30 23.30 23.30 24.10 24.10 24.10 24.20 24.20 24.10 24.10 24.30 23.20 23.40 23.40 23.80 27.20 24.20 23.90 24.40 24.70 24.90 25.10 27.70 27.20 27.30 27.40 26.30 * 0
2018-02-01 14:40:10 23.70 24.40 24.10 24.60 23.30 23.30 23.30 23.40 24.10 24.10 24.10 24.20 24.10 24.00 24.00 24.30 23.30 23.50 23.70 24.60 27.40 24.30 24.80 25.60 25.80 25.80 25.00 27.90 27.40 27.90 27.70 26.40 * 0
2018-02-01 14:40:10 23.70 24.40 24.00 24.60 23.30 23.30 23.30 23.40 24.00 24.10 24.00 24.10 24.20 24.00 24.00 24.30 23.30 23.50 23.70 24.80 26.90 24.90 25.20 25.70 26.10 25.10 24.20 28.20 27.60 27.70 27.50 25.80 * 0
2018-02-01 14:40:10 23.80 24.40 24.00 24.60 23.40 23.40 23.30 23.40 24.00 24.10 24.00 24.10 24.10 24.00 24.10 24.30 23.50 23.40 23.40 23.60 24.00 26.10 26.00 25.20 26.20 24.80 24.30 27.80 27.70 27.60 27.00 25.50 * 0
2018-02-01 14:40:10 23.80 24.30 24.10 24.70 23.40 23.50 23.40 23.50 24.00 24.00 24.10 24.10 24.10 24.00 24.00 24.20 23.30 23.40 23.40 23.60 24.20 26.10 25.80 24.70 25.60 24.20 24.30 27.30 28.10 27.70 26.50 25.70 * 0
2018-02-01 14:40:11 23.80 24.40 24.10 24.60 23.50 23.40 23.40 23.40 24.20 24.10 23.90 24.20 24.10 24.00 24.00 24.30 23.30 23.40 23.50 24.10 24.60 26.10 24.70 23.90 24.50 23.70 24.20 27.20 28.20 27.90 26.60 26.10 * 0
2018-02-01 14:40:11 23.80 24.30 24.00 24.60 23.40 23.40 23.30 23.40 24.10 24.10 24.00 24.20 24.10 24.10 24.10 24.40 23.30 23.30 23.40 24.10 24.70 26.10 23.80 23.50 24.10 23.70 24.60 27.30 28.20 28.10 26.80 26.40 * 0
2018-02-01 14:40:11 23.70 24.20 24.00 24.50 23.30 23.40 23.30 23.40 24.10 24.10 24.10 24.20 24.20 24.10 24.10 24.40 23.20 23.20 23.30 23.50 24.30 26.40 24.00 23.50 24.90 23.80 24.70 27.40 28.40 27.80 26.50 25.90 * 0
2018-02-01 14:40:11 23.70 24.30 24.00 24.50 23.40 23.40 23.30 23.50 24.10 24.10 24.20 24.20 24.20 24.10 24.10 24.50 23.10 23.00 23.20 23.30 23.60 25.80 24.80 23.90 25.20 24.50 25.10 27.60 28.20 27.30 26.10 25.30 * 0
2018-02-01 14:40:12 23.70 24.20 23.90 24.50 23.30 23.30 23.30 23.40 24.20 24.10 24.10 24.20 24.20 24.00 24.00 24.40 23.10 23.00 23.20 23.30 23.40 25.10 24.20 24.30 24.60 25.20 26.00 28.00 27.70 26.50 25.50 25.20 * 0
2018-02-01 14:40:12 23.70 24.20 23.90 24.50 23.30 23.30 23.30 23.40 24.30 24.10 24.00 24.10 24.00 24.00 24.00 24.30 23.20 23.10 23.20 23.40 23.50 25.10 23.50 25.00 24.20 25.90 27.10 27.20 26.50 25.90 25.40 25.70 * 0
2018-02-01 14:40:12 23.70 24.20 23.90 24.50 23.30 23.30 23.30 23.40 24.30 24.00 24.00 24.10 24.00 23.90 23.90 24.20 23.20 23.20 23.20 23.50 23.50 25.10 23.60 26.00 24.40 27.00 26.80 25.90 26.10 25.80 25.30 26.10 * 0
2018-02-01 14:40:12 23.70 24.20 23.90 24.50 23.30 23.30 23.40 23.50 24.50 24.10 24.00 24.10 24.10 23.90 23.90 24.20 23.20 23.30 23.30 23.50 23.60 25.10 23.70 26.50 24.50 27.30 26.40 26.70 25.80 25.00 25.00 25.80 * 0
2018-02-01 14:40:13 23.80 24.20 24.00 24.60 23.30 23.40 23.60 23.60 24.60 24.00 23.90 24.10 24.00 23.90 23.80 24.10 23.30 23.20 23.30 23.50 23.70 24.10 23.70 26.50 24.60 27.30 26.50 26.80 25.60 24.80 24.40 24.50 * 0
2018-02-01 14:40:13 23.80 24.30 24.00 24.60 23.30 23.40 23.70 23.60 24.60 23.90 23.80 24.00 23.90 23.80 23.70 24.00 23.20 23.30 23.30 23.50 23.80 24.00 23.80 26.50 24.60 27.20 26.60 26.70 25.50 24.70 23.90 23.50 * 0
2018-02-01 14:40:13 23.80 24.40 24.00 24.60 23.40 23.50 23.60 23.60 24.40 24.00 23.90 24.00 24.10 23.90 23.90 24.10 23.20 23.20 23.30 23.50 23.80 24.10 23.90 26.60 24.60 27.20 26.60 26.70 25.50 24.70 23.80 23.40 * 0
2018-02-01 14:40:13 23.80 24.30 24.00 24.50 23.30 23.60 23.50 23.40 24.50 24.00 24.00 24.10 24.10 23.90 23.90 24.20 23.20 23.20 23.20 23.50 23.80 24.10 23.90 26.60 24.60 27.20 26.40 26.90 25.40 24.70 23.90 23.40 * 0
2018-02-01 14:40:14 23.70 24.20 23.90 24.50 23.30 23.60 23.40 23.30 24.60 24.10 24.10 24.20 24.20 24.00 24.00 24.40 23.10 23.00 23.20 23.40 23.70 24.00 24.10 26.00 24.70 26.40 25.80 25.70 24.60 24.10 23.60 23.30 * 0
2018-02-01 14:40:14 23.70 24.20 23.90 24.40 23.30 23.70 23.30 23.30 24.60 24.20 24.20 24.20 24.30 24.10 24.10 24.40 23.10 23.00 23.10 23.40 23.70 24.00 24.90 25.60 25.40 26.00 26.00 24.90 23.80 23.60 23.30 23.20 * 0
2018-02-01 14:40:14 23.70 24.20 23.90 24.50 23.30 23.70 23.40 23.40 24.50 24.10 24.10 24.30 24.30 24.10 24.10 24.50 23.10 23.00 23.00 23.40 23.60 24.30 25.20 25.30 25.70 25.60 26.30 24.80 23.60 23.40 23.20 23.20 * 0
2018-02-01 14:40:15 23.70 24.20 23.90 24.50 23.30 23.70 23.40 23.50 24.70 24.10 24.10 24.40 24.30 24.10 24.10 24.50 23.10 23.10 23.10 23.40 23.70 24.50 25.40 24.90 25.80 25.10 26.40 24.90 23.70 23.40 23.20 23.20 * 0
2018-02-01 14:40:15 23.70 24.30 24.00 24.60 23.40 23.60 23.60 23.50 24.80 24.10 24.10 24.30 24.20 24.10 24.10 24.40 23.10 23.10 23.10 23.50 23.70 24.40 25.50 24.60 25.80 24.90 25.90 24.50 23.60 23.40 23.20 23.20 * 0
2018-02-01 14:40:15 23.80 24.30 24.00 24.60 23.40 23.60 23.70 23.50 24.70 23.90 23.90 24.10 24.00 23.90 23.90 24.20 23.20 23.30 23.20 23.50 23.60 24.60 25.30 24.20 25.60 24.50 23.70 23.60 23.40 23.40 23.30 23.30 * 0
2018-02-01 14:40:15 23.70 24.20 23.90 24.50 23.30 23.50 23.50 23.40 24.60 23.80 23.80 24.00 23.90 23.70 23.80 24.10 23.30 23.30 23.30 23.60 23.60 24.90 25.30 24.10 25.50 24.30 23.60 23.60 23.50 23.40 23.30 23.30 * 0
2018-02-01 14:40:16 23.70 24.20 23.90 24.50 23.20 23.50 23.50 23.30 24.60 23.80 23.90 24.00 23.90 23.80 23.80 24.00 23.20 23.30 23.30 23.50 23.60 24.90 25.30 23.90 25.50 24.10 23.50 23.60 23.50 23.40 23.30 23.30 * 0
2018-02-01 14:40:16 23.60 24.10 24.00 24.50 23.20 23.50 23.40 23.30 24.60 23.80 23.80 24.00 23.90 23.80 23.70 24.10 23.20 23.30 23.20 23.50 23.60 24.90 25.50 23.90 25.70 24.10 23.60 23.50 23.50 23.40 23.20 23.30 * 0
2018-02-01 14:40:16 23.60 24.10 23.90 24.40 23.30 23.60 23.40 23.30 24.70 24.00 23.90 24.10 24.00 23.80 23.80 24.10 23.20 23.20 23.20 23.50 23.60 24.70 25.70 23.90 25.70 24.30 23.60 23.60 23.50 23.40 23.30 23.30 * 0
2018-02-01 14:40:16 23.50 24.10 23.90 24.40 23.20 23.70 23.50 23.40 24.90 24.00 24.00 24.10 24.00 23.90 23.90 24.10 23.10 23.10 23.10 23.30 23.50 24.40 25.10 24.10 25.30 24.50 23.60 23.60 23.50 23.40 23.30 23.40 * 0
2018-02-01 14:40:17 23.70 24.20 23.90 24.40 23.30 23.60 23.60 23.40 24.90 24.00 24.00 24.10 24.10 23.90 23.90 24.20 23.10 23.00 23.10 23.30 23.50 24.30 24.80 24.10 25.10 24.60 23.50 23.60 23.50 23.40 23.30 23.30 * 0
2018-02-01 14:40:17 23.70 24.20 23.90 24.50 23.30 23.50 23.60 23.50 25.00 23.90 24.00 24.10 24.00 23.90 23.80 24.10 23.00 23.00 23.00 23.30 23.50 24.20 24.60 24.10 25.00 24.60 23.60 23.60 23.50 23.50 23.40 23.40 * 0
2018-02-01 14:40:17 23.70 24.20 23.90 24.50 23.30 23.50 23.70 23.60 25.10 24.00 24.00 24.10 24.00 23.90 23.90 24.20 23.00 23.00 23.00 23.40 23.40 24.30 24.60 24.10 25.10 24.60 23.60 23.60 23.50 23.50 23.30 23.50 * 0
2018-02-01 14:40:17 23.80 24.20 24.00 24.50 23.30 23.50 23.70 23.50 25.30 24.10 24.10 24.20 24.10 23.90 24.00 24.20 23.10 23.10 23.10 23.40 23.50 24.40 24.70 24.00 25.00 24.20 23.60 23.60 23.40 23.40 23.30 23.40 * 0
2018-02-01 14:40:18 23.70 24.30 23.90 24.40 23.30 23.40 23.90 23.40 25.40 24.10 24.00 24.20 24.10 23.90 24.00 24.20 23.00 23.10 23.10 23.30 23.40 24.10 24.50 23.60 25.00 24.00 23.60 23.50 23.40 23.40 23.30 23.40 * 0
2018-02-01 14:40:18 23.70 24.20 23.90 24.50 23.20 23.40 23.80 23.50 25.10 24.00 24.00 24.10 24.00 23.80 23.90 24.20 23.00 23.10 23.10 23.30 23.40 24.30 24.50 23.60 24.90 23.90 23.60 23.50 23.40 23.40 23.20 23.30 * 0
2018-02-01 14:40:18 23.70 24.20 23.90 24.50 23.30 23.50 23.70 23.40 25.10 23.90 23.90 24.10 24.00 23.80 23.80 24.20 23.10 23.10 23.10 23.40 23.40 24.40 24.40 23.60 24.80 23.90 23.60 23.50 23.40 23.40 23.20 23.30 * 0
2018-02-01 14:40:18 23.70 24.30 23.90 24.50 23.30 23.60 23.60 23.40 25.10 23.90 23.90 24.00 24.00 23.80 23.80 24.10 23.10 23.10 23.10 23.40 23.40 24.30 24.40 23.60 24.80 24.00 23.50 23.50 23.40 23.30 23.20 23.30 * 0
2018-02-01 14:40:19 23.60 24.20 23.80 24.50 23.30 23.60 23.60 23.40 25.10 24.00 23.90 24.10 24.00 24.00 23.90 24.20 23.20 23.10 23.10 23.40 23.50 24.30 24.60 23.80 24.90 24.20 23.50 23.50 23.40 23.30 23.20 23.20 * 0
2018-02-01 14:40:19 23.70 24.30 24.00 24.50 23.20 23.50 23.70 23.50 25.10 24.00 24.00 24.20 24.10 24.00 23.90 24.20 23.20 23.10 23.10 23.40 23.40 24.20 24.70 24.20 25.10 24.70 23.70 23.50 23.30 23.30 23.20 23.20 * 0
2018-02-01 14:40:19 23.70 24.30 23.90 24.60 23.30 23.60 23.70 23.50 25.10 24.10 24.10 24.10 24.10 24.00 24.00 24.30 23.20 23.10 23.10 23.40 23.40 24.20 25.00 24.40 25.30 24.80 24.00 23.40 23.40 23.30 23.20 23.30 * 0
2018-02-01 14:40:20 23.70 24.30 23.90 24.50 23.30 23.60 23.60 23.60 24.90 24.00 24.00 24.10 24.10 23.90 23.90 24.20 23.10 23.10 23.10 23.30 23.40 24.10 25.20 24.40 25.50 24.90 24.30 23.50 23.50 23.30 23.30 23.40 * 0
2018-02-01 14:40:20 23.70 24.30 23.90 24.50 23.30 23.60 23.60 23.50 24.90 24.00 24.00 24.10 24.10 23.90 23.90 24.20 23.00 23.10 23.00 23.20 23.30 24.00 25.30 24.50 25.70 25.00 24.30 23.60 23.40 23.40 23.40 23.40 * 0
