2018-02-01 14:45:16 23.70 24.20 23.90 24.30 23.20 23.20 23.20 23.30 23.90 24.00 24.00 24.10 24.10 24.00 24.00 24.30 23.10 23.10 23.10 23.20 23.30 23.20 23.10 23.10 23.40 23.40 23.40 23.50 23.30 23.30 23.30 23.20 * 0
2018-02-01 14:45:16 23.80 24.30 24.00 24.40 23.30 23.40 23.30 23.30 23.80 23.80 23.80 24.00 24.00 23.90 23.90 24.20 23.20 23.20 23.20 23.30 23.40 23.30 23.20 23.20 23.50 23.50 23.50 23.50 23.40 23.40 23.30 23.30 * 0
2018-02-01 14:45:17 24.00 24.40 24.10 24.60 23.50 23.50 23.50 23.50 23.80 23.80 23.80 24.00 24.00 23.80 23.90 24.10 23.20 23.20 23.10 23.30 23.40 23.30 23.20 23.20 23.40 23.40 23.50 23.50 23.30 23.30 23.30 23.30 * 0
2018-02-01 14:45:17 24.00 24.40 24.10 24.50 23.40 23.50 23.40 23.50 23.80 23.90 23.80 24.00 24.00 23.80 23.80 24.10 23.20 23.20 23.10 23.30 23.40 23.30 23.20 23.20 23.50 23.50 23.50 23.50 23.30 23.30 23.20 23.30 * 0
2018-02-01 14:45:17 23.80 24.40 24.00 24.40 23.30 23.40 23.30 23.40 23.80 23.90 23.80 24.10 24.00 23.80 23.80 24.10 23.20 23.10 23.20 23.40 23.50 23.30 23.20 23.20 23.60 23.50 23.60 23.60 23.40 23.40 23.30 23.40 * 0
2018-02-01 14:45:18 23.80 24.20 24.00 24.40 23.30 23.40 23.30 23.30 23.90 23.90 23.90 24.10 24.00 23.80 23.80 24.20 23.10 23.10 23.20 23.20 23.30 23.20 23.20 23.10 23.30 23.40 23.50 23.40 23.30 23.30 23.30 23.40 * 0
2018-02-01 14:45:18 23.80 24.20 24.00 24.40 23.30 23.30 23.20 23.30 23.80 23.80 23.90 24.00 24.00 23.80 23.90 24.20 23.10 23.10 23.10 23.20 23.30 23.20 23.20 23.10 23.40 23.40 23.50 23.40 23.40 23.30 23.30 23.40 * 0
2018-02-01 14:45:18 23.80 24.20 23.90 24.30 23.30 23.30 23.20 23.30 24.00 24.00 24.00 24.20 24.20 24.00 24.10 24.70 23.10 23.00 23.10 23.20 23.30 23.20 23.10 23.10 23.30 23.40 23.40 23.40 23.30 23.30 23.40 23.70 * 0
2018-02-01 14:45:18 23.80 24.20 23.90 24.30 23.20 23.30 23.30 23.30 24.00 24.00 24.00 24.20 24.10 24.00 24.10 25.30 23.10 23.10 23.10 23.20 23.30 23.30 23.10 23.10 23.30 23.30 23.30 23.30 23.40 23.60 24.30 24.20 * 0
2018-02-01 14:45:19 23.70 24.20 23.90 24.40 23.20 23.20 23.20 23.40 24.00 23.90 23.90 24.10 24.10 23.90 24.80 26.10 23.10 23.10 23.10 23.20 23.30 23.30 23.10 23.10 23.40 23.30 23.30 23.40 23.50 24.10 25.20 24.30 * 0
2018-02-01 14:45:19 23.80 24.20 24.00 24.40 23.30 23.30 23.30 23.40 24.00 24.00 24.00 24.10 24.10 24.50 26.10 26.60 23.20 23.20 23.10 23.20 23.40 23.30 23.20 23.20 23.60 23.80 24.10 24.10 23.90 24.50 25.40 24.30 * 0
2018-02-01 14:45:19 23.70 24.20 24.00 24.40 23.30 23.30 23.30 23.30 24.00 24.00 24.00 24.10 24.50 25.80 26.80 26.80 23.10 23.10 23.10 23.30 23.30 23.20 23.60 23.90 24.30 24.70 24.60 24.10 23.90 24.60 25.50 24.20 * 0
2018-02-01 14:45:19 23.60 24.20 24.00 24.30 23.20 23.30 23.20 23.30 24.10 24.60 25.50 26.40 26.80 26.10 25.50 24.70 23.10 23.10 23.10 23.20 23.40 23.30 24.20 24.70 25.00 25.20 24.40 23.60 23.80 24.80 25.10 24.00 * 0
2018-02-01 14:45:20 23.60 24.20 23.90 24.30 23.20 23.20 23.20 23.90 25.70 26.40 27.00 26.90 25.60 24.70 24.00 24.20 23.20 23.20 23.20 23.30 23.50 23.40 24.40 24.70 24.80 25.00 24.30 23.80 23.80 24.30 24.00 23.60 * 0
2018-02-01 14:45:20 23.70 24.10 24.00 24.30 23.20 24.90 26.30 26.40 27.30 27.00 26.70 25.70 24.20 24.00 23.90 24.30 23.30 23.30 23.40 23.60 24.70 23.80 24.40 24.90 24.90 25.10 24.10 23.60 23.50 23.40 23.40 23.40 * 0
2018-02-01 14:45:20 23.80 24.20 24.00 24.40 23.40 26.10 26.00 25.90 26.90 26.30 26.00 24.60 24.10 24.00 23.90 24.30 23.30 23.20 23.30 23.60 25.00 23.80 24.40 24.90 24.80 24.90 23.80 23.50 23.40 23.30 23.30 23.30 * 0
2018-02-01 14:45:20 23.70 24.20 24.00 24.40 24.60 26.10 25.60 25.60 26.40 26.10 24.90 24.20 24.10 24.00 24.00 24.30 23.30 23.20 23.20 23.60 25.00 23.80 24.30 24.20 24.40 24.00 23.50 23.30 23.20 23.20 23.10 23.20 * 0
2018-02-01 14:45:21 23.80 24.20 24.10 24.60 25.90 25.70 25.90 24.80 26.70 24.30 24.00 24.30 24.20 24.00 24.20 24.30 23.20 23.20 23.20 23.60 25.00 23.80 23.90 23.40 23.90 23.40 23.30 23.30 23.20 23.20 23.10 23.10 * 0
2018-02-01 14:45:21 23.90 24.40 24.10 24.80 26.20 25.80 26.20 24.20 26.70 24.10 24.00 24.20 24.20 24.00 24.10 24.30 23.10 23.10 23.10 23.50 25.00 23.80 23.50 23.20 23.70 23.40 23.40 23.30 23.30 23.20 23.20 23.10 * 0
2018-02-01 14:45:21 23.80 24.20 24.00 24.50 25.70 25.80 26.00 23.90 26.70 24.10 24.00 24.10 24.10 24.00 24.00 24.30 23.10 23.20 23.10 23.40 24.70 24.20 23.40 23.10 23.60 23.40 23.40 23.40 23.30 23.20 23.20 23.20 * 0
2018-02-01 14:45:21 23.70 24.20 24.00 24.40 24.90 26.00 25.90 24.00 26.50 24.10 24.00 24.00 24.10 24.00 23.90 24.20 23.10 23.10 23.10 23.30 24.00 24.10 23.40 23.20 23.60 23.40 23.40 23.40 23.30 23.20 23.20 23.20 * 0
2018-02-01 14:45:22 23.70 24.20 24.00 24.40 24.10 26.30 25.90 24.10 26.60 24.30 24.10 24.10 24.20 24.10 24.00 24.40 23.10 23.20 23.10 23.30 23.60 24.20 23.40 23.20 23.70 23.40 23.50 23.40 23.30 23.30 23.20 23.20 * 0
2018-02-01 14:45:22 23.70 24.20 23.90 24.40 23.60 26.30 25.90 24.20 26.60 24.50 24.00 24.10 24.20 24.10 24.00 24.40 23.10 23.10 23.10 23.30 23.50 24.10 23.40 23.10 23.70 23.60 23.60 23.50 23.40 23.30 23.30 23.30 * 0
2018-02-01 14:45:22 23.70 24.10 23.80 24.30 23.30 26.00 25.90 24.10 26.60 24.30 24.10 24.10 24.20 24.00 23.90 24.30 23.20 23.20 23.20 23.30 23.40 24.00 23.40 23.20 23.80 23.70 23.60 23.50 23.50 23.40 23.40 23.40 * 0
2018-02-01 14:45:23 23.70 24.20 23.90 24.40 23.40 26.30 26.00 23.90 26.70 24.10 24.20 24.10 24.10 23.90 24.00 24.30 23.20 23.20 23.20 23.30 23.50 24.10 23.50 23.30 23.80 23.60 23.60 23.60 23.40 23.30 23.40 23.40 * 0
2018-02-01 14:45:23 23.80 24.30 24.00 24.40 23.40 26.60 25.90 23.80 26.60 24.00 24.00 24.10 24.10 23.90 23.90 24.20 23.10 23.20 23.10 23.30 23.40 24.10 23.40 23.20 23.80 23.60 23.50 23.50 23.30 23.20 23.30 23.30 * 0
2018-02-01 14:45:23 23.80 24.30 24.10 24.50 23.50 26.60 25.70 23.80 26.30 23.80 23.90 24.00 24.00 23.80 23.80 24.20 23.10 23.20 23.20 23.20 23.40 24.10 23.40 23.20 23.70 23.60 23.40 23.40 23.30 23.30 23.30 23.30 * 0
2018-02-01 14:45:23 23.80 24.30 24.10 24.40 23.40 26.40 25.50 23.80 25.90 23.80 23.70 23.90 23.80 23.60 23.60 24.00 23.20 23.10 23.20 23.20 23.40 23.90 23.30 23.20 23.70 23.60 23.50 23.50 23.30 23.30 23.40 23.30 * 0
2018-02-01 14:45:24 23.70 24.30 24.10 24.40 23.50 26.30 25.60 24.10 26.00 23.90 23.70 23.90 23.80 23.70 23.70 24.00 23.20 23.10 23.20 23.30 23.40 23.80 23.30 23.20 23.60 23.60 23.50 23.50 23.40 23.40 23.40 23.30 * 0
2018-02-01 14:45:24 23.90 24.30 24.10 24.50 23.50 26.20 25.60 23.90 26.00 23.90 23.80 24.00 23.90 23.70 23.70 24.00 23.20 23.20 23.10 23.30 23.50 24.00 23.40 23.20 23.70 23.60 23.50 23.50 23.50 23.40 23.40 23.30 * 0
2018-02-01 14:45:24 23.80 24.30 24.00 24.40 23.40 26.10 25.30 23.80 25.80 23.90 23.80 23.90 23.90 23.80 23.70 24.00 23.20 23.20 23.10 23.30 23.50 24.00 23.30 23.20 23.80 23.60 23.50 23.60 23.50 23.40 23.40 23.40 * 0
2018-02-01 14:45:24 23.50 24.10 23.80 24.30 23.40 26.10 24.90 23.50 25.60 23.90 23.80 24.00 23.90 23.80 23.80 24.10 23.20 23.20 23.10 23.30 23.40 23.80 23.30 23.20 23.80 23.70 23.60 23.60 23.60 23.50 23.50 23.40 * 0
2018-02-01 14:45:25 23.50 24.10 23.80 24.20 23.60 26.20 24.60 23.30 25.10 24.00 23.90 24.10 24.10 23.90 24.00 24.20 23.10 23.10 23.00 23.30 23.40 23.80 23.20 23.10 23.80 23.70 23.60 23.60 23.60 23.50 23.50 23.50 * 0
2018-02-01 14:45:25 23.60 24.10 23.70 24.20 23.70 26.30 24.20 23.30 24.70 24.00 24.00 24.10 24.10 23.90 23.90 24.30 23.10 23.10 23.10 23.20 23.30 23.70 23.20 23.10 23.70 23.70 23.60 23.60 23.60 23.50 23.50 23.50 * 0
2018-02-01 14:45:25 23.70 24.30 24.00 24.40 23.70 26.20 23.70 23.50 24.30 24.00 24.00 24.10 24.10 23.90 23.90 24.20 23.00 23.00 23.10 23.20 23.50 23.50 23.10 23.10 23.60 23.60 23.50 23.50 23.40 23.40 23.30 23.30 * 0
2018-02-01 14:45:25 23.80 24.30 24.00 24.50 23.80 26.20 23.50 23.40 24.10 24.00 23.90 24.10 24.00 23.90 23.90 24.20 23.10 23.10 23.10 23.20 23.50 23.50 23.20 23.10 23.60 23.50 23.40 23.40 23.40 23.30 23.30 23.30 * 0
2018-02-01 14:45:26 23.80 24.30 24.00 24.40 23.70 25.90 23.50 23.40 24.30 24.00 24.00 24.20 24.10 24.00 24.00 24.30 23.20 23.20 23.10 23.30 23.50 23.60 23.30 23.20 23.50 23.50 23.40 23.40 23.30 23.30 23.20 23.20 * 0
2018-02-01 14:45:26 23.80 24.30 24.00 24.40 23.70 25.70 23.50 23.50 24.30 23.90 24.00 24.10 24.00 23.90 24.00 24.20 23.20 23.20 23.20 23.30 23.60 23.60 23.30 23.20 23.50 23.60 23.40 23.50 23.30 23.30 23.20 23.20 * 0
2018-02-01 14:45:26 23.80 24.30 24.00 24.40 23.90 26.00 23.70 23.50 24.60 23.90 23.90 24.10 24.00 23.80 23.90 24.10 23.20 23.20 23.30 23.30 23.80 23.60 23.40 23.30 23.50 23.50 23.40 23.50 23.40 23.30 23.30 23.20 * 0
2018-02-01 14:45:26 23.80 24.30 24.00 24.40 24.30 26.00 24.20 23.50 24.70 24.00 23.90 24.00 23.90 23.80 23.90 24.20 23.20 23.20 23.20 23.30 23.70 23.50 23.20 23.30 23.50 23.50 23.50 23.40 23.40 23.30 23.30 23.30 * 0
2018-02-01 14:45:27 23.70 24.30 24.00 24.40 24.60 25.80 24.20 23.40 24.70 24.00 24.00 24.00 24.00 23.90 24.00 24.20 23.20 23.20 23.20 23.30 23.60 23.50 23.20 23.20 23.60 23.60 23.60 23.50 23.40 23.40 23.40 23.40 * 0
2018-02-01 14:45:27 23.70 24.30 23.90 24.40 24.90 25.80 24.20 23.40 24.60 24.00 23.90 24.00 24.00 23.80 23.90 24.20 23.20 23.20 23.20 23.30 23.70 23.60 23.20 23.20 23.80 23.70 23.60 23.60 23.50 23.50 23.40 23.50 * 0
2018-02-01 14:45:27 23.80 24.30 23.90 24.40 25.00 25.90 24.00 23.50 24.30 23.90 23.90 24.00 24.00 23.80 23.80 24.20 23.10 23.20 23.20 23.30 23.70 23.60 23.20 23.20 23.70 23.70 23.70 23.60 23.50 23.50 23.40 23.50 * 0
2018-02-01 14:45:27 23.70 24.20 23.90 24.40 25.00 25.90 23.70 23.50 24.20 23.80 23.80 24.00 23.90 23.80 23.80 24.00 23.10 23.10 23.10 23.30 23.60 23.60 23.10 23.10 23.70 23.60 23.70 23.50 23.50 23.50 23.40 23.50 * 0
2018-02-01 14:45:28 23.80 24.40 24.00 24.50 25.00 26.00 24.10 23.60 24.40 23.80 23.70 23.90 23.80 23.70 23.70 24.00 23.10 23.20 23.10 23.20 23.70 23.60 23.20 23.20 23.70 23.60 23.50 23.60 23.50 23.40 23.40 23.40 * 0
2018-02-01 14:45:28 23.80 24.40 24.00 24.50 24.90 26.00 24.60 23.70 24.80 23.80 23.80 24.00 23.90 23.80 23.70 24.10 23.10 23.20 23.10 23.30 23.70 23.70 23.20 23.20 23.70 23.70 23.60 23.60 23.50 23.40 23.40 23.40 * 0
2018-02-01 14:45:28 23.90 24.40 24.10 24.50 24.60 26.10 24.70 23.70 25.00 23.90 23.80 24.10 23.90 23.90 23.80 24.10 23.10 23.10 23.10 23.30 23.80 23.70 23.20 23.20 23.60 23.70 23.60 23.60 23.50 23.40 23.40 23.40 * 0
2018-02-01 14:45:29 23.70 24.20 24.00 24.30 23.90 26.00 24.70 23.70 25.60 23.90 23.90 24.00 24.00 23.80 23.80 24.10 23.10 23.00 23.10 23.20 23.60 23.80 23.20 23.10 23.80 23.70 23.50 23.60 23.60 23.40 23.40 23.40 * 0
2018-02-01 14:45:29 23.70 24.20 23.90 24.30 23.50 25.90 25.10 23.70 25.80 24.00 23.90 24.00 24.00 23.80 23.80 24.10 23.10 23.00 23.10 23.10 23.40 23.80 23.40 23.10 24.10 23.70 23.60 23.60 23.60 23.50 23.40 23.50 * 0
2018-02-01 14:45:29 23.80 24.20 23.90 24.40 23.30 24.90 25.60 23.90 26.10 24.10 24.00 24.00 24.00 23.90 23.80 24.20 23.10 23.10 23.20 23.30 23.40 23.80 23.80 23.30 24.10 23.70 23.50 23.60 23.50 23.30 23.30 23.30 * 0
2018-02-01 14:45:29 23.80 24.20 23.90 24.40 23.30 24.00 25.60 24.50 26.20 24.80 24.10 24.10 24.00 23.90 23.90 24.30 23.20 23.10 23.10 23.30 23.40 23.80 23.90 23.40 24.10 23.60 23.40 23.50 23.40 23.20 23.30 23.20 * 0
2018-02-01 14:45:30 23.70 24.20 23.90 24.30 23.30 23.40 25.50 25.00 26.10 25.80 24.30 24.10 24.10 23.90 24.00 24.30 23.20 23.10 23.10 23.30 23.40 23.60 23.90 23.40 24.00 23.60 23.30 23.40 23.30 23.20 23.20 23.10 * 0
2018-02-01 14:45:30 23.70 24.20 23.90 24.30 23.30 23.40 25.40 25.30 26.10 26.00 24.60 24.10 24.10 23.90 24.00 24.20 23.20 23.20 23.10 23.30 23.40 23.40 23.90 23.40 24.00 23.60 23.40 23.40 23.30 23.30 23.20 23.20 * 0
2018-02-01 14:45:30 23.70 24.20 23.90 24.30 23.30 23.30 25.40 25.30 26.10 26.00 25.10 24.20 24.10 24.00 24.00 24.20 23.20 23.20 23.10 23.30 23.40 23.30 23.80 23.40 24.10 23.70 23.50 23.40 23.40 23.30 23.30 23.20 * 0
2018-02-01 14:45:30 23.70 24.20 23.90 24.30 23.40 23.40 25.30 25.40 26.00 26.10 25.60 24.20 24.10 24.00 24.00 24.20 23.20 23.20 23.20 23.30 23.40 23.40 23.90 23.50 24.10 23.80 24.20 23.50 23.40 23.30 23.30 23.30 * 0
2018-02-01 14:45:31 23.80 24.30 24.00 24.50 23.50 23.40 25.00 25.40 25.80 26.10 26.00 24.30 24.10 24.00 24.00 24.30 23.20 23.20 23.20 23.30 23.40 23.40 23.90 23.50 24.00 23.70 24.50 23.50 23.40 23.30 23.30 23.20 * 0
2018-02-01 14:45:31 23.80 24.30 24.00 24.50 23.40 23.50 24.50 25.40 24.90 26.20 26.10 25.70 24.30 24.00 24.00 24.30 23.10 23.20 23.10 23.30 23.40 23.30 23.70 23.50 23.90 23.70 24.80 23.50 23.30 23.20 23.20 23.20 * 0
2018-02-01 14:45:31 23.80 24.30 24.00 24.50 23.40 23.50 23.80 25.50 24.40 26.00 26.20 26.00 24.70 24.00 24.10 24.30 23.10 23.10 23.10 23.30 23.40 23.30 23.70 23.40 23.90 24.00 24.80 23.60 23.30 23.20 23.20 23.20 * 0
2018-02-01 14:45:31 23.80 24.30 24.10 24.40 23.30 23.40 23.40 24.30 24.20 25.20 26.60 26.00 25.00 24.00 24.00 24.30 23.10 23.20 23.10 23.30 23.30 23.20 23.20 23.40 23.90 24.00 24.90 24.20 24.00 23.60 23.50 23.40 * 0
2018-02-01 14:45:32 23.80 24.30 24.00 24.50 23.30 23.40 23.30 23.60 24.10 24.50 27.00 26.30 25.40 24.10 24.00 24.40 23.10 23.10 23.10 23.20 23.30 23.20 23.10 23.20 23.80 23.80 25.00 24.10 25.00 24.80 23.90 23.60 * 0
2018-02-01 14:45:32 23.70 24.30 23.90 24.40 23.30 23.30 23.20 23.40 24.00 24.20 26.80 26.70 25.90 24.40 24.00 24.30 23.10 23.10 23.10 23.20 23.30 23.30 23.20 23.20 23.80 23.80 25.00 24.20 25.00 24.70 23.60 23.60 * 0
