2018-02-01 14:29:32 23.70 24.20 24.20 26.10 23.40 24.10 24.20 23.50 25.30 23.70 23.70 23.80 23.70 23.60 23.60 23.90 23.00 23.00 23.00 23.30 25.10 24.90 23.20 23.00 23.40 23.20 23.20 23.20 23.10 23.00 23.10 23.00 * 0
2018-02-01 14:29:32 23.60 24.10 24.20 26.00 23.30 23.90 24.40 23.50 25.70 23.80 23.80 23.90 23.90 23.70 23.70 24.00 23.00 23.10 23.00 23.40 25.20 25.10 23.30 23.10 23.50 23.20 23.20 23.20 23.10 23.00 23.00 22.90 * 0
2018-02-01 14:29:32 23.50 24.10 24.10 26.00 23.20 23.70 24.50 23.30 25.90 23.90 23.90 24.00 23.90 23.80 23.80 24.10 23.00 23.20 23.10 23.40 25.20 25.10 23.40 23.20 23.60 23.30 23.30 23.30 23.20 23.10 23.10 23.10 * 0
2018-02-01 14:29:32 23.50 24.10 24.10 26.00 23.20 23.50 24.50 23.40 25.60 23.90 23.80 24.00 24.00 23.70 23.80 24.00 23.00 23.20 23.10 23.30 25.20 24.80 23.50 23.80 23.80 23.90 23.40 23.40 23.30 23.20 23.20 23.10 * 0
2018-02-01 14:29:33 23.70 24.10 24.20 26.00 23.20 23.40 24.00 23.50 24.80 24.10 23.80 24.00 23.90 23.70 23.80 24.00 23.00 23.20 23.10 23.30 25.10 24.90 23.40 24.20 23.70 24.70 23.30 23.20 23.20 23.10 23.10 23.00 * 0
2018-02-01 14:29:33 23.70 24.20 24.20 26.00 23.30 23.30 23.50 23.60 24.20 24.30 23.80 23.90 23.90 23.60 23.70 24.10 23.00 23.10 23.00 23.20 24.80 24.80 23.40 24.20 23.70 24.70 23.30 23.20 23.20 23.10 23.10 23.00 * 0
2018-02-01 14:29:33 23.90 24.30 24.40 26.20 23.40 23.50 23.50 23.70 24.10 24.40 23.80 23.80 23.80 23.60 23.70 24.00 23.00 23.00 22.90 23.10 24.40 24.90 23.30 24.20 23.80 24.80 23.40 23.30 23.20 23.20 23.20 23.10 * 0
2018-02-01 14:29:33 23.80 24.30 24.40 26.20 23.40 23.50 23.40 23.80 23.90 24.50 23.70 23.80 23.70 23.60 23.60 23.90 22.90 22.90 22.90 23.00 24.40 25.00 23.30 24.20 23.80 24.90 23.40 23.40 23.30 23.20 23.20 23.10 * 0
2018-02-01 14:29:34 23.80 24.30 24.40 26.10 23.40 23.50 23.40 23.90 23.90 24.50 23.70 23.80 23.70 23.70 23.60 23.90 23.10 23.10 23.00 23.20 24.70 25.20 24.50 24.40 24.50 24.90 23.40 23.40 23.30 23.20 23.30 23.20 * 0
2018-02-01 14:29:34 23.70 24.30 24.30 26.10 23.30 23.40 23.30 23.70 23.90 24.20 23.80 23.80 23.70 23.60 23.70 23.90 23.10 23.10 23.00 23.10 24.90 25.20 24.70 24.70 24.70 25.40 23.50 23.30 23.30 23.20 23.20 23.20 * 0
2018-02-01 14:29:34 23.60 24.20 24.20 26.00 23.30 23.30 23.20 23.40 23.70 24.00 23.90 23.80 23.80 23.60 23.60 23.90 23.10 23.10 23.00 23.20 24.90 25.70 24.60 24.80 25.10 25.40 23.50 23.30 23.40 23.20 23.20 23.20 * 0
2018-02-01 14:29:34 23.50 24.00 24.20 25.90 23.20 23.20 23.10 23.40 23.80 24.00 24.30 23.90 23.80 23.70 23.70 24.00 23.20 23.10 23.10 23.20 25.00 25.90 25.00 24.90 25.60 25.40 23.40 23.30 23.30 23.10 23.10 23.10 * 0
2018-02-01 14:29:35 23.50 24.00 24.10 25.80 23.20 23.10 23.10 23.30 24.00 24.00 24.80 24.10 23.90 23.70 23.70 24.10 23.20 23.10 23.00 23.30 25.00 25.90 25.40 25.00 25.90 25.50 23.40 23.30 23.30 23.10 23.20 23.10 * 0
2018-02-01 14:29:35 23.60 24.10 24.10 25.90 23.20 23.20 23.20 23.30 24.10 24.10 25.00 24.10 24.00 23.80 23.80 24.10 23.10 23.00 23.00 23.20 24.70 25.80 25.60 24.80 25.90 24.80 23.90 23.60 23.20 23.10 23.10 23.00 * 0
2018-02-01 14:29:35 23.70 24.20 24.20 26.00 23.20 23.30 23.20 23.40 24.00 24.00 24.70 24.10 24.00 23.80 23.80 24.10 23.00 22.90 22.90 23.10 24.50 25.90 25.60 24.30 25.80 24.30 23.90 24.60 23.40 23.10 23.10 23.00 * 0
2018-02-01 14:29:36 23.80 24.20 24.30 26.00 23.30 23.40 23.20 23.40 23.90 24.00 24.20 24.10 23.90 23.80 23.80 24.10 23.00 22.90 22.90 23.10 24.10 25.80 25.70 24.10 25.80 24.20 23.50 25.50 23.60 23.10 23.10 23.10 * 0
2018-02-01 14:29:36 23.70 24.20 24.20 26.00 23.30 23.30 23.20 23.40 23.90 23.90 23.90 24.10 23.90 23.80 23.80 24.00 22.90 22.90 22.90 23.10 23.60 25.80 25.80 24.00 25.90 24.20 23.60 25.60 23.60 23.20 23.10 23.10 * 0
2018-02-01 14:29:36 23.60 24.20 24.20 26.00 23.30 23.30 23.20 23.40 23.80 23.80 23.90 24.10 23.90 23.80 23.80 24.00 23.00 23.00 22.90 23.20 23.40 24.90 25.80 24.10 26.00 24.30 23.50 25.60 23.60 23.20 23.20 23.00 * 0
2018-02-01 14:29:36 23.60 24.10 24.10 25.90 23.30 23.20 23.20 23.30 23.70 23.80 23.80 24.00 23.90 23.80 23.70 24.00 23.10 23.10 23.00 23.20 23.50 24.80 26.00 24.30 26.40 25.00 23.70 25.80 23.70 23.40 23.30 23.20 * 0
2018-02-01 14:29:37 23.60 24.20 24.10 25.90 23.20 23.30 23.20 23.30 23.70 23.70 23.70 23.90 23.90 23.70 23.60 24.00 23.20 23.10 23.10 23.20 23.60 25.10 26.00 24.70 26.30 24.80 24.60 26.20 23.80 23.30 23.30 23.20 * 0
2018-02-01 14:29:37 23.50 24.00 24.10 25.90 23.10 23.20 23.10 23.20 23.60 23.70 23.70 23.90 23.90 23.70 23.60 24.00 23.20 23.20 23.10 23.30 23.60 25.20 25.90 24.30 26.20 23.90 24.50 26.30 24.30 23.30 23.20 23.20 * 0
2018-02-01 14:29:37 23.50 24.10 24.10 25.90 23.10 23.20 23.10 23.30 23.70 23.70 23.70 23.90 23.90 23.70 23.70 23.90 23.10 23.20 23.10 23.20 23.50 25.20 25.90 23.60 26.30 23.80 23.60 26.00 24.60 23.40 23.20 23.20 * 0
2018-02-01 14:29:37 23.60 24.20 24.10 25.90 23.20 23.20 23.20 23.30 23.80 23.80 23.80 23.90 23.90 23.70 23.80 24.00 23.00 23.10 23.00 23.20 23.50 25.40 26.30 24.60 26.50 24.40 23.60 26.00 24.30 23.40 23.20 23.20 * 0
2018-02-01 14:29:38 23.60 24.30 24.20 25.90 23.30 23.30 23.30 23.30 23.80 23.80 23.90 24.00 24.00 23.80 23.80 24.00 23.00 23.10 22.90 23.20 23.50 25.40 26.20 25.40 26.50 26.20 23.60 25.90 24.30 23.20 23.10 23.00 * 0
2018-02-01 14:29:38 23.70 24.30 24.20 26.00 23.30 23.30 23.30 23.30 23.90 23.90 24.00 24.10 24.00 23.80 23.80 24.10 23.00 23.00 23.00 23.10 23.50 25.30 26.30 25.80 26.60 26.60 23.60 25.90 24.40 23.20 23.10 23.10 * 0
2018-02-01 14:29:38 23.60 24.20 24.20 26.00 23.30 23.20 23.20 23.40 23.90 23.90 23.90 24.10 24.00 23.90 23.70 24.10 23.00 23.00 23.00 23.10 23.40 25.30 26.30 26.00 26.70 26.80 23.70 25.90 24.60 23.30 23.20 23.20 * 0
2018-02-01 14:29:38 23.60 24.20 24.20 25.90 23.30 23.20 23.20 23.30 23.80 23.80 23.80 24.10 23.90 23.90 23.80 24.00 23.00 23.00 22.90 23.10 23.40 25.30 26.30 26.10 26.80 26.80 23.70 25.80 25.50 23.70 23.30 23.20 * 0
2018-02-01 14:29:39 23.50 24.10 24.10 25.80 23.20 23.20 23.20 23.20 23.80 23.80 23.80 24.10 24.00 23.90 23.80 24.10 23.10 23.20 23.20 23.30 23.60 25.50 26.50 26.30 26.70 26.90 23.80 25.70 25.60 24.80 23.70 23.30 * 0
2018-02-01 14:29:39 23.50 24.10 24.10 25.80 23.20 23.20 23.20 23.10 23.80 23.80 23.80 23.90 24.00 23.80 23.80 24.10 23.10 23.10 23.10 23.30 23.60 25.20 26.40 26.30 26.80 27.00 23.70 25.60 24.60 24.90 24.90 23.60 * 0
2018-02-01 14:29:39 23.50 24.10 24.10 25.80 23.10 23.20 23.10 23.20 23.80 23.70 23.70 23.90 23.90 23.80 23.70 24.00 23.10 23.00 23.10 23.20 23.40 24.60 26.20 26.30 26.60 27.00 23.80 25.50 24.60 25.00 24.60 23.50 * 0
2018-02-01 14:29:39 23.50 24.10 24.00 25.90 23.20 23.20 23.10 23.20 23.80 23.80 23.80 23.90 24.00 23.80 23.80 24.00 23.10 23.00 23.10 23.10 23.40 24.00 26.00 26.30 26.30 27.10 23.80 25.40 24.60 24.90 24.60 23.50 * 0
2018-02-01 14:29:40 23.60 24.30 24.20 25.90 23.30 23.30 23.20 23.30 23.70 23.60 23.80 23.90 23.80 23.70 23.70 24.00 23.10 23.00 23.00 23.10 23.30 23.70 25.60 26.30 25.90 27.00 23.80 25.30 24.70 24.80 24.70 23.50 * 0
2018-02-01 14:29:40 23.70 24.30 24.20 25.90 23.40 23.40 23.30 23.40 23.80 23.70 23.80 23.90 23.90 23.70 23.70 23.90 22.90 23.00 23.00 23.10 23.20 23.40 24.60 25.90 25.30 26.80 24.40 25.30 24.70 24.60 24.70 23.50 * 0
2018-02-01 14:29:40 23.70 24.20 24.20 25.90 23.30 23.30 23.30 23.40 23.80 23.80 23.90 24.00 23.90 23.80 23.80 24.00 23.00 23.00 23.00 23.10 23.30 23.50 24.80 26.20 25.50 26.90 25.40 24.70 25.30 24.90 24.80 23.40 * 0
2018-02-01 14:29:41 23.60 24.20 24.20 25.90 23.20 23.20 23.20 23.30 23.90 23.80 23.90 24.00 23.90 23.80 23.80 24.00 23.10 23.00 23.00 23.20 23.30 23.60 25.00 26.30 25.60 26.90 25.30 23.90 24.80 25.10 25.30 24.10 * 0
2018-02-01 14:29:41 23.60 24.10 24.10 25.80 23.20 23.20 23.10 23.20 23.90 23.80 23.80 24.00 24.00 23.80 23.80 24.00 23.00 23.00 23.00 23.20 23.30 23.50 25.20 26.30 25.70 26.90 25.50 23.60 23.60 24.40 25.40 25.40 * 0
2018-02-01 14:29:41 23.50 24.10 24.00 25.80 23.20 23.20 23.00 23.10 23.90 23.80 23.80 24.00 24.00 23.80 23.80 24.20 23.10 23.10 23.00 23.20 23.30 23.50 25.30 26.40 25.90 27.00 26.60 24.20 23.50 24.00 24.90 26.00 * 0
2018-02-01 14:29:41 23.60 24.20 24.10 25.80 23.20 23.20 23.10 23.20 23.80 23.70 23.80 23.90 23.90 23.80 23.80 24.10 23.10 23.20 23.10 23.20 23.40 23.60 25.50 26.50 25.90 27.10 27.10 27.50 23.70 24.00 24.90 26.00 * 0
2018-02-01 14:29:42 23.60 24.20 24.10 25.90 23.20 23.20 23.20 23.30 23.80 23.70 23.80 23.90 23.90 23.80 23.90 24.10 23.10 23.10 23.10 23.10 23.40 23.60 25.40 26.50 25.80 27.00 27.20 27.80 23.70 24.00 24.90 26.00 * 0
2018-02-01 14:29:42 23.70 24.20 24.20 26.00 23.30 23.30 23.20 23.40 23.80 23.80 23.80 24.10 24.00 23.90 23.90 24.10 23.10 23.10 23.10 23.20 23.40 23.70 25.30 26.50 25.70 27.10 27.40 27.90 23.70 23.90 25.20 26.00 * 0
2018-02-01 14:29:42 23.70 24.30 24.20 25.90 23.30 23.30 23.20 23.20 23.70 23.80 23.70 24.00 24.00 23.80 23.80 24.20 23.10 23.10 23.10 23.30 23.40 23.60 25.10 26.40 25.60 27.10 27.50 28.00 23.80 23.70 24.50 26.20 * 0
2018-02-01 14:29:42 23.70 24.30 24.20 25.90 23.30 23.30 23.20 23.30 23.60 23.80 23.80 23.90 23.90 23.80 23.80 24.10 23.00 23.00 22.90 23.10 23.30 23.20 24.10 25.90 25.10 26.90 27.50 27.90 23.90 23.50 23.50 26.20 * 0
2018-02-01 14:29:43 23.70 24.30 24.20 25.90 23.30 23.30 23.20 23.30 23.70 23.70 23.80 23.90 23.90 23.80 23.80 24.10 23.00 22.90 22.90 23.10 23.20 23.20 23.60 25.30 24.10 25.50 27.10 27.70 23.90 23.40 23.30 26.10 * 0
2018-02-01 14:29:43 23.70 24.30 24.20 25.90 23.20 23.30 23.20 23.30 23.80 23.70 23.90 24.00 23.90 23.80 23.90 24.10 23.10 23.00 22.90 23.10 23.20 23.20 23.40 24.50 23.80 24.90 26.60 27.40 24.90 23.40 23.40 26.00 * 0
2018-02-01 14:29:43 23.60 24.20 24.10 25.80 23.20 23.20 23.20 23.20 23.80 23.80 23.80 24.00 23.90 23.90 23.90 24.10 23.10 23.00 22.90 23.10 23.30 23.20 23.30 24.30 23.60 24.80 26.00 27.50 26.40 23.50 23.40 25.90 * 0
2018-02-01 14:29:43 23.50 24.10 24.00 25.80 23.10 23.20 23.10 23.10 23.80 23.90 23.90 24.00 24.00 23.90 23.90 24.10 23.10 23.00 23.00 23.10 23.30 23.20 23.30 24.30 23.60 24.90 25.90 27.60 27.10 23.60 23.40 26.00 * 0
2018-02-01 14:29:44 23.60 24.20 24.10 25.80 23.20 23.20 23.20 23.20 23.80 23.90 23.90 24.00 24.00 23.80 23.90 24.10 23.20 23.10 23.10 23.20 23.40 23.30 23.30 24.40 23.60 24.90 25.90 27.70 27.10 23.60 23.40 26.10 * 0
2018-02-01 14:29:44 23.60 24.10 24.10 25.80 23.10 23.10 23.00 23.20 23.70 23.80 23.80 24.00 24.00 23.80 23.80 24.10 23.20 23.20 23.10 23.30 23.40 23.40 23.40 24.40 23.90 25.10 26.10 27.90 27.30 23.70 23.60 25.50 * 0
2018-02-01 14:29:44 23.50 24.00 24.00 25.70 23.10 23.10 22.90 23.10 23.70 23.70 23.70 23.90 23.90 23.70 23.80 24.00 23.20 23.20 23.00 23.20 23.40 23.30 23.40 24.50 23.90 25.00 26.10 27.90 27.30 23.70 23.50 24.30 * 0
2018-02-01 14:29:44 23.60 24.00 24.10 25.80 23.20 23.10 23.00 23.20 23.70 23.60 23.70 23.90 23.90 23.70 23.80 24.00 23.20 23.20 23.00 23.20 23.40 23.30 23.40 24.50 23.90 25.10 26.20 27.90 27.40 23.70 23.50 23.90 * 0
2018-02-01 14:29:45 23.60 24.20 24.20 25.80 23.20 23.20 23.10 23.20 23.70 23.70 23.70 23.90 23.80 23.70 23.70 24.00 23.10 23.10 23.00 23.20 23.30 23.20 23.30 24.40 23.90 25.10 26.30 27.90 27.40 23.70 23.50 24.00 * 0
2018-02-01 14:29:45 23.70 24.20 24.20 25.90 23.20 23.20 23.20 23.30 23.80 23.70 23.70 23.90 23.90 23.70 23.80 24.00 23.00 23.00 22.90 23.10 23.20 23.10 23.20 24.40 23.80 25.00 26.40 27.90 27.40 23.60 23.40 23.90 * 0
2018-02-01 14:29:45 23.80 24.20 24.20 25.90 23.20 23.30 23.20 23.40 23.70 23.60 23.70 23.90 23.90 23.70 23.80 24.00 22.90 23.10 22.90 23.10 23.20 23.10 23.10 24.40 23.70 25.10 26.50 27.90 27.40 23.80 23.40 23.70 * 0
2018-02-01 14:29:46 23.70 24.20 24.30 26.00 23.20 23.30 23.20 23.40 23.70 23.70 23.70 23.80 23.80 23.70 23.80 24.00 22.90 23.00 22.90 23.10 23.20 23.20 23.10 24.50 23.60 25.20 26.60 27.90 27.50 24.40 23.30 23.60 * 0
2018-02-01 14:29:46 23.60 24.10 24.10 25.80 23.20 23.10 23.20 23.20 23.80 23.80 23.80 23.90 24.00 23.70 23.80 24.10 22.90 23.00 22.90 23.10 23.30 23.20 23.20 24.70 23.70 25.40 26.70 27.90 27.60 26.10 23.50 23.70 * 0
2018-02-01 14:29:46 23.50 24.00 24.00 25.80 23.10 23.10 23.10 23.10 23.90 23.80 23.80 24.00 24.00 23.80 23.90 24.10 23.00 23.10 23.00 23.10 23.30 23.20 23.20 24.80 23.90 25.40 26.90 28.00 27.60 27.50 24.30 23.90 * 0
2018-02-01 14:29:46 23.40 24.00 24.00 25.70 23.10 23.10 23.00 23.00 23.90 23.80 23.90 24.00 23.90 23.90 23.90 24.10 23.10 23.10 23.10 23.10 23.30 23.30 23.20 24.90 23.90 25.50 26.80 28.00 27.60 27.50 27.40 24.20 * 0
2018-02-01 14:29:47 23.40 24.00 24.00 25.70 23.10 23.10 23.00 23.10 23.90 23.80 23.80 24.10 23.90 23.90 23.90 24.10 23.10 23.00 23.00 23.10 23.30 23.30 23.20 24.70 23.80 25.20 26.50 27.90 27.60 27.60 28.10 24.30 * 0
2018-02-01 14:29:47 23.50 24.00 24.00 25.80 23.10 23.00 23.00 23.10 23.80 23.80 23.80 24.00 24.00 23.90 23.90 24.10 23.00 23.00 23.00 23.10 23.30 23.20 23.20 24.10 23.70 24.40 25.60 27.60 27.50 27.60 28.10 24.20 * 0
2018-02-01 14:29:47 23.60 24.10 24.10 25.80 23.20 23.20 23.20 23.20 23.80 23.80 23.80 23.90 23.90 23.80 23.80 24.10 23.00 23.00 23.00 23.10 23.30 23.10 23.10 23.50 23.60 23.80 24.50 26.30 27.20 27.60 27.90 24.30 * 0
2018-02-01 14:29:47 23.70 24.10 24.10 25.80 23.20 23.20 23.20 23.30 23.70 23.70 23.70 23.80 23.90 23.80 23.80 24.10 22.90 23.00 22.90 23.00 23.20 23.10 23.00 23.20 23.60 23.60 24.00 25.20 26.30 26.80 27.60 25.60 * 0
