2018-02-01 14:50:48 23.40 23.60 23.60 24.10 24.90 24.50 24.50 24.60 24.90 24.80 23.90 23.80 23.70 23.80 23.70 23.80 23.10 23.10 23.30 24.50 25.00 23.40 23.60 25.10 24.10 25.60 27.00 25.60 23.60 23.40 23.60 23.50 * 0
2018-02-01 14:50:48 23.30 23.50 23.70 24.60 24.80 24.40 24.50 24.50 24.90 24.80 23.90 23.80 23.70 23.80 23.70 23.80 23.20 23.20 23.30 24.60 25.00 23.40 23.60 25.30 24.50 25.40 27.20 26.10 24.00 23.50 23.60 23.50 * 0
2018-02-01 14:50:49 23.40 23.50 23.90 25.90 24.80 24.40 24.50 24.50 25.00 24.90 24.00 23.90 23.80 23.80 23.80 23.90 23.20 23.20 23.40 24.50 24.90 23.50 23.90 24.90 24.40 24.70 27.20 26.40 24.40 23.60 23.50 23.60 * 0
2018-02-01 14:50:49 23.30 23.60 25.10 27.10 24.70 24.40 24.50 24.50 25.10 25.00 24.00 23.90 23.90 23.90 23.90 23.90 23.10 23.20 23.40 24.80 24.90 23.60 23.80 24.30 23.90 24.40 27.20 26.50 24.50 23.50 23.50 23.50 * 0
2018-02-01 14:50:49 23.40 23.80 25.90 26.30 24.50 24.50 24.60 24.50 25.10 25.10 24.10 24.00 23.90 23.90 24.00 24.00 23.10 23.10 23.50 25.10 24.90 23.40 23.40 25.00 24.00 25.00 27.20 26.50 24.50 23.40 23.40 23.40 * 0
2018-02-01 14:50:50 23.50 24.20 26.90 25.60 24.50 24.50 24.60 24.50 25.10 25.10 24.10 24.10 24.00 24.00 24.10 24.10 23.00 23.10 23.40 25.00 24.70 23.30 23.70 25.80 24.20 26.10 27.20 26.50 24.60 23.30 23.40 23.30 * 0
2018-02-01 14:50:50 23.60 24.60 27.10 24.80 24.50 24.50 24.60 24.50 25.10 25.10 24.10 24.00 24.00 24.00 24.10 24.10 23.00 23.20 23.40 25.00 24.70 23.40 24.20 26.00 24.80 26.80 27.20 26.30 24.30 23.40 23.40 23.40 * 0
2018-02-01 14:50:50 23.60 24.90 26.10 24.20 24.40 24.40 24.50 24.60 25.00 25.00 24.10 24.00 24.00 24.00 24.10 24.00 23.10 23.30 23.90 25.60 24.80 23.50 24.50 26.20 24.70 26.80 27.00 25.90 24.00 23.40 23.40 23.40 * 0
2018-02-01 14:50:50 23.50 25.10 24.10 24.00 24.20 24.30 24.40 24.30 25.10 24.90 24.00 23.90 23.90 23.90 23.90 24.00 23.20 23.40 24.80 25.90 24.80 23.50 24.50 26.30 24.80 26.90 26.90 25.30 23.80 23.40 23.50 23.50 * 0
2018-02-01 14:50:51 23.60 25.40 23.90 24.00 24.10 24.30 24.30 24.30 25.00 24.80 24.00 23.90 23.80 23.80 23.80 23.90 23.20 23.40 25.20 25.50 24.70 23.40 24.50 26.50 24.90 27.00 26.60 24.70 23.60 23.40 23.50 23.50 * 0
2018-02-01 14:50:51 23.80 25.40 23.80 24.00 24.10 24.30 24.40 24.40 25.10 24.80 23.90 23.90 23.80 23.90 23.80 23.90 23.20 23.30 25.20 25.40 24.70 23.40 24.50 26.30 24.90 27.00 26.20 24.50 23.50 23.40 23.50 23.40 * 0
2018-02-01 14:50:51 23.90 25.10 23.80 24.10 24.10 24.40 24.50 24.40 25.00 24.90 23.90 23.90 23.80 23.90 23.90 23.90 23.10 23.30 25.20 25.40 24.60 23.40 25.10 26.20 25.90 26.90 25.70 24.40 23.50 23.50 23.50 23.60 * 0
2018-02-01 14:50:51 24.20 25.00 23.70 24.20 24.20 24.40 24.50 24.50 25.00 24.90 24.00 23.90 23.80 23.90 23.90 23.90 23.00 23.30 25.10 25.30 24.60 23.40 25.70 26.30 26.20 26.90 25.90 24.70 23.50 23.50 23.50 23.50 * 0
2018-02-01 14:50:52 25.00 25.00 23.80 24.20 24.20 24.40 24.40 24.40 25.00 25.10 24.00 23.90 23.90 24.00 23.90 24.00 23.10 23.30 25.10 25.30 24.60 23.40 25.80 26.40 26.10 26.90 25.80 24.70 23.50 23.40 23.40 23.50 * 0
2018-02-01 14:50:52 25.10 24.90 23.80 24.20 24.20 24.30 24.40 24.30 25.10 25.00 24.10 23.90 23.90 24.00 23.90 24.00 23.10 23.50 25.10 25.30 24.70 23.50 26.00 26.50 26.10 26.90 25.70 24.60 23.50 23.40 23.40 23.50 * 0
2018-02-01 14:50:52 25.10 24.90 23.70 24.10 24.10 24.20 24.30 24.30 25.00 24.90 24.10 23.90 23.90 24.00 23.90 24.00 23.20 23.50 25.10 25.30 24.70 23.50 26.00 26.40 26.20 26.90 25.70 24.50 23.40 23.50 23.50 23.50 * 0
2018-02-01 14:50:52 25.00 24.90 23.70 24.10 24.10 24.20 24.30 24.30 25.00 24.90 24.00 23.90 23.90 23.90 23.90 23.90 23.20 23.40 25.10 25.30 24.70 23.50 26.00 26.40 26.30 27.00 25.70 24.70 23.60 23.50 23.60 23.60 * 0
2018-02-01 14:50:53 25.10 24.90 23.80 24.20 24.10 24.30 24.40 24.40 24.90 25.00 23.90 23.90 23.80 24.00 23.90 23.90 23.20 23.50 25.20 25.30 24.70 23.40 26.10 26.50 26.30 26.90 25.70 24.60 23.60 23.50 23.60 23.60 * 0
2018-02-01 14:50:53 24.80 25.10 23.70 24.10 24.20 24.30 24.40 24.40 24.80 24.90 23.90 23.80 23.80 23.80 23.80 23.70 23.10 23.30 25.00 25.20 24.60 23.40 25.10 26.20 25.70 26.80 25.50 24.40 23.60 23.50 23.50 23.50 * 0
2018-02-01 14:50:53 24.40 25.10 23.80 24.10 24.20 24.40 24.40 24.50 24.80 24.80 23.80 23.70 23.70 23.70 23.70 23.70 23.00 23.30 25.00 25.30 24.70 23.30 24.60 26.40 25.20 27.10 25.50 24.10 23.60 23.60 23.50 23.60 * 0
2018-02-01 14:50:53 23.90 25.00 24.00 24.10 24.30 24.50 24.50 24.50 24.80 24.70 23.80 23.70 23.70 23.80 23.70 23.70 23.00 23.30 25.00 25.50 24.80 23.30 24.50 26.60 25.10 27.40 25.40 23.80 23.60 23.50 23.60 23.50 * 0
2018-02-01 14:50:54 23.60 24.30 24.00 24.10 24.30 24.40 24.50 24.50 24.90 24.80 23.80 23.80 23.80 23.80 23.80 23.80 23.00 23.20 24.40 25.80 25.20 23.50 24.50 26.50 25.00 27.40 25.20 23.80 23.60 23.50 23.60 23.50 * 0
2018-02-01 14:50:54 23.40 23.50 23.60 23.90 24.10 24.30 24.50 24.40 25.00 24.90 23.90 23.90 23.80 23.90 23.90 23.80 23.00 23.20 23.60 25.60 25.80 24.00 24.50 26.60 25.10 27.20 25.20 23.70 23.50 23.50 23.60 23.50 * 0
2018-02-01 14:50:54 23.30 23.50 23.60 23.90 24.10 24.30 24.40 24.50 25.10 25.00 24.00 23.90 23.90 24.00 24.00 23.90 23.20 23.30 23.50 25.10 25.00 23.70 24.60 26.50 25.10 27.10 25.80 23.80 23.50 23.50 23.50 23.50 * 0
2018-02-01 14:50:55 23.20 23.40 23.50 23.90 24.10 24.30 24.40 24.40 25.10 25.10 24.00 24.00 23.90 24.00 24.00 24.00 23.30 23.30 23.60 25.20 25.00 23.60 24.50 26.80 24.90 27.40 26.40 23.90 23.50 23.40 23.50 23.50 * 0
2018-02-01 14:50:55 23.20 23.50 23.50 23.90 24.10 24.30 24.40 24.30 25.00 25.10 24.00 24.00 23.90 23.90 24.00 24.00 23.20 23.30 23.60 25.10 25.00 23.60 24.50 26.80 24.80 27.40 26.70 23.80 23.50 23.50 23.50 23.50 * 0
2018-02-01 14:50:55 23.20 23.50 23.60 23.90 24.10 24.30 24.40 24.40 25.00 25.00 24.00 24.00 23.90 24.00 24.00 23.90 23.20 23.20 23.60 25.10 25.10 23.50 24.50 26.70 24.90 27.50 26.70 23.90 23.50 23.40 23.50 23.50 * 0
2018-02-01 14:50:55 23.40 23.60 23.70 24.00 24.10 24.40 25.00 25.00 26.10 25.60 23.90 23.80 23.90 23.90 23.90 23.90 23.20 23.20 23.40 24.50 25.10 23.80 24.50 26.60 25.00 27.50 26.80 24.00 23.50 23.50 23.50 23.50 * 0
2018-02-01 14:50:56 23.40 23.60 23.60 24.00 24.10 24.40 25.40 25.20 26.40 25.50 24.00 23.80 23.80 23.90 23.90 23.90 23.20 23.40 23.40 23.50 24.00 26.30 24.80 26.90 25.00 27.50 26.80 24.10 23.50 23.50 23.50 23.50 * 0
2018-02-01 14:50:56 23.30 23.60 23.60 23.90 24.00 24.40 25.10 24.70 25.70 25.00 23.90 23.80 23.70 23.90 23.90 23.90 23.20 23.40 23.50 23.50 24.00 26.30 24.90 26.90 25.00 27.50 26.80 24.10 23.50 23.50 23.50 23.50 * 0
2018-02-01 14:50:56 23.20 23.50 23.60 23.90 24.00 24.30 24.70 24.50 25.20 24.80 23.80 23.80 23.60 23.80 23.80 23.80 23.10 23.30 23.40 23.50 24.00 26.30 24.80 26.90 25.00 27.60 26.90 24.10 23.60 23.50 23.50 23.50 * 0
2018-02-01 14:50:56 23.20 23.50 23.60 23.90 24.00 24.30 24.50 24.50 25.10 24.80 23.80 23.80 23.70 23.70 23.80 23.80 23.10 23.20 23.30 23.50 24.00 26.30 24.70 26.90 25.10 27.70 26.90 24.10 23.60 23.50 23.50 23.60 * 0
2018-02-01 14:50:57 23.20 23.40 23.50 23.80 24.00 24.30 24.40 24.40 25.10 24.90 23.90 23.80 23.80 23.80 23.90 23.80 23.00 23.10 23.30 23.40 24.10 26.20 24.70 27.00 25.20 27.70 26.90 24.00 23.50 23.50 23.60 23.60 * 0
2018-02-01 14:50:57 23.20 23.50 23.50 23.80 24.00 24.30 24.50 24.40 25.10 24.90 23.90 23.80 23.80 23.80 23.90 23.80 23.00 23.10 23.30 23.40 24.00 26.20 24.70 26.80 25.20 27.70 26.90 24.00 23.60 23.60 23.50 23.70 * 0
2018-02-01 14:50:57 23.20 23.40 23.50 23.90 24.00 24.30 24.40 24.40 25.00 24.90 23.90 23.90 23.80 23.80 23.90 23.90 23.00 23.10 23.30 23.30 23.90 26.20 24.60 26.70 25.20 27.60 26.90 24.10 23.60 23.60 23.50 23.60 * 0
2018-02-01 14:50:57 23.20 23.40 23.50 23.80 24.00 24.20 24.30 24.40 25.00 24.90 24.00 23.80 23.80 23.90 23.90 23.90 23.00 23.10 23.20 23.30 23.70 25.60 24.80 26.30 25.50 26.80 27.00 24.30 23.60 23.60 23.60 23.60 * 0
2018-02-01 14:50:58 23.20 23.40 23.50 23.70 24.00 24.10 24.30 24.40 25.00 25.00 24.10 23.90 23.80 24.00 24.00 24.00 23.00 23.10 23.20 23.30 23.40 24.20 24.80 26.10 25.20 26.60 27.00 24.70 23.60 23.60 23.60 23.60 * 0
2018-02-01 14:50:58 23.00 23.30 23.40 23.70 23.80 24.10 24.20 24.20 25.00 25.00 24.10 24.10 23.80 24.00 24.10 24.10 23.10 23.10 23.20 23.30 23.30 23.40 24.40 25.90 24.70 26.50 26.60 25.20 23.60 23.50 23.50 23.50 * 0
2018-02-01 14:50:58 23.00 23.20 23.40 23.70 23.80 24.00 24.20 24.20 25.00 25.00 24.10 24.10 23.90 24.00 24.10 24.00 23.10 23.20 23.20 23.40 23.40 23.40 24.30 26.00 24.60 26.60 26.20 25.60 24.10 24.00 24.00 23.60 * 0
2018-02-01 14:50:58 23.10 23.20 23.40 23.60 23.80 24.00 24.10 24.20 25.00 25.00 24.10 24.10 24.00 24.00 24.10 24.00 23.20 23.20 23.30 23.40 23.40 23.40 24.00 26.10 24.50 26.70 26.20 25.40 24.20 24.00 24.40 24.70 * 0
2018-02-01 14:50:59 23.10 23.30 23.40 23.60 23.80 24.10 24.20 24.30 24.90 25.00 24.00 24.00 23.90 23.90 24.00 24.00 23.10 23.10 23.30 23.40 23.40 23.30 23.70 26.10 24.50 26.90 26.20 25.50 23.70 23.70 24.00 25.70 * 0
2018-02-01 14:50:59 23.00 23.30 23.40 23.70 23.80 24.10 24.30 24.30 24.90 24.80 24.00 23.90 23.80 23.90 23.90 23.90 23.00 23.10 23.20 23.40 23.30 23.30 23.60 26.00 24.30 26.20 26.30 25.60 23.70 23.60 23.80 25.70 * 0
2018-02-01 14:50:59 23.10 23.30 23.40 23.70 24.00 24.20 24.30 24.20 24.90 24.80 23.90 23.90 23.80 23.90 23.90 24.00 23.00 23.20 23.30 23.40 23.40 23.40 23.50 25.20 24.20 25.60 26.40 25.60 23.60 23.60 23.70 25.70 * 0
2018-02-01 14:51:00 23.10 23.40 23.50 23.70 23.90 24.20 24.30 24.30 24.90 24.80 23.90 23.80 23.80 23.90 23.90 24.00 23.10 23.20 23.30 23.40 23.50 23.40 23.60 25.50 24.20 25.80 26.40 25.70 23.70 23.60 23.80 25.70 * 0
2018-02-01 14:51:00 23.20 23.40 23.50 23.80 23.90 24.20 24.40 24.40 24.90 24.80 23.90 23.80 23.70 23.90 23.90 23.90 23.20 23.30 23.30 23.40 23.50 23.40 23.60 25.60 24.30 26.10 27.80 24.70 24.60 24.60 24.90 26.10 * 0
2018-02-01 14:51:00 23.30 23.40 23.50 23.80 24.00 24.20 24.40 24.40 25.00 24.90 23.90 23.90 23.80 23.90 23.90 23.90 23.20 23.20 23.30 23.40 23.50 23.40 23.60 25.70 24.30 26.20 28.00 24.20 23.60 23.80 24.40 25.90 * 0
2018-02-01 14:51:00 23.10 23.30 23.40 23.70 23.90 24.10 24.20 24.20 24.90 24.90 24.00 23.90 23.90 23.90 23.90 24.00 23.20 23.20 23.40 23.40 23.50 23.50 23.60 25.80 24.40 26.30 28.10 25.20 23.70 23.70 24.10 25.60 * 0
2018-02-01 14:51:01 23.20 23.30 23.40 23.70 23.80 24.10 24.20 24.20 24.90 24.90 24.00 23.90 23.90 23.90 23.90 23.90 23.00 23.10 23.30 23.30 23.40 23.30 23.50 25.80 24.40 26.40 27.90 26.80 24.80 23.70 24.10 25.60 * 0
2018-02-01 14:51:01 23.20 23.40 23.50 23.80 23.90 24.10 24.30 24.30 24.90 24.80 24.00 23.90 23.90 24.00 24.00 24.00 23.00 23.10 23.20 23.30 23.30 23.20 23.50 25.70 24.30 26.40 27.60 26.80 27.20 24.20 24.00 25.60 * 0
2018-02-01 14:51:01 23.20 23.50 23.50 23.80 24.00 24.20 24.30 24.40 24.90 24.80 24.00 23.90 23.80 24.00 24.00 24.10 23.00 23.10 23.20 23.20 23.30 23.20 23.50 25.50 24.10 25.80 27.70 26.00 28.40 25.80 23.80 25.40 * 0
2018-02-01 14:51:01 23.30 23.50 23.60 23.80 24.00 24.30 24.40 24.40 25.00 24.90 24.00 23.90 23.80 24.10 24.00 24.00 23.00 23.10 23.20 23.30 23.30 23.30 23.50 25.30 24.00 25.40 27.80 26.10 28.40 25.80 23.70 25.30 * 0
2018-02-01 14:51:02 23.30 23.50 23.50 23.80 24.00 24.30 24.40 24.40 24.80 24.80 23.90 23.80 23.80 23.90 23.90 23.90 23.10 23.20 23.30 23.40 23.40 23.40 23.50 24.90 23.90 24.80 27.80 26.30 28.40 25.90 23.70 25.30 * 0
2018-02-01 14:51:02 23.30 23.60 23.60 23.90 24.10 24.30 24.40 24.40 24.70 24.80 23.80 23.80 23.80 23.80 23.90 23.80 23.10 23.30 23.30 23.40 23.40 23.40 23.60 23.90 23.80 24.30 27.30 26.80 28.40 26.00 23.80 25.40 * 0
2018-02-01 14:51:02 23.20 23.40 23.50 23.80 24.00 24.20 24.20 24.30 24.80 24.80 23.90 23.80 23.80 23.80 24.00 23.90 23.10 23.20 23.30 23.40 23.50 23.40 23.60 23.70 23.80 24.10 26.40 27.60 28.40 26.30 23.80 25.40 * 0
2018-02-01 14:51:02 23.20 23.50 23.50 23.80 23.90 24.20 24.30 24.20 24.80 24.70 23.90 23.80 23.80 23.80 23.80 23.80 23.10 23.20 23.30 23.30 23.50 23.30 23.60 23.70 24.00 24.10 25.20 27.60 28.30 26.60 24.00 25.50 * 0
2018-02-01 14:51:03 23.20 23.40 23.50 23.80 24.00 24.10 24.30 24.20 24.80 24.70 23.90 23.80 23.70 23.80 23.80 23.80 23.10 23.20 23.30 23.40 23.50 23.30 23.50 23.70 24.00 24.20 25.30 27.60 28.00 26.50 24.00 25.40 * 0
2018-02-01 14:51:03 23.20 23.30 23.40 23.70 23.90 24.10 24.20 24.20 24.80 24.70 23.80 23.80 23.80 23.90 23.90 23.90 23.00 23.20 23.30 23.30 23.40 23.30 23.50 23.80 24.00 24.40 25.60 27.70 27.90 26.20 23.80 24.70 * 0
2018-02-01 14:51:03 23.20 23.30 23.40 23.70 23.90 24.10 24.20 24.20 24.80 24.80 23.90 23.80 23.90 24.00 24.00 24.00 23.00 23.10 23.20 23.30 23.30 23.20 23.40 24.20 24.00 24.80 26.20 27.90 27.90 26.20 23.80 23.80 * 0
2018-02-01 14:51:03 23.10 23.30 23.50 23.70 23.90 24.10 24.20 24.20 24.80 24.80 23.90 23.90 23.90 24.00 24.00 24.00 23.10 23.20 23.20 23.40 23.40 23.30 23.50 24.40 24.00 25.00 26.60 27.80 27.90 26.20 23.80 23.60 * 0
2018-02-01 14:51:04 23.00 23.30 23.40 23.60 23.90 24.10 24.10 24.10 24.80 24.80 23.90 23.90 23.80 23.90 24.00 24.00 23.10 23.20 23.30 23.50 23.40 23.40 23.50 24.60 24.10 25.40 27.50 27.80 27.90 27.70 25.90 24.20 * 0
2018-02-01 14:51:04 23.10 23.30 23.40 23.60 23.80 24.00 24.10 24.10 24.90 24.90 23.90 23.90 24.00 24.00 24.00 24.10 23.20 23.20 23.30 23.40 23.40 23.30 23.60 24.80 24.10 25.50 27.80 27.80 27.90 27.30 27.30 26.30 * 0
