2018-02-01 14:32:09 23.80 24.30 24.20 25.30 23.40 23.40 23.40 23.50 23.80 23.70 23.70 23.80 23.80 23.70 23.60 23.90 23.10 23.10 23.10 23.40 24.90 26.30 26.80 27.00 26.90 27.30 24.00 23.50 23.40 23.40 23.30 23.20 * 0
2018-02-01 14:32:10 23.80 24.30 24.20 25.20 23.40 23.40 23.40 23.40 23.90 23.80 23.80 24.00 23.90 23.80 23.90 24.10 23.10 23.10 23.10 23.40 25.00 26.40 26.90 27.10 27.00 27.40 24.00 23.50 23.30 23.30 23.30 23.20 * 0
2018-02-01 14:32:10 23.80 24.30 24.20 25.20 23.40 23.40 23.30 23.40 24.00 23.90 23.90 24.10 24.00 23.90 23.90 24.20 23.20 23.20 23.10 23.40 25.20 26.50 27.00 27.20 27.10 27.40 24.00 23.50 23.30 23.30 23.20 23.20 * 0
2018-02-01 14:32:10 23.80 24.30 24.20 25.20 23.40 23.50 23.30 23.40 23.90 23.90 23.90 24.10 24.00 23.90 23.90 24.20 23.30 23.20 23.20 23.50 25.10 26.60 27.10 27.10 27.10 26.70 26.10 23.90 23.40 23.20 23.20 23.20 * 0
2018-02-01 14:32:10 23.70 24.20 24.10 25.20 23.30 23.30 23.20 23.30 24.00 23.90 23.80 24.10 23.90 23.90 23.90 24.10 23.00 23.10 23.10 23.30 24.20 26.40 27.10 26.40 27.30 26.60 26.80 24.30 23.50 23.30 23.30 23.20 * 0
2018-02-01 14:32:11 23.70 24.30 24.10 25.20 23.30 23.30 23.30 23.40 24.00 24.00 23.90 24.10 24.00 23.90 23.90 24.10 23.00 23.10 23.00 23.20 23.80 26.30 27.10 26.30 27.30 26.60 26.90 24.40 23.50 23.40 23.40 23.30 * 0
2018-02-01 14:32:11 23.70 24.20 24.10 25.20 23.30 23.30 23.20 23.40 24.00 23.90 23.90 24.00 24.00 23.80 23.90 24.10 23.00 23.00 22.90 23.20 23.60 26.30 27.10 26.20 27.30 26.40 26.90 24.50 23.40 23.40 23.30 23.30 * 0
2018-02-01 14:32:11 23.70 24.20 24.10 25.20 23.30 23.40 23.20 23.30 23.90 23.90 23.90 24.00 23.90 23.80 23.90 24.10 23.00 23.00 23.00 23.30 23.60 26.30 27.30 26.00 27.50 26.10 26.90 24.50 23.30 23.30 23.20 23.20 * 0
2018-02-01 14:32:11 23.70 24.20 24.10 25.10 23.30 23.30 23.30 23.40 23.90 23.90 23.90 24.00 23.90 23.80 23.90 24.10 23.00 23.10 23.10 23.30 24.30 26.60 27.20 27.30 27.20 27.30 27.30 24.50 23.30 23.20 23.10 23.00 * 0
2018-02-01 14:32:12 23.80 24.30 24.10 25.20 23.40 23.30 23.30 23.30 23.90 23.90 23.90 24.10 24.00 23.80 23.90 24.10 23.10 23.10 23.20 23.40 24.60 26.80 26.80 27.40 27.00 27.10 27.30 24.40 23.20 23.20 23.20 23.10 * 0
2018-02-01 14:32:12 23.70 24.20 24.20 25.20 23.40 23.30 23.30 23.40 23.90 23.90 23.90 24.00 24.00 23.80 23.90 24.10 23.20 23.10 23.20 23.30 24.80 26.90 26.90 27.60 27.10 27.40 27.30 24.40 23.30 23.20 23.20 23.10 * 0
2018-02-01 14:32:12 23.70 24.30 24.10 25.20 23.40 23.30 23.30 23.40 23.90 23.90 23.90 24.00 24.00 23.80 23.80 24.20 23.10 23.00 23.20 23.30 24.70 27.00 26.90 27.70 27.20 27.50 27.30 24.60 23.30 23.30 23.20 23.20 * 0
2018-02-01 14:32:12 23.80 24.30 24.20 25.20 23.30 23.40 23.30 23.40 23.90 23.90 23.90 24.00 23.90 23.80 23.80 24.10 23.10 23.10 23.20 23.30 24.50 27.00 26.90 27.40 27.20 27.40 27.60 24.80 23.40 23.30 23.20 23.20 * 0
2018-02-01 14:32:13 23.80 24.20 24.20 25.20 23.30 23.30 23.30 23.40 23.80 23.80 23.80 24.10 23.90 23.80 23.80 24.10 23.10 23.10 23.20 23.30 24.30 27.00 26.90 27.20 27.40 27.20 27.90 26.70 24.40 23.40 23.40 23.30 * 0
2018-02-01 14:32:13 23.80 24.40 24.20 25.30 23.40 23.40 23.40 23.50 23.80 23.90 23.80 24.00 23.90 23.80 23.90 24.10 23.10 23.10 23.20 23.30 24.00 27.00 27.00 27.20 27.50 27.20 27.90 26.80 25.00 23.40 23.30 23.30 * 0
2018-02-01 14:32:13 23.70 24.30 24.10 25.30 23.40 23.30 23.30 23.50 23.80 23.80 23.80 24.00 23.90 23.70 23.80 24.00 23.10 23.10 23.30 23.30 23.80 26.90 27.10 27.20 27.60 27.30 27.90 26.90 25.10 23.50 23.40 23.40 * 0
2018-02-01 14:32:14 23.90 24.30 24.10 25.20 23.40 23.40 23.40 23.40 23.90 23.90 23.90 24.00 24.00 23.70 23.80 24.00 23.20 23.10 23.30 23.40 23.80 26.90 27.10 27.20 27.70 27.30 27.70 27.00 25.20 23.50 23.40 23.40 * 0
2018-02-01 14:32:14 23.80 24.30 24.20 25.20 23.40 23.40 23.40 23.40 23.80 23.70 23.80 23.90 24.00 23.70 23.80 24.00 23.10 23.10 23.20 23.40 23.80 26.90 27.10 27.30 27.50 27.20 27.30 27.10 25.20 23.40 23.30 23.30 * 0
2018-02-01 14:32:14 23.70 24.20 24.10 25.20 23.40 23.30 23.30 23.30 23.90 23.80 23.80 23.90 24.00 23.80 23.80 24.00 23.10 23.10 23.20 23.50 24.50 27.00 27.20 28.00 27.50 28.20 28.40 28.20 27.20 25.90 24.00 23.30 * 0
2018-02-01 14:32:14 23.60 24.30 24.10 25.20 23.30 23.30 23.30 23.30 23.90 23.80 23.90 24.00 24.00 23.80 23.80 24.00 23.20 23.20 23.30 23.50 24.80 26.90 26.50 27.80 26.90 27.80 28.10 28.00 27.10 27.60 25.60 23.60 * 0
2018-02-01 14:32:15 23.70 24.30 24.10 25.20 23.30 23.30 23.30 23.40 24.00 23.90 23.90 24.10 24.00 23.90 23.90 24.10 23.20 23.20 23.30 23.50 24.90 26.50 25.60 27.60 26.60 28.00 27.10 27.10 25.80 27.30 26.40 23.90 * 0
2018-02-01 14:32:15 23.80 24.20 24.20 25.20 23.30 23.40 23.30 23.50 23.90 23.90 23.80 24.10 24.00 23.80 23.80 24.10 23.10 23.20 23.20 23.50 25.20 26.10 26.00 27.70 26.90 28.10 26.90 27.10 25.70 27.00 26.20 23.90 * 0
2018-02-01 14:32:15 23.70 24.30 24.10 25.20 23.40 23.40 23.30 23.50 24.00 23.90 23.90 24.10 24.10 23.80 23.90 24.10 23.10 23.20 23.20 23.50 25.50 25.90 26.50 27.70 27.10 28.10 26.70 27.50 26.40 27.00 26.70 24.30 * 0
2018-02-01 14:32:15 23.70 24.30 24.10 25.20 23.30 23.40 23.40 23.50 23.90 23.90 23.90 24.00 24.00 23.80 23.90 24.10 23.00 23.10 23.20 23.30 25.00 26.40 26.70 27.60 27.10 28.10 26.70 26.80 26.30 27.80 27.70 25.50 * 0
2018-02-01 14:32:16 23.70 24.30 24.10 25.20 23.30 23.40 23.30 23.30 24.00 23.90 23.90 24.00 24.00 23.80 23.90 24.10 23.00 23.10 23.10 23.30 24.70 26.50 26.60 27.40 27.00 28.00 27.20 26.60 25.40 26.80 28.80 26.40 * 0
2018-02-01 14:32:16 23.70 24.30 24.10 25.10 23.30 23.30 23.30 23.30 24.00 23.80 24.00 24.10 24.00 23.90 23.80 24.20 23.00 23.00 23.00 23.30 24.40 26.10 26.50 26.00 26.90 26.60 26.40 26.90 25.80 26.00 29.10 26.20 * 0
2018-02-01 14:32:16 23.70 24.30 24.10 25.20 23.30 23.30 23.30 23.30 24.00 23.90 23.90 24.00 24.00 23.90 23.90 24.20 23.00 23.00 23.10 23.20 23.80 25.60 26.50 24.90 26.90 25.40 24.50 25.50 26.40 26.70 29.00 26.10 * 0
2018-02-01 14:32:16 23.70 24.30 24.10 25.20 23.30 23.30 23.30 23.30 24.00 24.00 24.00 24.10 24.10 24.00 23.90 24.20 23.00 23.10 23.00 23.20 23.50 25.30 26.60 25.00 27.00 26.50 23.90 23.80 24.80 26.10 28.40 26.70 * 0
2018-02-01 14:32:17 23.70 24.20 24.10 25.10 23.30 23.30 23.20 23.30 24.00 23.80 23.90 24.10 24.00 23.90 23.90 24.20 23.10 23.10 23.10 23.30 24.10 25.30 26.70 26.60 27.30 27.20 24.00 23.80 23.80 24.40 27.70 26.80 * 0
2018-02-01 14:32:17 23.70 24.20 24.10 25.20 23.30 23.30 23.30 23.30 24.00 23.80 23.90 24.10 24.00 23.90 23.90 24.10 23.10 23.10 23.10 23.30 24.50 25.70 26.80 26.70 27.30 27.20 24.20 23.70 23.60 23.70 27.20 26.10 * 0
2018-02-01 14:32:17 23.70 24.30 24.10 25.20 23.40 23.30 23.30 23.30 23.80 23.80 23.70 23.90 23.90 23.80 23.90 24.10 23.10 23.20 23.10 23.30 24.90 26.10 26.90 26.90 27.30 27.30 25.90 24.90 23.70 23.80 27.10 25.90 * 0
2018-02-01 14:32:17 23.70 24.30 24.20 25.20 23.40 23.40 23.30 23.50 23.80 23.70 23.80 23.90 23.90 23.80 23.70 24.10 23.10 23.20 23.10 23.30 25.40 26.50 26.90 27.10 27.30 27.50 27.30 27.00 24.20 23.70 26.60 26.10 * 0
2018-02-01 14:32:18 23.80 24.40 24.30 25.30 23.40 23.40 23.40 23.60 23.80 23.80 23.90 24.00 24.00 23.80 23.80 24.10 23.10 23.10 23.10 23.30 25.20 26.40 26.90 27.10 27.30 27.50 27.40 28.10 25.00 23.60 23.90 25.30 * 0
2018-02-01 14:32:18 23.80 24.30 24.20 25.20 23.40 23.40 23.40 23.40 23.90 23.90 24.00 24.10 24.10 23.90 23.90 24.20 23.00 23.10 23.10 23.20 24.00 25.00 26.40 26.80 26.70 27.10 27.40 27.90 25.00 23.70 23.60 23.80 * 0
2018-02-01 14:32:18 23.70 24.30 24.10 25.20 23.30 23.30 23.30 23.30 24.00 23.90 24.00 24.00 24.00 23.90 23.90 24.20 23.00 23.00 23.10 23.20 23.50 24.10 25.10 25.90 25.50 26.10 26.80 27.20 26.00 24.90 24.10 23.70 * 0
2018-02-01 14:32:18 23.70 24.20 24.10 25.10 23.30 23.30 23.20 23.30 24.00 23.90 23.90 24.10 24.10 24.00 23.90 24.20 23.00 23.00 23.10 23.20 23.30 23.60 24.20 25.00 24.60 25.30 26.30 26.10 26.70 26.80 25.90 24.10 * 0
2018-02-01 14:32:19 23.70 24.20 24.10 25.20 23.30 23.30 23.20 23.30 24.00 24.00 23.90 24.10 24.10 24.00 23.90 24.20 23.00 23.00 23.00 23.20 23.30 23.70 24.00 24.80 24.60 25.30 26.20 25.70 26.70 27.70 27.00 24.60 * 0
2018-02-01 14:32:19 23.80 24.30 24.10 25.20 23.40 23.30 23.20 23.30 24.00 24.00 23.90 24.10 24.10 23.90 24.00 24.20 23.10 23.10 23.10 23.20 23.40 23.70 24.10 25.10 24.60 25.60 26.10 26.50 27.40 28.20 27.20 25.30 * 0
2018-02-01 14:32:19 23.80 24.30 24.20 25.20 23.40 23.40 23.30 23.40 24.00 23.90 23.90 24.00 24.00 23.80 23.90 24.20 23.10 23.10 23.00 23.20 23.40 23.30 23.90 25.20 24.50 25.80 26.40 26.70 27.60 28.30 27.40 25.70 * 0
2018-02-01 14:32:20 23.80 24.30 24.20 25.20 23.50 23.40 23.30 23.40 23.80 23.80 23.80 23.90 24.00 23.80 23.80 24.10 23.10 23.10 23.00 23.20 23.40 23.30 23.90 25.30 24.60 25.90 26.50 26.80 27.70 28.40 27.40 26.50 * 0
2018-02-01 14:32:20 23.80 24.30 24.20 25.20 23.40 23.40 23.30 23.40 23.90 23.90 23.90 23.90 24.00 23.80 23.80 24.10 23.10 23.10 23.10 23.20 23.40 23.40 24.00 25.30 24.60 25.90 26.50 26.90 27.80 28.30 27.40 27.30 * 0
2018-02-01 14:32:20 23.80 24.20 24.20 25.20 23.30 23.30 23.20 23.30 23.80 23.70 23.90 23.90 23.90 23.70 23.80 24.10 23.10 23.10 23.10 23.30 23.40 23.30 24.00 25.30 24.60 26.00 26.20 26.60 27.60 28.40 27.40 27.60 * 0
2018-02-01 14:32:20 23.70 24.20 24.10 25.10 23.30 23.30 23.20 23.30 23.70 23.70 23.80 23.90 23.90 23.80 23.80 24.10 23.30 23.20 23.20 23.40 23.50 23.50 23.90 25.10 24.40 25.60 25.80 26.20 27.30 28.20 27.40 27.50 * 0
2018-02-01 14:32:21 23.60 24.10 24.10 25.10 23.20 23.20 23.10 23.20 23.70 23.70 23.70 23.90 23.90 23.80 23.70 24.10 23.30 23.20 23.20 23.40 23.50 23.50 23.50 24.60 24.10 25.10 25.60 25.80 26.70 27.80 27.70 27.50 * 0
2018-02-01 14:32:21 23.70 24.20 24.10 25.10 23.20 23.30 23.20 23.30 23.80 23.80 23.70 23.90 23.90 23.80 23.80 24.00 23.30 23.20 23.20 23.40 23.50 23.50 23.30 23.80 23.80 24.30 24.90 25.50 25.80 26.60 27.40 27.40 * 0
2018-02-01 14:32:21 23.70 24.10 24.10 25.10 23.30 23.30 23.20 23.30 23.80 23.80 23.80 23.90 23.90 23.80 23.90 24.10 23.20 23.20 23.20 23.40 23.50 23.40 23.30 23.30 23.60 23.60 24.10 25.20 25.20 25.60 26.10 26.90 * 0
2018-02-01 14:32:21 23.80 24.20 24.10 25.20 23.30 23.40 23.20 23.30 23.90 23.90 23.90 24.00 24.10 23.90 23.90 24.10 23.20 23.20 23.20 23.30 23.50 23.40 23.30 23.30 23.50 23.50 23.90 24.80 25.10 26.10 25.80 27.00 * 0
2018-02-01 14:32:22 23.80 24.20 24.20 25.20 23.40 23.30 23.30 23.30 24.00 24.00 24.00 24.10 24.10 23.90 24.00 24.20 23.10 23.10 23.10 23.30 23.40 23.30 23.20 23.20 23.50 23.50 23.80 24.80 25.30 26.20 26.00 27.10 * 0
2018-02-01 14:32:22 23.70 24.30 24.10 25.10 23.30 23.40 23.30 23.30 24.00 23.90 24.00 24.10 24.10 24.00 24.00 24.20 23.10 23.10 23.10 23.30 23.30 23.30 23.20 23.20 23.50 23.50 23.50 24.70 25.30 26.20 26.00 27.10 * 0
2018-02-01 14:32:22 23.70 24.20 24.10 25.10 23.30 23.30 23.20 23.30 24.10 24.00 23.90 24.20 24.10 24.00 24.00 24.20 23.10 23.20 23.10 23.30 23.40 23.30 23.20 23.10 23.60 23.50 23.50 24.70 25.30 26.40 26.10 27.10 * 0
2018-02-01 14:32:22 23.70 24.20 24.20 25.20 23.30 23.30 23.20 23.30 24.00 24.00 23.90 24.20 24.10 23.90 24.00 24.20 23.10 23.20 23.10 23.30 23.40 23.30 23.20 23.10 23.50 23.50 23.50 24.70 25.40 26.40 26.00 27.00 * 0
2018-02-01 14:32:23 23.70 24.10 24.20 25.10 23.30 23.20 23.20 23.30 23.90 23.90 23.90 24.10 24.00 23.90 24.00 24.30 23.20 23.20 23.10 23.30 23.40 23.30 23.10 23.10 23.50 23.60 23.50 24.20 24.70 25.10 25.50 26.80 * 0
2018-02-01 14:32:23 23.60 24.20 24.00 25.10 23.30 23.20 23.20 23.20 23.90 23.80 23.90 24.00 23.90 23.90 23.90 24.20 23.10 23.20 23.20 23.30 23.40 23.40 23.20 23.20 23.50 23.50 23.40 23.60 23.70 23.80 24.90 26.20 * 0
2018-02-01 14:32:23 23.60 24.20 24.10 25.10 23.30 23.30 23.20 23.30 23.80 23.70 23.80 23.90 23.80 23.70 23.80 24.00 23.10 23.20 23.20 23.30 23.40 23.40 23.20 23.20 23.50 23.50 23.40 23.40 23.40 23.30 24.30 25.40 * 0
2018-02-01 14:32:23 23.70 24.20 24.10 25.20 23.30 23.40 23.30 23.30 23.70 23.70 23.70 23.80 23.70 23.70 23.60 24.00 23.20 23.20 23.20 23.30 23.50 23.40 23.30 23.20 23.50 23.50 23.40 23.50 23.40 23.30 24.20 25.10 * 0
2018-02-01 14:32:24 23.70 24.30 24.10 25.20 23.30 23.40 23.30 23.40 23.70 23.60 23.60 23.80 23.70 23.70 23.60 23.90 23.20 23.20 23.20 23.40 23.50 23.40 23.30 23.20 23.50 23.50 23.50 23.50 23.40 23.30 24.20 25.20 * 0
2018-02-01 14:32:24 23.70 24.30 24.10 25.20 23.40 23.40 23.30 23.50 23.60 23.60 23.60 23.80 23.80 23.70 23.70 23.80 23.10 23.30 23.10 23.30 23.40 23.30 23.20 23.20 23.60 23.50 23.60 23.50 23.50 23.30 24.30 24.70 * 0
2018-02-01 14:32:24 23.70 24.30 24.10 25.20 23.30 23.30 23.20 23.30 23.70 23.70 23.70 23.90 23.80 23.70 23.70 23.90 23.10 23.20 23.10 23.20 23.30 23.30 23.10 23.20 23.60 23.60 23.50 23.50 23.50 23.40 24.10 24.80 * 0
2018-02-01 14:32:25 23.70 24.20 24.10 25.10 23.20 23.30 23.20 23.30 23.80 23.70 23.70 23.90 23.80 23.70 23.70 24.00 23.10 23.20 23.10 23.20 23.30 23.30 23.10 23.10 23.60 23.60 23.50 23.50 23.40 23.30 23.60 24.50 * 0
2018-02-01 14:32:25 23.60 24.20 24.10 25.10 23.20 23.20 23.10 23.30 23.90 23.80 23.80 23.90 24.00 23.80 23.80 24.10 23.00 23.10 23.10 23.20 23.30 23.30 23.10 23.10 23.60 23.60 23.50 23.50 23.40 23.30 23.40 24.30 * 0
2018-02-01 14:32:25 23.60 24.10 24.00 25.00 23.30 23.20 23.10 23.20 24.00 23.90 23.90 24.00 24.00 23.80 23.90 24.20 22.90 23.00 23.10 23.10 23.30 23.20 23.00 23.00 23.50 23.40 23.40 23.40 23.30 23.30 23.30 24.20 * 0
