2018-02-01 14:59:06 23.50 25.30 24.90 23.40 23.60 23.60 23.20 23.30 23.40 23.50 23.00 23.30 23.20 23.30 23.40 23.30 23.10 23.50 23.20 25.40 24.90 23.90 23.40 22.90 23.70 23.10 23.40 23.00 23.20 23.20 23.30 23.20 * 0
2018-02-01 14:59:06 23.50 25.30 24.10 23.30 23.40 23.40 23.00 23.10 23.50 23.60 23.10 23.40 23.30 23.50 23.40 23.50 23.20 23.70 23.20 25.50 24.90 23.70 23.10 22.90 23.30 23.20 23.50 23.00 23.20 23.30 23.40 23.30 * 0
2018-02-01 14:59:06 23.60 25.50 23.80 23.40 23.50 23.50 23.10 23.20 23.60 23.60 23.10 23.40 23.40 23.50 23.50 23.50 23.30 23.90 23.30 25.60 24.90 23.80 23.10 23.00 23.40 23.30 23.60 23.10 23.30 23.40 23.40 23.40 * 0
2018-02-01 14:59:06 23.80 25.80 23.60 23.40 23.60 23.70 23.20 23.40 23.60 23.60 23.10 23.50 23.40 23.50 23.50 23.60 23.10 23.70 23.20 25.70 24.70 23.50 23.00 22.80 23.30 23.20 23.50 23.00 23.10 23.20 23.20 23.20 * 0
2018-02-01 14:59:07 24.00 25.80 23.60 23.50 23.70 23.80 23.30 23.40 23.70 23.80 23.30 23.50 23.50 23.60 23.70 23.70 23.10 23.70 23.30 25.70 24.50 23.50 22.90 22.70 23.20 23.10 23.40 22.90 23.10 23.20 23.20 23.10 * 0
2018-02-01 14:59:07 24.00 25.50 23.50 23.60 23.70 23.70 23.30 23.50 23.80 23.80 23.40 23.60 23.60 23.60 23.70 23.80 23.10 23.70 23.30 25.50 24.40 23.40 22.90 22.70 23.20 23.00 23.30 22.80 23.10 23.20 23.20 23.10 * 0
2018-02-01 14:59:07 24.10 25.00 23.30 23.50 23.70 23.70 23.40 23.50 23.80 23.80 23.40 23.60 23.50 23.70 23.70 23.80 23.00 23.60 23.40 25.10 24.30 23.20 22.80 22.60 23.20 22.90 23.30 22.80 23.10 23.10 23.10 23.10 * 0
2018-02-01 14:59:07 23.90 24.80 23.30 23.50 23.60 23.70 23.30 23.40 23.70 23.80 23.40 23.60 23.50 23.70 23.70 23.80 23.00 23.60 24.00 25.10 24.40 23.10 22.80 22.60 23.20 23.10 23.40 22.90 23.10 23.10 23.20 23.10 * 0
2018-02-01 14:59:08 23.60 24.80 23.30 23.40 23.50 23.50 23.20 23.30 23.80 23.80 23.30 23.50 23.50 23.70 23.70 23.80 22.90 23.60 24.20 25.10 24.40 23.00 22.80 22.60 23.30 23.20 23.50 23.00 23.20 23.20 23.40 23.20 * 0
2018-02-01 14:59:08 23.40 24.50 23.30 23.30 23.50 23.40 23.10 23.20 23.90 23.90 23.30 23.50 23.50 23.70 23.70 23.80 23.00 23.70 24.30 25.20 24.30 23.20 22.90 22.70 23.40 23.30 23.50 23.00 23.30 23.30 23.40 23.30 * 0
2018-02-01 14:59:08 23.30 24.20 23.50 23.30 23.40 23.50 23.10 23.20 23.40 23.60 23.10 23.30 23.30 23.30 23.40 23.40 23.10 23.60 24.60 24.90 23.80 23.20 22.90 22.80 23.30 23.20 23.50 23.00 23.30 23.20 23.30 23.30 * 0
2018-02-01 14:59:08 23.30 24.00 24.00 23.30 23.40 23.50 23.10 23.20 23.40 23.50 23.10 23.40 23.40 23.40 23.50 23.50 23.00 23.30 25.00 24.40 23.30 23.10 22.90 22.80 23.30 23.20 23.40 22.90 23.20 23.20 23.20 23.20 * 0
2018-02-01 14:59:09 23.40 24.00 24.40 23.40 23.40 23.50 23.20 23.20 23.40 23.50 23.00 23.40 23.30 23.40 23.50 23.50 23.00 23.30 25.20 24.20 23.30 23.20 22.90 22.80 23.20 23.20 23.40 22.90 23.20 23.20 23.20 23.20 * 0
2018-02-01 14:59:09 23.50 23.90 24.60 23.40 23.50 23.60 23.20 23.30 23.50 23.50 23.10 23.30 23.30 23.40 23.50 23.50 23.20 23.60 24.90 24.30 23.40 23.20 23.00 22.90 23.10 23.20 23.40 22.90 23.20 23.20 23.20 23.20 * 0
2018-02-01 14:59:09 23.60 24.00 24.90 23.50 23.60 23.70 23.30 23.50 23.50 23.50 23.10 23.30 23.40 23.50 23.50 23.50 23.20 23.50 24.70 24.20 23.30 23.20 23.00 22.90 23.10 23.10 23.40 22.90 23.10 23.10 23.20 23.20 * 0
2018-02-01 14:59:10 23.70 24.10 25.60 23.60 23.80 23.90 23.50 23.60 23.60 23.60 23.10 23.30 23.40 23.50 23.40 23.50 23.10 23.50 24.60 24.20 23.30 23.20 22.90 22.80 23.00 23.10 23.40 22.90 23.10 23.10 23.20 23.10 * 0
2018-02-01 14:59:10 23.60 23.90 25.60 23.70 23.70 23.80 23.50 23.50 23.70 23.70 23.20 23.40 23.50 23.50 23.50 23.60 23.00 23.50 24.60 24.20 23.30 23.20 22.90 22.70 23.20 23.10 23.40 23.00 23.10 23.20 23.20 23.20 * 0
2018-02-01 14:59:10 23.50 23.70 25.60 23.70 23.70 23.70 23.30 23.40 23.80 23.80 23.30 23.50 23.50 23.60 23.70 23.80 23.00 23.30 24.40 24.10 23.40 23.10 22.90 22.70 23.20 23.20 23.40 23.00 23.10 23.30 23.30 23.20 * 0
2018-02-01 14:59:10 23.40 23.60 25.60 23.70 23.60 23.60 23.20 23.40 23.80 23.80 23.30 23.50 23.60 23.70 23.60 23.80 23.10 23.30 24.30 24.10 23.50 23.20 22.90 22.80 23.30 23.20 23.40 23.00 23.10 23.20 23.30 23.20 * 0
2018-02-01 14:59:11 23.30 23.50 25.50 23.80 23.60 23.60 23.20 23.30 23.80 23.80 23.20 23.50 23.50 23.70 23.70 23.70 23.00 23.50 24.30 24.10 23.50 23.20 22.90 22.80 23.20 23.20 23.40 22.90 23.10 23.20 23.20 23.20 * 0
2018-02-01 14:59:11 23.40 23.60 25.50 24.30 23.50 23.60 23.30 23.40 23.70 23.80 23.20 23.60 23.50 23.60 23.70 23.80 23.00 23.80 24.40 24.00 23.40 23.20 22.90 22.70 23.20 23.10 23.40 22.90 23.10 23.20 23.20 23.10 * 0
2018-02-01 14:59:11 23.60 23.60 25.50 24.50 23.60 23.70 23.30 23.40 23.80 23.80 23.30 23.60 23.50 23.60 23.70 23.80 23.10 24.00 24.50 24.00 23.40 23.10 22.90 22.70 23.20 23.00 23.30 22.80 23.00 23.10 23.20 23.10 * 0
2018-02-01 14:59:11 23.70 23.70 25.50 24.70 23.70 23.70 23.40 23.50 23.70 23.80 23.30 23.50 23.50 23.60 23.70 23.70 23.10 23.90 25.10 23.80 23.40 23.10 22.80 22.70 23.10 23.00 23.20 22.90 23.00 23.10 23.10 23.10 * 0
2018-02-01 14:59:12 23.70 23.80 25.50 24.80 23.80 23.70 23.40 23.50 23.60 23.70 23.20 23.50 23.50 23.60 23.60 23.70 23.20 24.10 25.40 23.70 23.40 23.10 22.80 22.70 23.10 23.00 23.20 22.80 23.00 23.10 23.10 23.10 * 0
2018-02-01 14:59:12 23.60 23.80 25.50 24.80 23.70 23.70 23.30 23.40 23.70 23.70 23.20 23.50 23.50 23.50 23.60 23.60 23.20 24.30 25.50 23.60 23.30 23.00 22.80 22.70 23.20 23.10 23.30 22.80 23.00 23.20 23.20 23.10 * 0
2018-02-01 14:59:12 23.50 24.30 26.40 25.00 23.60 23.60 23.30 23.30 23.60 23.70 23.20 23.40 23.40 23.40 23.50 23.60 23.40 24.80 25.80 23.60 23.40 23.10 22.90 22.80 23.20 23.10 23.30 22.90 23.10 23.20 23.20 23.10 * 0
2018-02-01 14:59:12 23.40 24.50 26.40 25.40 23.50 23.50 23.10 23.10 23.60 23.70 23.20 23.40 23.40 23.50 23.50 23.50 23.60 25.00 25.90 23.70 23.60 23.20 23.00 22.90 23.20 23.10 23.30 22.90 23.10 23.20 23.20 23.10 * 0
2018-02-01 14:59:13 23.50 24.50 26.00 25.50 23.50 23.50 23.20 23.10 23.60 23.60 23.20 23.40 23.30 23.50 23.50 23.50 23.60 25.20 26.00 24.20 23.70 23.40 23.10 23.00 23.30 23.10 23.40 22.90 23.20 23.30 23.30 23.20 * 0
2018-02-01 14:59:13 23.50 24.30 25.50 25.20 23.50 23.40 23.10 23.10 23.60 23.60 23.20 23.40 23.40 23.50 23.50 23.60 23.60 25.20 26.00 24.30 23.70 23.30 23.10 23.00 23.30 23.20 23.40 23.00 23.20 23.30 23.30 23.20 * 0
2018-02-01 14:59:13 23.40 24.20 25.40 25.30 23.40 23.40 23.10 23.10 23.70 23.80 23.30 23.60 23.50 23.60 23.60 23.70 23.50 25.10 25.90 24.40 23.80 23.20 22.90 22.80 23.30 23.10 23.30 23.00 23.10 23.20 23.30 23.10 * 0
2018-02-01 14:59:13 23.40 24.00 24.60 24.10 23.50 23.50 23.20 23.20 23.70 23.80 23.30 23.60 23.40 23.60 23.70 23.80 23.40 25.00 25.70 24.20 24.00 23.20 22.90 22.80 23.40 23.30 23.50 23.10 23.30 23.40 23.30 23.30 * 0
2018-02-01 14:59:14 23.40 23.70 24.10 23.70 23.60 23.50 23.20 23.20 23.80 23.90 23.40 23.60 23.50 23.70 23.70 23.70 23.30 24.80 25.40 23.60 24.10 23.10 22.90 22.70 23.40 23.30 23.50 23.00 23.30 23.40 23.40 23.30 * 0
2018-02-01 14:59:14 23.40 23.50 24.00 23.90 23.60 23.60 23.20 23.20 23.80 23.90 23.40 23.60 23.60 23.80 23.70 23.80 23.10 24.60 25.40 24.20 24.10 23.00 22.70 22.50 23.40 23.30 23.50 23.00 23.30 23.40 23.40 23.30 * 0
2018-02-01 14:59:14 23.40 23.40 24.00 24.10 23.60 23.60 23.20 23.20 23.70 23.90 23.40 23.60 23.60 23.70 23.70 23.70 23.10 24.70 25.50 24.30 24.10 23.00 22.80 22.60 23.30 23.30 23.50 23.00 23.30 23.30 23.40 23.30 * 0
2018-02-01 14:59:15 23.20 23.10 23.70 25.00 23.60 23.50 23.10 23.20 23.70 23.80 23.30 23.60 23.60 23.60 23.70 23.70 23.10 24.60 25.80 24.40 24.10 23.10 22.80 22.70 23.30 23.30 23.50 23.10 23.20 23.30 23.30 23.20 * 0
2018-02-01 14:59:15 23.20 23.10 23.80 25.70 23.70 23.60 23.10 23.20 23.70 23.70 23.20 23.60 23.50 23.60 23.60 23.60 23.20 24.20 25.90 24.50 23.80 23.40 22.90 22.80 23.60 23.20 23.40 22.90 23.20 23.20 23.30 23.20 * 0
2018-02-01 14:59:15 23.30 23.20 23.80 25.70 23.90 23.60 23.20 23.20 23.60 23.70 23.10 23.40 23.50 23.50 23.60 23.60 23.20 23.80 25.80 24.50 23.50 23.60 23.30 22.90 24.00 23.20 23.30 22.90 23.20 23.20 23.30 23.20 * 0
2018-02-01 14:59:15 23.40 23.20 23.60 25.10 24.00 23.70 23.30 23.30 23.50 23.60 23.10 23.30 23.40 23.40 23.50 23.50 23.20 23.40 25.70 24.60 23.50 24.30 23.70 23.00 24.00 23.10 23.30 22.90 23.10 23.20 23.30 23.10 * 0
2018-02-01 14:59:16 23.50 23.30 23.60 24.50 24.30 23.80 23.40 23.50 23.40 23.50 23.00 23.30 23.30 23.40 23.40 23.50 23.10 23.30 25.40 24.70 23.50 24.30 23.70 23.00 24.00 23.10 23.30 22.90 23.10 23.10 23.20 23.00 * 0
2018-02-01 14:59:16 23.50 23.40 23.50 24.10 25.00 24.10 23.50 23.60 23.40 23.40 23.10 23.40 23.30 23.40 23.40 23.50 23.10 23.20 25.20 24.70 23.50 24.10 23.70 22.90 24.00 23.00 23.30 22.90 23.10 23.20 23.20 23.00 * 0
2018-02-01 14:59:16 23.40 23.30 23.30 24.00 24.80 24.20 23.30 23.50 23.40 23.50 23.10 23.40 23.30 23.40 23.40 23.40 23.20 23.20 25.30 24.70 23.50 24.10 23.70 22.90 24.00 23.10 23.30 22.90 23.20 23.20 23.30 23.20 * 0
2018-02-01 14:59:16 23.30 23.20 23.20 23.80 24.50 24.40 23.30 23.30 23.50 23.50 23.10 23.40 23.40 23.40 23.50 23.50 23.20 23.40 25.80 24.90 24.10 24.80 23.80 23.10 24.00 23.10 23.40 22.90 23.20 23.20 23.30 23.20 * 0
2018-02-01 14:59:17 23.30 23.10 23.20 23.60 24.10 24.30 23.30 23.30 23.60 23.70 23.20 23.50 23.50 23.50 23.60 23.60 23.20 23.30 25.80 25.20 24.00 25.40 23.80 23.10 24.10 23.20 23.40 22.90 23.20 23.30 23.30 23.20 * 0
2018-02-01 14:59:17 23.30 23.10 23.10 23.50 23.90 24.20 23.20 23.20 23.80 23.80 23.40 23.60 23.60 23.70 23.80 23.70 23.20 23.30 25.70 25.90 24.00 25.40 23.80 23.10 24.10 23.20 23.40 22.90 23.20 23.30 23.30 23.20 * 0
2018-02-01 14:59:17 23.20 23.00 23.00 23.50 23.80 24.70 23.30 23.30 23.90 23.90 23.40 23.60 23.60 23.70 23.80 23.80 23.10 23.20 25.70 26.10 24.50 25.30 23.70 22.90 24.00 23.10 23.40 22.90 23.20 23.30 23.20 23.10 * 0
2018-02-01 14:59:17 23.20 23.10 23.00 23.40 23.80 24.90 23.40 23.30 24.30 24.00 23.40 23.70 23.70 23.80 23.80 23.90 23.10 23.20 25.60 26.00 25.10 25.20 23.60 22.90 24.10 23.20 23.40 22.90 23.10 23.30 23.20 23.20 * 0
2018-02-01 14:59:18 23.30 23.10 23.10 23.50 23.80 25.20 23.90 23.40 25.00 24.00 23.40 23.70 23.70 23.80 23.70 23.90 22.90 22.90 24.70 26.20 25.30 24.80 23.50 23.10 23.90 23.60 23.40 22.90 23.20 23.30 23.30 23.20 * 0
2018-02-01 14:59:18 23.40 23.20 23.20 23.60 23.80 25.40 24.60 23.60 25.50 23.90 23.40 23.60 23.60 23.70 23.70 23.90 22.90 22.90 24.00 26.10 25.30 24.70 23.10 23.50 23.50 23.90 24.00 23.00 23.20 23.20 23.30 23.20 * 0
2018-02-01 14:59:18 23.50 23.20 23.20 23.60 23.80 25.00 24.80 23.70 25.50 23.80 23.40 23.60 23.50 23.70 23.70 23.70 23.00 22.90 23.80 26.10 25.40 24.80 23.10 23.60 23.40 23.90 24.60 23.00 23.10 23.20 23.30 23.10 * 0
2018-02-01 14:59:18 23.30 23.10 23.10 23.50 23.70 23.90 24.40 23.70 25.40 23.80 23.30 23.60 23.50 23.70 23.70 23.70 23.00 22.90 23.60 26.10 25.50 24.80 23.10 23.60 23.40 23.90 24.60 22.90 23.10 23.20 23.20 23.10 * 0
2018-02-01 14:59:19 23.20 23.10 23.10 23.50 23.70 23.90 24.40 23.60 25.40 23.80 23.30 23.60 23.50 23.60 23.60 23.70 23.10 23.00 23.50 25.80 25.70 24.80 23.20 23.70 23.30 23.90 24.60 22.90 23.10 23.20 23.20 23.10 * 0
2018-02-01 14:59:19 23.20 23.10 23.00 23.50 23.70 23.90 24.40 23.60 25.40 23.90 23.30 23.60 23.50 23.60 23.60 23.70 23.00 22.90 23.50 25.80 25.50 24.90 23.00 23.70 23.40 24.00 24.60 23.00 23.10 23.20 23.30 23.20 * 0
2018-02-01 14:59:19 23.40 23.20 23.10 23.50 23.70 23.90 24.30 23.70 25.40 24.00 23.30 23.60 23.60 23.70 23.70 23.80 22.90 22.80 23.40 25.80 25.50 24.80 23.00 23.60 23.50 24.00 24.70 23.00 23.20 23.30 23.30 23.20 * 0
2018-02-01 14:59:19 23.40 23.20 23.10 23.50 23.70 23.90 24.00 23.70 24.40 24.70 23.40 23.70 23.70 23.80 23.80 23.90 22.90 22.80 23.40 25.80 25.70 24.90 23.10 23.50 23.50 23.90 24.70 23.10 23.20 23.30 23.30 23.20 * 0
2018-02-01 14:59:20 23.40 23.20 23.20 23.50 23.60 23.90 23.40 23.70 24.10 24.60 23.60 23.60 23.60 23.80 23.80 23.90 22.80 22.90 23.40 25.80 26.00 24.20 23.60 23.70 24.30 25.20 24.70 23.10 23.20 23.30 23.40 23.20 * 0
2018-02-01 14:59:20 23.40 23.20 23.10 23.50 23.70 23.80 23.30 23.60 24.00 24.20 23.60 23.60 23.60 23.70 23.70 23.80 22.90 22.90 23.50 25.90 26.30 23.90 23.60 24.60 24.20 26.00 24.90 23.10 23.30 23.40 23.40 23.30 * 0
2018-02-01 14:59:20 23.30 23.10 23.00 23.40 23.70 23.80 23.20 23.40 23.80 23.90 23.50 23.60 23.60 23.60 23.70 23.80 23.10 23.10 23.80 26.20 26.50 26.80 23.90 25.40 24.70 25.90 25.00 23.20 23.40 23.40 23.50 23.40 * 0
2018-02-01 14:59:21 23.30 23.10 23.00 23.30 23.60 23.70 23.20 23.30 23.70 23.70 23.70 24.10 23.50 23.60 23.60 23.70 23.20 23.10 23.60 25.70 26.70 27.10 24.30 25.50 25.10 25.90 25.10 23.40 23.40 23.40 23.50 23.40 * 0
2018-02-01 14:59:21 23.20 23.00 22.90 23.30 23.50 23.70 23.20 23.40 23.60 23.60 23.50 24.40 23.40 23.50 23.50 23.60 23.20 23.20 23.40 24.50 26.90 27.20 24.50 25.40 25.00 25.70 24.40 23.70 24.00 23.40 23.40 23.30 * 0
2018-02-01 14:59:21 23.30 23.00 23.00 23.30 23.60 23.70 23.30 23.50 23.80 23.80 23.60 25.00 23.80 23.70 23.70 23.70 23.20 23.10 23.20 23.80 26.90 27.10 24.40 25.30 24.90 25.40 23.60 23.00 25.50 23.30 23.20 23.10 * 0
2018-02-01 14:59:21 23.40 23.10 23.10 23.50 23.70 23.80 23.40 23.60 24.00 24.00 23.80 25.80 24.30 23.80 23.80 23.90 23.20 23.00 23.10 23.60 26.30 27.20 24.30 25.30 25.50 25.30 23.50 22.90 25.40 23.30 23.20 23.10 * 0
