2018-02-01 14:55:49 25.90 25.60 23.40 23.30 23.40 23.40 23.10 23.30 23.70 23.80 23.20 23.50 23.50 23.60 23.70 23.80 23.30 24.00 23.30 25.40 24.00 23.20 22.90 22.80 23.30 23.20 23.50 23.10 23.20 23.30 23.30 23.30 * 0
2018-02-01 14:55:49 25.60 25.40 23.40 23.40 23.60 23.60 23.30 23.40 23.70 23.80 23.30 23.50 23.50 23.60 23.70 23.70 23.30 24.00 23.40 25.60 24.00 23.20 22.90 22.80 23.40 23.30 23.50 23.10 23.20 23.30 23.30 23.30 * 0
2018-02-01 14:55:49 25.50 25.20 23.50 23.50 23.70 23.70 23.40 23.50 23.70 23.90 23.30 23.60 23.60 23.70 23.70 23.80 23.30 23.90 23.40 25.70 24.10 23.20 22.90 22.90 23.40 23.20 23.50 23.10 23.20 23.30 23.30 23.30 * 0
2018-02-01 14:55:50 25.50 25.00 23.40 23.50 23.70 23.70 23.40 23.50 23.80 23.90 23.30 23.60 23.60 23.70 23.80 23.90 23.30 23.70 23.50 25.70 24.20 23.20 22.90 22.80 23.40 23.20 23.40 23.00 23.20 23.30 23.30 23.30 * 0
2018-02-01 14:55:50 25.10 24.90 23.30 23.40 23.50 23.60 23.30 23.40 23.90 23.90 23.40 23.70 23.60 23.80 23.80 23.90 23.30 23.60 24.00 25.80 24.30 23.20 22.90 22.80 23.30 23.30 23.50 23.00 23.20 23.20 23.30 23.30 * 0
2018-02-01 14:55:50 25.00 24.90 23.30 23.30 23.50 23.60 23.20 23.30 24.00 23.90 23.50 23.60 23.70 23.80 23.80 24.00 23.30 23.80 24.50 25.90 24.60 23.30 23.10 22.90 23.30 23.30 23.40 23.00 23.20 23.20 23.30 23.20 * 0
2018-02-01 14:55:50 24.90 24.90 23.50 23.30 23.50 23.60 23.30 23.40 24.00 23.90 23.40 23.60 23.60 23.70 23.80 23.90 23.30 24.00 24.40 25.90 24.60 23.30 23.00 22.90 23.20 23.10 23.30 22.90 23.10 23.20 23.20 23.10 * 0
2018-02-01 14:55:51 24.90 25.00 23.80 23.40 23.60 23.50 23.30 23.30 23.90 23.80 23.30 23.60 23.60 23.70 23.70 23.80 23.20 23.90 24.30 25.90 24.50 23.30 22.90 22.90 23.20 23.00 23.30 22.90 23.10 23.10 23.10 23.10 * 0
2018-02-01 14:55:51 25.00 25.40 24.00 23.40 23.60 23.60 23.30 23.30 23.70 23.80 23.30 23.60 23.60 23.70 23.70 23.80 23.20 24.00 24.30 25.90 24.50 23.20 22.90 22.80 23.20 23.10 23.30 22.90 23.10 23.10 23.10 23.10 * 0
2018-02-01 14:55:51 25.20 25.20 23.60 23.50 23.60 23.70 23.30 23.50 23.80 23.80 23.30 23.60 23.60 23.70 23.70 23.80 23.20 24.20 24.40 25.90 24.50 23.20 22.90 22.80 23.20 23.10 23.30 23.00 23.20 23.20 23.20 23.20 * 0
2018-02-01 14:55:52 24.80 25.00 23.50 23.50 23.60 23.60 23.30 23.50 23.60 23.70 23.20 23.50 23.60 23.60 23.70 23.70 23.10 24.20 24.20 25.90 24.60 23.20 22.80 22.70 23.30 23.20 23.40 23.00 23.20 23.20 23.30 23.20 * 0
2018-02-01 14:55:52 24.50 24.90 23.50 23.40 23.50 23.60 23.20 23.30 23.70 23.70 23.20 23.50 23.60 23.60 23.70 23.70 23.20 24.10 23.80 25.90 24.70 23.20 22.90 22.80 23.40 23.20 23.50 23.10 23.30 23.30 23.30 23.30 * 0
2018-02-01 14:55:52 24.00 25.00 23.50 23.30 23.50 23.50 23.20 23.20 23.70 23.70 23.30 23.50 23.60 23.60 23.70 23.70 23.30 24.20 24.00 26.10 25.00 23.30 23.00 23.00 23.40 23.30 23.50 23.10 23.30 23.30 23.40 23.40 * 0
2018-02-01 14:55:52 23.20 23.60 24.20 23.20 23.40 23.50 23.00 23.10 23.60 23.70 23.30 23.50 23.60 23.60 23.70 23.70 23.50 24.40 24.10 26.30 25.10 23.40 23.10 23.10 23.30 23.20 23.40 23.00 23.20 23.20 23.30 23.20 * 0
2018-02-01 14:55:53 23.20 23.50 25.40 23.30 23.40 23.50 23.00 23.20 23.70 23.70 23.30 23.50 23.60 23.60 23.70 23.70 23.50 24.30 24.00 26.40 24.90 23.40 23.10 23.00 23.20 23.10 23.40 22.90 23.10 23.20 23.20 23.10 * 0
2018-02-01 14:55:53 23.30 23.60 25.70 23.40 23.50 23.50 23.10 23.20 23.90 23.90 23.40 23.60 23.70 23.80 23.90 23.90 23.40 24.60 24.00 26.20 24.70 23.30 23.00 22.90 23.10 23.00 23.30 22.80 23.00 23.00 23.10 23.00 * 0
2018-02-01 14:55:53 23.60 24.20 25.40 23.40 23.60 23.60 23.20 23.30 24.00 24.10 23.50 23.70 23.80 23.90 24.00 24.00 23.30 24.70 24.10 26.10 24.60 23.30 22.90 22.90 23.00 22.90 23.20 22.70 22.90 23.00 23.00 22.90 * 0
2018-02-01 14:55:53 23.70 25.00 24.80 23.50 23.60 23.60 23.30 23.40 24.00 24.10 23.50 23.80 23.80 23.90 24.00 24.00 23.30 24.70 24.20 25.80 24.60 23.30 22.90 22.90 23.00 22.90 23.20 22.80 22.90 23.10 23.10 23.00 * 0
2018-02-01 14:55:54 24.20 26.00 23.20 23.30 23.50 23.50 23.20 23.30 24.00 24.10 23.50 23.80 23.80 23.90 24.00 24.00 23.30 24.80 24.50 25.70 24.60 23.30 23.00 22.90 23.10 23.00 23.20 22.80 23.00 23.10 23.10 23.10 * 0
2018-02-01 14:55:54 24.70 25.80 23.00 23.40 23.40 23.40 23.10 23.20 24.00 24.00 23.50 23.70 23.70 23.90 24.00 24.00 23.40 24.70 24.70 26.00 24.20 23.20 23.00 22.90 23.40 23.30 23.50 23.10 23.20 23.30 23.30 23.40 * 0
2018-02-01 14:55:54 24.90 25.90 23.00 23.30 23.40 23.50 23.10 23.20 23.70 23.80 23.20 23.50 23.50 23.70 23.70 23.80 23.40 24.70 24.80 26.40 24.10 23.30 23.00 22.90 23.40 23.20 23.50 23.00 23.20 23.30 23.30 23.30 * 0
2018-02-01 14:55:54 25.20 26.40 23.10 23.30 23.50 23.50 23.20 23.30 23.70 23.70 23.20 23.50 23.50 23.60 23.60 23.80 23.50 24.70 24.90 26.40 24.10 23.30 23.00 22.90 23.30 23.20 23.40 23.00 23.20 23.30 23.30 23.20 * 0
2018-02-01 14:55:55 25.60 26.80 23.20 23.40 23.70 23.60 23.20 23.40 23.70 23.70 23.20 23.50 23.50 23.60 23.50 23.70 23.40 24.80 25.40 26.50 24.10 23.20 23.00 22.90 23.30 23.20 23.30 22.90 23.20 23.20 23.20 23.20 * 0
2018-02-01 14:55:55 25.40 26.90 23.50 23.50 23.60 23.70 23.40 23.60 23.70 23.70 23.20 23.50 23.50 23.60 23.50 23.70 23.40 24.90 26.10 26.50 24.10 23.30 22.90 22.90 23.30 23.20 23.40 23.10 23.20 23.20 23.20 23.20 * 0
2018-02-01 14:55:55 24.90 27.00 23.60 23.60 23.70 23.80 23.40 23.60 23.70 23.70 23.20 23.50 23.60 23.70 23.70 23.80 23.70 25.40 26.50 26.40 24.10 23.30 23.10 23.00 23.30 23.20 23.50 23.00 23.20 23.20 23.20 23.30 * 0
2018-02-01 14:55:55 24.60 27.20 23.60 23.50 23.70 23.70 23.30 23.50 23.70 23.70 23.30 23.50 23.50 23.70 23.60 23.80 23.60 25.50 26.60 26.00 24.10 23.30 23.00 22.90 23.40 23.20 23.50 23.00 23.20 23.30 23.30 23.40 * 0
2018-02-01 14:55:56 24.30 27.20 23.90 23.30 23.50 23.60 23.20 23.30 23.70 23.70 23.30 23.60 23.50 23.70 23.70 23.80 23.60 25.40 26.50 25.50 24.10 23.30 23.00 22.90 23.50 23.30 23.50 23.10 23.30 23.40 23.50 23.40 * 0
2018-02-01 14:55:56 24.00 27.20 24.40 23.30 23.40 23.50 23.20 23.20 23.80 23.80 23.30 23.60 23.60 23.80 23.80 23.80 23.60 25.40 26.60 25.30 24.10 23.30 23.00 23.00 23.50 23.30 23.50 23.10 23.30 23.40 23.50 23.40 * 0
2018-02-01 14:55:56 23.70 25.90 24.20 23.30 23.40 23.60 23.20 23.20 23.80 23.80 23.40 23.60 23.70 23.80 23.80 23.90 23.60 25.80 26.60 25.10 24.00 23.20 23.00 23.00 23.20 23.20 23.40 23.00 23.10 23.20 23.20 23.20 * 0
2018-02-01 14:55:57 23.80 25.70 24.70 23.50 23.50 23.60 23.20 23.30 23.90 23.90 23.40 23.70 23.70 23.80 23.90 23.90 23.60 26.00 26.70 24.70 23.90 23.10 22.80 22.80 23.20 23.10 23.30 22.90 23.10 23.20 23.20 23.10 * 0
2018-02-01 14:55:57 23.80 25.40 24.70 23.50 23.60 23.70 23.30 23.40 23.80 23.90 23.40 23.70 23.70 23.80 23.80 23.90 23.60 26.10 27.10 24.40 24.10 23.20 22.90 22.80 23.20 23.00 23.30 22.80 23.10 23.20 23.20 23.10 * 0
2018-02-01 14:55:57 23.70 24.40 24.20 23.50 23.60 23.70 23.40 23.50 23.80 23.80 23.40 23.60 23.70 23.70 23.80 23.90 23.70 26.20 27.20 24.00 23.80 23.40 23.30 23.00 23.60 23.10 23.20 22.80 23.10 23.20 23.20 23.10 * 0
2018-02-01 14:55:57 23.60 23.60 23.80 23.50 23.60 23.70 23.40 23.50 23.70 23.70 23.30 23.60 23.60 23.70 23.70 23.90 23.70 26.20 27.20 23.80 23.50 23.90 24.10 23.20 24.30 23.10 23.30 22.80 23.00 23.20 23.10 23.10 * 0
2018-02-01 14:55:58 23.40 23.10 23.10 23.40 23.50 23.60 23.30 23.40 23.70 23.70 23.20 23.50 23.60 23.60 23.70 23.80 23.80 26.30 27.00 24.00 23.50 24.40 24.60 23.30 24.50 23.30 23.40 23.00 23.20 23.30 23.40 23.30 * 0
2018-02-01 14:55:58 23.40 23.10 23.10 23.30 23.50 23.60 23.20 23.30 23.60 23.70 23.20 23.50 23.50 23.60 23.60 23.70 23.70 26.10 27.40 24.00 23.50 24.30 24.50 23.30 24.70 23.40 23.50 23.10 23.30 23.40 23.50 23.40 * 0
2018-02-01 14:55:58 23.30 23.10 23.10 23.30 23.50 23.60 23.20 23.30 23.70 23.80 23.30 23.60 23.50 23.70 23.70 23.80 23.40 25.60 27.10 23.80 23.40 24.10 24.50 23.20 24.80 23.60 23.60 23.20 23.30 23.40 23.60 23.50 * 0
2018-02-01 14:55:58 23.30 23.10 23.00 23.40 23.50 23.70 23.20 23.30 23.80 23.90 23.40 23.60 23.60 23.80 23.80 23.90 23.30 24.70 26.80 24.60 24.40 24.60 24.40 23.20 24.80 23.60 23.60 23.20 23.40 23.40 23.60 23.50 * 0
2018-02-01 14:55:59 23.30 23.10 23.00 23.40 23.50 23.60 23.30 23.30 23.80 23.80 23.40 23.60 23.70 23.80 23.80 23.90 23.30 24.60 27.00 24.80 25.40 25.60 24.50 23.20 24.80 23.50 23.60 23.20 23.40 23.40 23.50 23.50 * 0
2018-02-01 14:55:59 23.40 23.10 23.00 23.40 23.50 23.70 23.30 23.40 23.90 23.80 23.40 23.60 23.70 23.80 23.80 23.90 23.20 25.00 27.10 24.90 25.30 26.10 24.60 23.10 24.80 23.40 23.60 23.10 23.30 23.40 23.40 23.40 * 0
2018-02-01 14:55:59 23.50 23.10 23.10 23.40 23.60 23.70 23.30 23.50 23.90 23.80 23.40 23.60 23.60 23.70 23.70 23.90 23.40 25.20 26.80 27.40 25.20 26.20 24.80 23.20 24.70 23.40 23.50 23.00 23.20 23.20 23.40 23.30 * 0
2018-02-01 14:55:59 23.50 23.20 23.20 23.40 23.60 23.70 23.60 23.60 25.70 25.00 23.60 23.60 23.60 23.70 23.70 23.90 23.40 25.20 26.90 27.90 25.20 26.10 25.00 23.60 24.80 23.70 23.50 23.00 23.20 23.20 23.30 23.20 * 0
2018-02-01 14:56:00 23.40 23.20 23.20 23.50 23.60 24.20 25.70 25.30 28.30 27.00 24.70 23.70 23.60 23.80 23.70 23.80 23.40 24.80 27.00 27.90 25.20 26.00 24.30 23.80 24.30 23.80 24.40 23.30 23.20 23.30 23.30 23.20 * 0
2018-02-01 14:56:00 23.50 23.30 23.20 23.50 23.70 24.80 28.50 28.30 29.50 28.20 26.60 23.90 23.60 23.80 23.70 23.80 23.30 24.30 27.10 28.00 25.10 25.90 23.40 23.40 23.50 23.30 24.90 24.20 23.20 23.20 23.30 23.20 * 0
2018-02-01 14:56:00 23.50 23.20 23.20 23.50 23.70 24.10 27.40 28.90 29.30 28.80 28.00 24.90 23.60 23.80 23.70 23.80 23.30 24.10 27.30 28.00 25.10 25.90 23.40 23.00 23.60 23.30 25.00 24.40 23.30 23.30 23.40 23.30 * 0
2018-02-01 14:56:00 23.50 23.10 23.10 23.50 23.60 23.90 25.90 28.90 26.90 29.80 28.60 27.60 24.00 23.70 23.80 23.80 23.10 23.70 26.90 27.80 25.00 25.90 23.40 23.00 23.70 23.40 25.10 24.50 23.40 23.40 23.60 23.40 * 0
2018-02-01 14:56:01 23.40 23.10 23.10 23.40 23.60 23.80 24.30 28.10 25.70 29.20 29.40 28.00 25.00 23.80 23.90 23.90 23.10 23.20 26.00 27.30 25.60 26.00 23.40 23.00 23.70 23.40 25.10 24.50 23.40 23.40 23.50 23.40 * 0
2018-02-01 14:56:01 23.30 23.10 23.00 23.40 23.60 23.80 23.60 26.90 24.90 28.00 29.90 28.90 26.90 24.50 23.90 24.00 23.10 23.20 25.80 27.00 26.30 26.00 23.50 23.10 23.60 23.40 25.00 24.60 23.40 23.30 23.50 23.40 * 0
2018-02-01 14:56:01 23.30 23.10 23.00 23.30 23.60 23.70 23.30 23.90 24.40 26.20 29.20 30.20 28.30 26.20 24.00 24.10 23.20 23.40 26.00 27.10 26.40 26.10 23.60 23.20 23.60 23.40 25.00 24.50 23.40 23.40 23.40 23.40 * 0
2018-02-01 14:56:01 23.30 23.10 23.00 23.30 23.50 23.70 23.30 23.70 24.20 25.30 28.60 30.70 28.60 27.10 24.10 24.10 23.20 23.90 26.30 27.10 26.10 26.00 23.50 23.20 23.60 23.30 24.90 24.60 23.30 23.30 23.40 23.30 * 0
2018-02-01 14:56:02 23.30 23.10 23.00 23.40 23.60 23.70 23.40 24.90 25.80 28.40 29.80 28.70 27.70 24.70 23.70 23.90 23.20 24.00 26.40 27.00 26.10 26.10 23.60 23.20 23.60 23.20 24.30 24.70 23.20 23.20 23.30 23.20 * 0
2018-02-01 14:56:02 23.50 23.20 23.20 23.50 23.90 24.30 25.10 27.50 29.20 30.70 30.30 28.30 25.90 23.90 23.70 23.80 23.30 24.30 26.50 27.00 27.00 26.00 24.40 23.30 24.00 23.20 23.60 24.00 23.20 23.20 23.30 23.20 * 0
2018-02-01 14:56:02 23.60 23.40 24.40 26.10 26.40 26.70 28.80 29.80 29.10 28.10 27.40 25.90 23.90 23.60 23.70 23.70 23.30 24.50 26.60 27.10 27.90 24.80 24.20 23.20 24.00 23.20 23.30 23.00 23.20 23.20 23.20 23.10 * 0
2018-02-01 14:56:03 23.70 23.70 27.30 30.00 29.90 28.60 26.10 24.10 25.80 24.10 23.40 23.60 23.50 23.50 23.70 23.70 23.30 24.50 26.80 27.20 28.10 24.00 23.80 24.00 24.90 25.60 24.10 23.10 23.10 23.20 23.30 23.20 * 0
2018-02-01 14:56:03 23.60 23.40 24.50 29.30 30.20 29.00 26.90 24.50 27.20 24.60 23.40 23.60 23.60 23.60 23.70 23.80 23.30 24.50 26.70 27.40 28.20 24.40 24.60 25.40 25.10 25.80 24.20 23.10 23.20 23.40 23.40 23.30 * 0
2018-02-01 14:56:03 23.50 23.20 23.30 27.00 30.00 28.80 27.60 25.70 28.30 26.80 26.30 26.30 24.00 23.70 23.80 23.90 23.30 24.40 26.60 27.40 28.20 24.50 24.70 25.50 25.30 26.00 24.30 23.20 23.40 23.50 23.50 23.50 * 0
2018-02-01 14:56:03 23.30 23.10 23.10 24.50 28.70 29.80 28.50 27.50 29.70 28.90 31.00 30.90 26.90 23.90 24.00 24.00 23.30 24.20 26.40 27.40 28.10 24.50 24.80 25.90 25.50 26.50 24.30 23.20 23.40 23.50 23.50 23.50 * 0
2018-02-01 14:56:04 23.30 23.10 23.00 23.40 26.00 30.30 30.10 28.80 30.40 29.40 32.50 32.80 30.40 24.40 24.00 24.00 23.30 24.10 26.30 27.30 28.10 24.50 24.80 26.20 25.40 27.00 24.30 23.20 23.40 23.40 23.40 23.40 * 0
2018-02-01 14:56:04 23.30 23.10 23.10 23.60 26.80 30.70 30.10 28.90 30.40 29.40 32.30 32.80 31.20 24.50 24.00 24.00 23.20 24.10 26.40 27.30 28.10 24.50 24.70 26.20 25.30 26.60 24.10 23.10 23.30 23.30 23.40 23.40 * 0
2018-02-01 14:56:04 23.40 23.20 23.20 24.10 28.40 31.10 29.60 28.90 29.40 29.50 32.50 31.20 25.80 24.00 24.00 24.00 23.10 24.00 26.30 27.10 28.10 24.40 24.50 25.50 25.10 26.00 24.00 23.10 23.20 23.20 23.30 23.30 * 0
2018-02-01 14:56:04 23.50 23.30 23.40 26.10 30.00 30.30 28.80 28.90 27.90 27.30 28.00 26.50 23.90 23.80 23.80 23.90 23.20 24.20 26.50 27.20 28.10 24.10 24.70 25.30 25.10 25.60 24.00 23.00 23.20 23.20 23.20 23.20 * 0
2018-02-01 14:56:05 23.60 23.50 25.30 28.90 29.50 28.50 27.20 26.60 25.60 24.30 23.90 23.60 23.60 23.60 23.80 23.70 23.30 24.60 26.90 27.20 28.20 23.90 25.00 25.40 25.40 25.70 24.00 23.00 23.20 23.30 23.30 23.30 * 0
