2018-02-01 15:00:00 23.40 23.30 23.20 23.60 23.70 23.90 23.60 23.70 24.30 25.00 28.70 29.50 28.40 25.40 24.10 24.10 23.10 23.00 23.30 26.70 27.10 25.80 25.70 23.60 25.10 23.20 23.40 23.30 26.60 23.30 23.20 23.10 * 0
2018-02-01 15:00:00 23.50 23.30 23.20 23.60 23.70 23.90 23.60 23.80 24.10 24.50 27.50 30.00 28.30 25.60 24.00 24.00 23.10 23.00 23.30 26.70 27.10 25.90 25.70 23.60 25.10 23.20 23.30 23.20 26.50 23.20 23.20 23.10 * 0
2018-02-01 15:00:00 23.50 23.20 23.20 23.60 23.70 23.90 23.50 23.70 24.20 24.30 26.10 29.10 28.20 25.70 24.10 24.10 23.10 23.00 23.20 26.30 27.10 25.90 25.70 23.50 25.10 23.20 23.30 23.00 25.60 23.60 23.20 23.10 * 0
2018-02-01 15:00:00 23.40 23.20 23.10 23.50 23.60 23.80 23.50 23.60 24.20 24.20 24.30 26.10 26.80 25.10 24.10 24.10 23.10 22.90 23.20 26.40 26.80 26.10 25.70 23.50 25.20 23.10 23.30 23.00 24.80 23.90 23.20 23.10 * 0
2018-02-01 15:00:01 23.30 23.10 23.00 23.50 23.60 23.70 23.40 23.50 24.10 24.10 23.60 24.00 24.60 24.20 23.90 24.10 23.00 22.90 23.40 26.90 26.50 26.70 25.80 23.60 25.90 23.70 23.60 24.10 25.10 23.60 23.30 23.20 * 0
2018-02-01 15:00:01 23.20 23.10 22.90 23.50 23.60 23.70 23.30 23.50 24.10 24.00 23.50 23.80 23.70 23.90 23.90 24.00 23.10 23.10 24.40 26.10 27.30 27.30 26.00 24.90 25.90 24.50 23.90 24.10 25.10 23.50 23.30 23.20 * 0
2018-02-01 15:00:01 23.40 23.10 23.10 23.50 23.60 23.80 23.40 23.50 23.90 23.90 23.50 23.80 23.70 23.90 23.80 23.90 23.10 23.20 24.70 26.40 27.50 27.30 25.30 24.30 25.00 24.10 23.70 23.90 25.10 23.70 23.50 23.20 * 0
2018-02-01 15:00:01 23.40 23.20 23.10 23.50 23.70 23.80 23.40 23.60 23.80 23.90 23.40 23.80 23.70 24.00 23.80 23.90 23.00 23.20 24.90 26.60 27.50 27.40 24.70 23.20 24.50 23.10 23.30 23.70 25.10 23.70 24.20 24.00 * 0
2018-02-01 15:00:02 23.40 23.30 23.20 23.50 23.70 23.90 23.50 23.60 23.80 23.90 23.40 23.80 23.70 24.10 23.80 23.90 23.00 23.30 25.30 26.80 27.50 27.40 24.80 23.20 24.60 23.10 23.40 23.50 25.10 23.50 24.40 24.50 * 0
2018-02-01 15:00:02 23.50 23.20 23.20 23.50 23.60 23.80 23.40 23.60 23.70 23.70 23.30 23.70 23.60 24.10 23.80 23.80 23.10 23.30 25.30 26.80 27.70 27.40 26.80 23.70 26.60 23.40 23.50 23.50 25.20 23.50 24.30 24.50 * 0
2018-02-01 15:00:02 23.40 23.20 23.10 23.40 23.60 23.80 23.40 23.50 23.70 23.70 23.30 23.60 24.10 25.50 23.90 23.70 23.20 23.20 25.00 26.50 27.60 27.40 28.10 24.00 27.70 23.50 23.50 23.60 25.30 24.00 24.20 24.00 * 0
2018-02-01 15:00:02 23.30 23.10 23.00 23.40 23.60 23.80 23.30 23.50 23.70 23.80 23.40 24.00 26.60 27.00 24.00 23.80 23.10 23.10 24.90 26.30 27.60 27.50 28.30 24.10 27.80 23.40 23.50 23.60 25.30 25.30 24.10 23.40 * 0
2018-02-01 15:00:03 23.30 23.10 23.10 23.40 23.50 23.70 23.30 23.50 23.80 24.00 23.80 26.20 29.60 27.50 24.00 23.90 23.00 23.10 24.90 26.30 27.50 27.50 28.30 24.00 27.80 23.50 23.60 23.40 25.40 26.10 23.80 23.40 * 0
2018-02-01 15:00:03 23.30 23.00 23.10 23.40 23.50 23.70 23.40 23.50 24.00 24.30 24.80 29.00 31.30 26.90 24.00 23.90 23.00 23.10 24.80 26.30 27.50 27.50 28.20 23.90 27.90 23.50 23.60 23.20 25.70 26.20 23.80 23.50 * 0
2018-02-01 15:00:03 23.40 23.10 23.10 23.40 23.60 23.80 23.50 23.60 24.10 24.60 25.50 29.80 31.80 26.90 24.00 24.00 22.90 23.00 24.80 26.20 27.50 27.40 28.30 23.80 28.10 23.60 23.60 23.20 25.80 26.20 23.80 23.60 * 0
2018-02-01 15:00:03 23.40 23.10 23.10 23.50 23.60 23.80 23.40 23.70 24.10 24.50 25.20 29.10 31.80 28.50 24.20 24.10 22.90 23.10 24.70 26.20 27.50 27.40 28.30 23.80 28.10 23.60 23.60 23.10 25.80 26.20 23.80 23.50 * 0
2018-02-01 15:00:04 23.30 23.00 23.10 23.40 23.60 23.70 23.30 23.60 24.00 24.40 25.10 28.80 31.70 28.90 24.10 24.00 23.00 23.10 24.80 26.20 27.60 27.40 28.30 23.90 28.10 23.60 23.60 23.10 25.80 26.20 23.80 23.40 * 0
2018-02-01 15:00:04 23.20 23.00 23.00 23.40 23.50 23.70 23.30 23.60 24.00 24.40 25.10 28.60 31.60 29.10 24.10 23.90 23.00 23.10 24.80 26.20 27.60 27.50 28.50 23.90 28.10 23.50 23.60 23.10 25.70 26.20 23.80 23.40 * 0
2018-02-01 15:00:04 23.30 23.00 23.00 23.40 23.50 23.70 23.30 23.60 24.10 24.40 25.10 28.60 31.70 29.30 24.20 23.90 23.10 23.20 24.90 26.30 27.60 27.60 28.60 24.00 28.10 23.50 23.60 23.10 25.70 26.20 23.70 23.40 * 0
2018-02-01 15:00:05 23.30 23.00 23.00 23.40 23.50 23.70 23.30 23.60 24.10 24.40 25.10 28.70 31.70 29.30 24.20 24.00 23.20 23.10 25.00 26.30 27.70 27.70 28.60 24.10 27.90 23.40 23.40 23.10 25.70 26.00 23.70 23.20 * 0
2018-02-01 15:00:05 23.30 23.00 23.00 23.40 23.60 23.70 23.30 23.60 24.10 24.40 25.10 28.70 31.70 29.20 24.10 24.00 23.20 23.10 25.00 26.30 27.70 27.70 28.60 24.10 27.90 23.30 23.30 23.00 25.60 26.00 23.70 23.20 * 0
2018-02-01 15:00:05 23.30 23.10 23.10 23.40 23.60 23.80 23.30 23.70 24.10 24.40 25.10 28.60 31.70 29.30 24.10 24.00 23.10 23.10 24.90 26.30 27.70 27.60 28.60 24.00 27.90 23.30 23.30 23.00 25.60 26.10 23.70 23.20 * 0
2018-02-01 15:00:05 23.30 23.10 23.10 23.40 23.60 23.70 23.30 23.70 24.10 24.50 25.10 28.60 31.80 29.40 24.20 24.00 23.00 23.00 24.80 26.20 27.60 27.60 28.60 24.00 28.00 23.40 23.40 23.00 25.70 26.10 23.70 23.20 * 0
2018-02-01 15:00:06 23.20 23.10 23.10 23.50 23.60 23.70 23.30 23.60 24.10 24.50 25.00 28.60 31.70 29.50 24.20 24.00 22.90 23.00 24.70 26.20 27.50 27.50 28.50 23.90 28.00 23.50 23.50 23.10 25.80 26.10 23.70 23.30 * 0
2018-02-01 15:00:06 23.30 23.10 23.00 23.40 23.60 23.70 23.40 23.60 24.10 24.40 25.00 28.50 31.70 29.50 24.20 24.00 22.90 23.00 24.70 26.20 27.60 27.60 28.50 23.80 28.10 23.60 23.50 23.10 25.80 26.20 23.70 23.30 * 0
2018-02-01 15:00:06 23.20 23.00 23.00 23.40 23.50 23.70 23.30 23.60 24.00 24.40 25.00 28.50 31.60 29.30 24.20 24.00 23.00 23.10 24.80 26.20 27.70 27.60 28.60 23.90 28.10 23.60 23.50 23.10 25.80 26.20 23.70 23.40 * 0
2018-02-01 15:00:06 23.20 23.10 23.00 23.40 23.50 23.70 23.40 23.60 24.00 24.30 25.00 28.50 31.50 29.20 24.10 23.90 23.10 23.10 24.90 26.30 27.70 27.70 28.70 24.00 28.10 23.50 23.50 23.10 25.80 26.20 23.70 23.40 * 0
2018-02-01 15:00:07 23.30 23.10 23.00 23.40 23.60 23.70 23.40 23.60 24.00 24.30 24.90 28.40 31.50 29.10 24.00 23.80 23.10 23.10 24.90 26.30 27.80 27.70 28.70 24.10 28.10 23.50 23.40 23.10 25.70 26.10 23.70 23.30 * 0
2018-02-01 15:00:07 23.40 23.20 23.10 23.50 23.70 23.80 23.50 23.70 23.80 24.20 24.80 28.40 31.50 29.10 24.00 23.70 23.10 23.10 24.90 26.30 27.80 27.70 28.70 24.10 28.10 23.50 23.40 23.10 25.70 26.20 23.70 23.40 * 0
2018-02-01 15:00:07 23.50 23.20 23.20 23.50 23.70 23.80 23.50 23.80 23.90 24.20 24.80 28.40 31.50 29.20 24.00 23.70 23.10 23.10 24.90 26.30 27.70 27.70 28.70 24.00 28.10 23.50 23.40 23.10 25.70 26.20 23.70 23.40 * 0
2018-02-01 15:00:07 23.60 23.20 23.20 23.50 23.70 23.90 23.60 23.90 23.90 24.20 24.80 28.30 31.50 29.30 24.00 23.80 23.10 23.10 24.80 26.30 27.70 27.70 28.60 24.00 28.10 23.50 23.40 23.10 25.70 26.20 23.70 23.30 * 0
2018-02-01 15:00:08 23.50 23.20 23.20 23.50 23.70 23.90 23.50 23.80 24.00 24.30 24.80 28.20 31.50 29.40 24.10 23.80 23.10 23.10 24.80 26.30 27.70 27.70 28.60 24.00 28.10 23.50 23.40 23.10 25.60 26.20 23.80 23.30 * 0
2018-02-01 15:00:08 23.30 23.20 23.20 23.50 23.60 23.80 23.50 23.70 24.00 24.20 24.60 27.40 31.10 29.70 24.30 23.90 23.10 23.10 24.80 26.30 27.70 27.60 28.60 24.00 28.10 23.50 23.40 23.00 24.70 26.20 23.70 23.30 * 0
2018-02-01 15:00:08 23.30 23.10 23.10 23.40 23.60 23.70 23.40 23.60 24.00 24.20 24.20 25.90 30.10 30.30 24.90 24.20 23.10 23.10 24.70 26.10 27.70 27.60 28.60 24.00 27.70 23.90 23.50 23.10 23.90 26.30 23.80 23.40 * 0
2018-02-01 15:00:08 23.40 23.10 23.10 23.40 23.60 23.80 23.40 23.60 24.00 24.10 24.20 25.30 28.50 31.00 26.00 24.30 23.10 22.90 23.40 24.70 26.10 27.10 27.60 25.30 27.30 25.50 23.50 23.00 23.80 26.30 23.70 23.30 * 0
2018-02-01 15:00:09 23.50 23.20 23.20 23.60 23.80 23.90 23.50 23.70 23.90 24.10 24.20 25.30 28.60 31.00 26.00 24.20 23.10 22.90 23.00 24.30 25.50 26.80 27.50 26.80 27.60 27.00 23.70 23.00 23.80 26.30 23.70 23.40 * 0
2018-02-01 15:00:09 23.50 23.30 23.20 23.60 23.70 23.90 23.50 23.70 23.90 24.00 24.20 25.30 28.60 31.10 26.00 24.10 23.10 22.90 23.00 24.30 25.70 26.90 27.70 27.10 27.80 27.20 23.80 23.10 23.90 26.30 23.80 23.40 * 0
2018-02-01 15:00:09 23.50 23.20 23.20 23.50 23.70 23.90 23.50 23.70 23.80 23.90 24.10 25.30 28.70 31.20 26.20 24.10 23.10 23.00 23.10 24.40 25.70 27.00 27.80 27.10 27.80 27.20 23.80 23.10 23.80 26.30 23.80 23.40 * 0
2018-02-01 15:00:10 23.50 23.20 23.20 23.50 23.60 23.90 23.50 23.70 23.90 23.90 24.00 25.20 28.90 31.30 26.40 24.10 23.10 23.00 23.10 24.40 25.80 27.00 27.90 27.10 27.70 27.20 23.70 23.00 23.80 26.20 23.80 23.40 * 0
2018-02-01 15:00:10 23.40 23.10 23.10 23.50 23.60 23.80 23.50 23.60 23.90 24.00 24.10 25.30 29.30 31.70 26.90 24.30 23.20 23.00 23.00 24.40 25.80 27.00 27.90 27.10 27.70 27.20 23.80 23.00 23.80 26.20 23.80 23.30 * 0
2018-02-01 15:00:10 23.30 23.20 23.00 23.40 23.50 23.80 23.40 23.50 24.10 24.10 24.10 25.40 29.60 31.90 26.60 24.30 23.10 22.90 23.00 24.30 25.70 26.90 27.80 27.00 27.80 27.30 23.80 23.00 23.90 26.30 23.90 23.30 * 0
2018-02-01 15:00:10 23.30 23.20 23.10 23.50 23.60 23.80 23.40 23.60 24.10 24.10 24.10 25.40 29.70 32.00 26.20 24.40 23.00 22.80 22.90 24.20 25.60 26.90 27.70 26.90 27.90 27.30 23.80 23.10 23.90 26.30 23.90 23.40 * 0
2018-02-01 15:00:11 23.40 23.20 23.10 23.50 23.60 23.80 23.50 23.70 24.10 24.20 24.10 25.30 29.60 32.10 26.70 24.50 22.90 22.80 22.90 24.20 25.60 26.90 27.70 27.00 27.90 27.30 23.80 23.10 23.70 26.10 23.80 23.50 * 0
2018-02-01 15:00:11 23.40 23.20 23.20 23.50 23.70 23.90 23.40 23.70 24.20 24.20 24.30 25.70 29.70 32.30 27.60 24.70 23.00 22.80 23.00 24.20 25.50 26.80 27.70 27.20 28.00 27.30 23.80 23.10 23.70 26.10 23.90 23.40 * 0
2018-02-01 15:00:11 23.40 23.20 23.20 23.60 23.70 23.90 23.50 23.70 23.90 24.00 23.90 25.40 27.90 31.30 30.20 24.90 23.10 22.90 23.00 24.20 25.50 26.80 27.80 27.30 27.90 27.30 23.90 23.10 23.80 26.10 23.80 23.40 * 0
2018-02-01 15:00:11 23.40 23.10 23.10 23.50 23.70 23.80 23.50 23.60 24.00 24.10 23.70 24.90 26.40 30.20 30.80 25.30 23.10 22.90 23.00 24.20 25.50 26.70 27.80 27.30 27.80 27.40 24.00 23.20 24.10 26.00 23.80 23.40 * 0
2018-02-01 15:00:12 23.40 23.10 23.10 23.40 23.60 23.80 23.40 23.60 24.00 24.10 23.70 24.50 25.10 28.50 30.40 25.40 23.00 22.90 23.00 24.10 25.30 26.50 27.80 27.20 27.90 27.40 24.10 23.10 24.40 25.20 24.10 23.60 * 0
2018-02-01 15:00:12 23.40 23.10 23.00 23.40 23.50 23.70 23.40 23.50 24.00 24.10 23.60 24.10 24.40 26.70 29.50 25.20 23.00 22.80 22.90 23.80 25.20 26.40 27.70 27.10 28.00 27.40 25.60 23.20 24.50 24.20 24.00 24.40 * 0
2018-02-01 15:00:12 23.40 23.10 23.00 23.40 23.60 23.80 23.40 23.50 23.90 24.00 23.50 23.90 24.00 25.00 27.70 24.80 23.00 22.80 22.90 23.40 24.20 25.30 27.00 27.10 27.20 27.40 28.40 23.60 23.90 24.00 23.70 24.90 * 0
2018-02-01 15:00:12 23.30 23.10 23.10 23.40 23.60 23.70 23.30 23.60 24.10 24.10 23.50 23.90 23.90 24.20 26.40 24.50 23.10 22.90 23.00 23.20 23.70 24.60 26.00 27.00 26.30 27.30 28.00 23.60 23.40 23.70 23.90 24.90 * 0
2018-02-01 15:00:13 23.40 23.10 23.00 23.40 23.60 23.70 23.40 23.50 24.00 24.00 23.50 23.90 23.90 24.10 25.50 24.30 23.00 22.90 22.90 23.20 23.50 24.00 25.00 26.20 25.40 26.50 27.50 25.40 23.70 23.90 24.20 24.90 * 0
2018-02-01 15:00:13 23.50 23.20 23.20 23.50 23.60 23.80 23.50 23.60 23.90 23.90 23.50 23.90 23.90 24.00 25.00 24.20 23.00 22.80 22.90 23.20 23.40 23.90 24.50 25.30 24.90 25.70 27.40 27.50 24.60 24.00 24.30 25.00 * 0
2018-02-01 15:00:13 23.60 23.20 23.20 23.50 23.70 23.80 23.50 23.60 23.70 23.80 23.40 23.70 23.70 23.80 24.80 24.20 23.10 23.00 23.00 23.20 23.40 24.00 24.70 25.30 25.10 25.80 27.60 27.80 25.50 24.00 24.20 24.90 * 0
2018-02-01 15:00:13 23.50 23.20 23.20 23.50 23.60 23.70 23.40 23.60 23.70 23.70 23.30 23.50 23.60 23.70 24.60 24.10 23.00 22.90 22.90 23.10 23.30 23.90 24.50 25.40 25.00 25.90 27.60 27.80 25.50 24.00 24.20 24.90 * 0
2018-02-01 15:00:14 23.40 23.10 23.10 23.40 23.50 23.70 23.40 23.50 23.70 23.80 23.40 23.60 23.70 23.80 24.20 24.30 23.00 22.80 22.90 23.10 23.30 23.80 24.30 25.20 24.80 25.60 27.40 27.80 25.90 23.90 24.20 25.00 * 0
2018-02-01 15:00:14 23.40 23.00 23.10 23.50 23.50 23.60 23.30 23.50 23.80 23.80 23.40 23.70 23.70 23.90 24.20 24.40 23.00 22.80 22.80 23.00 23.20 23.40 23.70 24.60 24.20 25.10 27.00 27.70 26.30 24.00 24.30 25.00 * 0
2018-02-01 15:00:14 23.40 23.10 23.00 23.40 23.60 23.70 23.30 23.50 23.80 23.90 23.40 23.80 23.70 24.00 24.30 24.50 23.00 22.70 22.80 23.00 23.20 23.20 23.20 24.50 23.90 25.30 27.20 27.60 26.20 24.20 24.40 25.10 * 0
