2018-01-10 14:30:52 26.80 27.30 27.20 24.30 24.10 24.20 24.10 23.90 24.40 24.20 24.40 25.10 24.90 24.70 24.80 25.00 * 24.00 25.10 24.80 24.80 24.10 24.00 23.90 23.60 23.80 24.00 24.20 24.10 24.10 24.10 23.90 23.60 * 0
2018-01-10 14:30:53 26.50 27.30 27.00 24.40 24.10 24.30 24.10 23.90 24.50 24.20 24.40 25.10 24.90 24.80 24.80 25.00 * 24.10 25.80 25.30 25.40 24.10 24.10 24.00 23.80 23.90 24.00 24.20 24.10 24.10 24.10 23.90 23.50 * 0
2018-01-10 14:30:53 25.80 27.20 27.10 24.90 24.20 24.30 24.20 24.00 24.60 24.50 24.60 25.30 25.10 24.90 25.10 25.20 * 24.10 25.80 25.40 25.40 24.20 24.10 24.00 23.90 24.00 24.10 24.30 24.10 24.10 24.20 23.90 23.50 * 0
2018-01-10 14:30:53 25.30 26.50 27.10 25.70 24.20 24.30 24.20 24.10 24.60 24.40 24.60 25.20 25.10 24.90 25.00 25.10 * 24.10 25.50 25.50 25.40 24.30 24.20 24.10 23.90 23.90 24.00 24.20 24.10 24.10 24.10 23.80 23.50 * 0
2018-01-10 14:30:54 25.10 24.70 25.80 27.50 25.70 25.90 24.30 24.00 24.50 24.20 24.50 25.10 24.90 24.80 24.90 25.00 * 24.00 24.50 25.40 25.50 24.60 24.30 24.20 23.90 23.80 23.90 24.10 24.00 24.00 24.00 23.80 23.50 * 0
2018-01-10 14:30:54 25.00 24.60 24.60 27.50 26.60 26.80 24.30 24.00 24.60 24.20 24.40 25.10 24.90 24.70 24.90 25.00 * 23.90 24.00 25.30 25.50 24.90 25.00 24.20 23.90 24.00 23.90 24.10 24.00 24.00 24.10 23.70 23.50 * 0
2018-01-10 14:30:54 25.00 24.60 24.20 25.80 27.60 27.40 24.60 24.00 24.90 24.20 24.40 25.10 24.90 24.70 24.90 24.90 * 23.80 23.90 24.10 24.60 24.70 25.40 24.20 23.80 24.00 24.00 24.10 23.90 24.00 24.10 23.80 23.50 * 0
2018-01-10 14:30:54 25.00 24.50 24.10 24.30 24.90 28.10 26.10 25.10 26.30 25.20 24.30 25.00 24.80 24.60 24.80 24.90 * 23.80 23.80 23.90 24.00 24.60 25.40 24.50 23.80 24.50 24.00 24.10 24.00 24.00 24.10 23.80 23.60 * 0
2018-01-10 14:30:55 24.90 24.50 24.10 24.20 24.30 27.40 27.10 26.00 27.40 25.90 24.50 25.10 24.90 24.80 25.00 25.10 * 23.70 23.80 23.90 24.00 24.30 25.30 25.00 24.00 25.00 24.30 24.20 24.00 24.00 24.10 23.80 23.60 * 0
2018-01-10 14:30:55 24.80 24.50 24.10 24.20 24.10 25.60 27.90 26.70 28.10 26.70 24.90 25.10 24.90 24.80 25.00 25.10 * 23.80 23.80 23.90 24.10 24.10 24.20 25.10 24.30 25.00 24.40 24.60 24.10 24.10 24.20 23.90 23.70 * 0
2018-01-10 14:30:55 24.90 24.50 24.10 24.20 24.10 24.40 26.80 27.40 25.50 28.20 27.10 25.20 24.80 24.70 24.80 25.00 * 23.80 23.80 23.90 24.00 24.10 24.10 25.00 24.30 24.80 24.30 25.10 24.30 24.10 24.20 23.90 23.70 * 0
2018-01-10 14:30:55 24.90 24.50 24.10 24.20 24.10 24.20 25.00 27.40 24.70 26.50 28.00 25.80 24.80 24.70 24.80 25.00 * 23.80 23.80 23.80 24.00 24.10 24.00 24.50 24.10 24.40 24.40 25.20 24.40 24.10 24.20 23.90 23.60 * 0
2018-01-10 14:30:56 24.80 24.40 24.00 24.20 24.10 24.10 24.00 24.20 24.40 24.70 27.40 26.80 24.90 24.70 24.90 25.00 * 23.80 23.80 23.90 24.00 24.10 24.00 24.00 24.10 24.00 24.30 25.30 24.50 24.10 24.20 23.90 23.60 * 0
2018-01-10 14:30:56 24.90 24.40 24.10 24.20 24.10 24.20 24.00 23.90 24.40 24.40 26.80 27.50 25.20 24.80 24.90 25.00 * 23.90 23.80 23.90 24.10 24.10 24.10 24.00 24.00 23.80 23.90 25.00 25.10 24.10 24.10 23.80 23.50 * 0
2018-01-10 14:30:56 25.00 24.50 24.20 24.30 24.20 24.30 24.10 24.00 24.40 24.30 26.60 27.60 25.70 24.80 24.90 25.00 * 23.90 24.00 24.00 24.20 24.20 24.20 24.10 23.90 23.80 23.90 24.90 25.10 24.00 24.10 23.80 23.60 * 0
2018-01-10 14:30:57 24.80 24.40 24.10 24.20 24.10 24.10 24.10 23.90 24.50 24.40 26.20 27.40 26.10 24.90 24.90 25.00 * 23.90 24.00 24.00 24.10 24.20 24.20 24.10 23.90 23.80 24.00 25.00 25.00 24.00 24.10 23.90 23.60 * 0
2018-01-10 14:30:57 24.80 24.40 24.10 24.20 24.10 24.20 24.10 23.90 24.50 24.40 26.20 27.60 25.50 24.90 25.00 25.10 * 23.80 23.90 24.00 24.10 24.10 24.10 24.10 23.90 23.90 24.10 25.20 25.10 24.10 24.10 23.90 23.60 * 0
2018-01-10 14:30:57 24.90 24.50 24.20 24.30 24.10 24.20 24.10 23.90 24.50 24.40 26.20 27.70 25.00 24.80 24.90 25.00 * 23.80 23.80 23.80 24.00 24.10 24.10 23.90 23.80 24.00 24.10 25.30 25.10 24.20 24.20 24.00 23.70 * 0
2018-01-10 14:30:57 25.00 24.50 24.20 24.30 24.10 24.20 24.10 23.90 24.40 24.30 26.20 27.50 24.90 24.80 24.90 25.00 * 23.80 23.80 23.90 24.00 24.10 24.10 23.90 23.80 24.00 24.10 25.30 25.00 24.10 24.20 23.90 23.70 * 0
2018-01-10 14:30:58 24.90 24.40 24.20 24.30 24.10 24.20 24.10 23.90 24.40 24.20 26.00 27.70 24.90 24.70 24.80 24.90 * 23.80 23.80 23.90 24.00 24.10 24.10 24.00 23.80 23.90 24.10 25.40 25.00 24.10 24.10 23.90 23.60 * 0
2018-01-10 14:30:58 24.90 24.60 24.10 24.30 24.10 24.30 24.10 24.00 24.30 24.20 25.70 27.80 24.70 24.50 24.60 24.80 * 23.80 23.80 23.90 24.00 24.10 24.00 24.00 24.00 23.90 24.10 25.50 25.00 24.10 24.10 23.90 23.60 * 0
2018-01-10 14:30:58 25.00 24.60 24.20 24.30 24.20 24.30 24.10 24.00 24.30 24.20 25.70 27.20 24.70 24.60 24.70 24.80 * 23.80 23.80 23.90 24.10 24.10 24.10 24.00 24.30 24.00 24.30 25.40 24.90 24.10 24.10 23.90 23.60 * 0
2018-01-10 14:30:58 25.00 24.60 24.20 24.30 24.10 24.40 24.20 24.00 24.40 24.30 26.50 26.20 24.80 24.70 24.80 24.90 * 23.90 23.90 23.90 24.00 24.20 24.10 24.10 24.40 24.00 24.30 25.40 24.50 24.00 24.10 23.80 23.50 * 0
2018-01-10 14:30:59 24.90 24.50 24.10 24.30 24.10 24.30 24.20 24.40 24.60 25.50 28.00 25.30 24.90 24.90 24.90 25.10 * 23.90 23.90 24.00 24.00 24.20 24.20 24.10 24.50 24.00 24.60 25.20 24.10 24.00 24.10 23.80 23.50 * 0
2018-01-10 14:30:59 24.90 24.50 24.10 24.20 24.00 24.20 24.00 25.20 24.80 26.50 28.10 25.30 25.00 24.90 25.00 25.10 * 23.90 23.90 24.00 24.10 24.20 24.20 24.30 24.70 24.20 24.70 25.00 24.10 24.10 24.10 23.90 23.60 * 0
2018-01-10 14:30:59 24.80 24.40 24.00 24.20 24.10 24.10 24.10 26.70 25.00 27.40 27.20 25.20 25.00 24.90 25.00 25.00 * 23.80 23.90 23.90 24.10 24.10 24.10 24.40 24.60 24.40 24.60 25.00 24.10 24.10 24.10 23.90 23.60 * 0
2018-01-10 14:30:59 24.80 24.40 24.00 24.20 24.10 24.20 24.50 27.00 25.10 27.90 25.50 25.20 24.90 24.70 24.90 24.90 * 23.80 23.90 23.90 24.10 24.10 24.10 24.50 24.50 24.50 24.60 24.50 24.10 24.10 24.20 24.00 23.70 * 0
2018-01-10 14:31:00 24.90 24.40 24.10 24.20 24.10 24.20 25.20 26.40 25.30 27.30 24.50 25.10 24.90 24.70 24.90 24.90 * 23.90 23.80 23.90 24.10 24.10 24.20 24.80 24.20 24.60 24.40 24.30 24.10 24.10 24.20 24.00 23.70 * 0
2018-01-10 14:31:00 24.90 24.40 24.10 24.20 24.10 24.30 25.60 25.50 26.10 24.90 24.40 25.10 24.90 24.80 24.90 25.00 * 23.80 23.80 23.90 24.00 24.10 24.50 24.80 24.00 24.60 24.20 24.20 24.20 24.10 24.20 23.90 23.70 * 0
2018-01-10 14:31:00 24.90 24.50 24.20 24.30 24.10 24.40 26.30 24.90 26.50 24.40 24.40 25.20 24.90 24.80 24.90 25.00 * 23.70 23.70 23.80 24.00 24.10 24.90 24.60 23.90 24.40 24.10 24.20 24.10 24.00 24.10 23.80 23.60 * 0
2018-01-10 14:31:01 25.00 24.60 24.20 24.40 24.20 25.00 26.10 24.30 26.40 24.30 24.50 25.20 25.00 24.90 25.00 25.10 * 23.80 23.80 23.80 24.00 24.20 25.00 24.10 23.80 24.20 24.00 24.20 24.00 24.00 24.10 23.90 23.60 * 0
2018-01-10 14:31:01 25.00 24.60 24.20 24.30 24.20 25.40 25.80 24.10 26.00 24.20 24.40 25.10 25.00 24.80 24.90 25.00 * 23.90 23.80 23.90 24.10 24.30 25.10 24.10 23.90 24.00 24.00 24.20 24.00 24.10 24.20 23.90 23.60 * 0
2018-01-10 14:31:01 25.00 24.60 24.30 24.30 24.30 25.80 25.60 24.10 26.00 24.20 24.50 25.20 25.00 24.80 24.90 25.00 * 23.80 23.80 23.90 24.10 24.30 25.10 24.20 23.90 24.00 24.00 24.20 24.00 24.00 24.10 23.80 23.60 * 0
2018-01-10 14:31:01 24.80 24.40 24.10 24.20 24.10 25.70 25.30 23.90 26.00 24.30 24.60 25.30 25.10 24.90 25.00 25.10 * 23.70 23.70 23.90 24.10 24.20 25.00 24.10 23.80 24.00 23.90 24.20 24.10 24.00 24.10 23.90 23.60 * 0
2018-01-10 14:31:02 24.80 24.40 24.10 24.10 24.10 25.10 25.30 23.90 25.90 24.20 24.50 25.20 25.00 24.90 24.90 25.00 * 23.90 23.90 23.90 24.10 24.20 25.00 24.50 23.90 24.50 24.10 24.30 24.10 24.10 24.20 24.00 23.70 * 0
2018-01-10 14:31:02 24.80 24.40 24.10 24.10 24.00 24.70 25.60 24.00 26.10 24.10 24.40 25.10 24.90 24.80 24.80 25.00 * 23.90 23.90 24.00 24.10 24.30 25.00 24.70 24.00 24.70 24.10 24.30 24.10 24.20 24.30 24.00 23.80 * 0
2018-01-10 14:31:02 24.80 24.30 24.10 24.10 24.00 24.50 26.20 24.20 26.50 24.50 24.40 25.10 25.00 24.80 24.90 25.00 * 23.90 23.90 24.00 24.10 24.20 24.70 24.70 24.10 24.70 24.10 24.40 24.20 24.20 24.30 24.10 23.70 * 0
2018-01-10 14:31:02 24.80 24.30 24.00 24.10 24.00 24.30 26.30 24.30 26.10 25.00 24.50 25.20 25.00 24.90 25.00 25.10 * 23.80 23.80 23.90 24.10 24.10 24.20 24.70 24.10 24.60 24.30 24.40 24.20 24.20 24.20 24.00 23.70 * 0
2018-01-10 14:31:03 24.80 24.40 24.10 24.10 24.00 24.10 25.40 24.90 25.50 25.50 24.50 25.10 25.00 24.90 24.90 25.00 * 23.90 23.90 24.00 24.10 24.20 24.10 24.60 24.70 24.50 25.00 24.30 24.10 24.10 24.20 23.90 23.60 * 0
2018-01-10 14:31:03 24.90 24.40 24.10 24.20 24.10 24.20 24.70 25.70 25.20 26.50 24.50 25.00 25.00 24.80 24.90 25.00 * 24.00 24.00 24.00 24.20 24.20 24.20 24.40 24.80 24.30 25.10 24.50 24.20 24.10 24.20 23.90 23.60 * 0
2018-01-10 14:31:03 24.90 24.50 24.10 24.30 24.10 24.20 24.20 26.20 24.80 26.30 26.60 25.20 25.00 24.80 24.90 25.00 * 23.90 23.90 23.90 24.10 24.20 24.10 24.20 24.80 24.20 25.10 24.70 24.60 24.10 24.10 23.90 23.60 * 0
2018-01-10 14:31:04 24.90 24.50 24.10 24.20 24.10 24.20 24.10 24.80 24.60 25.10 27.10 25.60 25.00 24.80 25.00 25.00 * 23.80 23.80 23.90 24.00 24.10 24.10 24.10 24.60 24.10 25.00 24.60 25.20 24.10 24.20 23.90 23.60 * 0
2018-01-10 14:31:04 25.00 24.60 24.20 24.30 24.20 24.30 24.10 24.10 24.50 24.40 26.20 26.60 25.00 24.90 25.00 25.00 * 23.80 23.80 23.80 24.00 24.10 24.00 24.00 24.30 24.00 24.10 24.60 25.30 24.20 24.10 23.80 23.50 * 0
2018-01-10 14:31:04 25.00 24.60 24.20 24.30 24.20 24.30 24.10 24.00 24.50 24.30 25.00 27.50 25.10 24.90 25.00 25.00 * 23.80 23.80 23.90 24.10 24.10 24.10 24.00 23.90 24.00 24.00 24.40 25.40 24.60 24.10 23.90 23.60 * 0
2018-01-10 14:31:04 24.90 24.50 24.20 24.30 24.20 24.20 24.10 24.00 24.50 24.30 24.70 27.90 25.40 24.90 24.90 25.00 * 23.80 23.80 23.90 24.10 24.10 24.10 24.00 23.90 24.00 24.10 24.40 25.50 24.90 24.20 24.00 23.70 * 0
2018-01-10 14:31:05 24.90 24.50 24.20 24.30 24.20 24.20 24.10 23.90 24.40 24.20 24.50 26.40 27.10 24.80 24.90 25.00 * 23.80 23.80 23.80 24.00 24.10 24.00 23.90 23.80 24.10 24.10 24.40 25.60 24.90 24.20 24.00 23.80 * 0
2018-01-10 14:31:05 24.90 24.40 24.10 24.20 24.10 24.20 24.10 23.80 24.50 24.30 24.50 25.60 27.50 24.90 24.90 25.00 * 23.80 23.90 23.90 24.10 24.10 24.10 24.00 23.80 24.10 24.10 24.40 25.10 25.00 24.30 24.10 23.70 * 0
2018-01-10 14:31:05 24.80 24.40 24.10 24.10 24.10 24.20 24.10 23.80 24.50 24.30 24.60 25.40 27.70 25.10 25.00 25.10 * 23.90 23.90 24.00 24.10 24.10 24.20 24.10 23.90 24.10 24.10 24.40 25.00 24.90 24.20 24.00 23.70 * 0
2018-01-10 14:31:05 24.90 24.40 24.10 24.10 24.10 24.20 24.10 23.90 24.30 24.20 24.40 25.50 27.90 24.90 24.90 25.00 * 23.90 23.90 24.00 24.00 24.10 24.20 24.00 23.90 24.00 24.00 24.30 24.80 24.90 24.20 24.00 23.70 * 0
2018-01-10 14:31:06 24.70 24.40 24.10 24.20 24.10 24.10 24.00 23.70 24.40 24.30 24.50 25.80 28.10 25.00 24.90 25.00 * 23.80 23.80 23.90 24.00 24.10 24.10 24.00 23.90 24.00 24.10 24.30 24.70 24.90 24.30 24.00 23.70 * 0
2018-01-10 14:31:06 24.80 24.40 24.10 24.10 24.10 24.10 24.00 23.80 24.50 24.30 24.50 26.20 28.20 25.00 24.90 25.00 * 23.80 23.80 23.90 24.10 24.20 24.00 24.00 23.80 23.90 24.00 24.40 24.70 24.80 24.20 23.90 23.70 * 0
2018-01-10 14:31:06 24.90 24.40 24.10 24.20 24.10 24.10 24.10 23.80 24.50 24.30 24.50 26.60 28.00 24.90 24.90 25.00 * 23.90 23.90 24.00 24.10 24.20 24.20 24.10 23.90 23.90 24.10 24.50 24.70 24.80 24.20 23.90 23.70 * 0
2018-01-10 14:31:06 24.90 24.50 24.10 24.20 24.10 24.20 24.10 23.80 24.50 24.30 24.50 27.30 27.50 24.80 24.90 25.00 * 23.90 24.00 24.00 24.10 24.20 24.10 24.10 24.00 23.90 24.10 24.50 24.70 24.80 24.10 23.90 23.60 * 0
2018-01-10 14:31:07 24.80 24.50 24.10 24.20 24.10 24.20 24.10 23.80 24.50 24.30 24.80 28.50 26.00 24.80 24.90 25.10 * 23.80 23.90 24.00 24.10 24.20 24.10 24.10 23.90 24.00 24.10 24.50 24.70 24.80 24.10 24.00 23.70 * 0
2018-01-10 14:31:07 24.80 24.50 24.10 24.20 24.10 24.20 24.10 23.90 24.50 24.30 24.90 28.60 25.60 24.80 24.90 25.00 * 23.70 23.70 23.80 23.90 24.00 24.00 23.90 23.70 24.10 24.20 24.60 25.00 24.30 24.30 24.00 23.80 * 0
2018-01-10 14:31:07 24.90 24.50 24.20 24.30 24.20 24.30 24.20 24.00 24.50 24.20 25.00 28.60 25.50 24.80 24.90 25.00 * 23.60 23.70 23.70 23.90 24.00 24.00 23.90 23.70 24.10 24.20 24.60 25.10 24.30 24.20 24.00 23.80 * 0
2018-01-10 14:31:08 24.90 24.40 24.10 24.20 24.10 24.20 24.20 23.90 24.50 24.30 25.00 28.70 25.60 24.90 25.00 25.10 * 23.70 23.70 23.80 24.00 24.10 24.00 23.90 23.80 24.10 24.10 24.50 25.10 24.20 24.20 24.10 23.70 * 0
2018-01-10 14:31:08 24.80 24.40 24.10 24.20 24.10 24.20 24.10 23.90 24.40 24.20 24.90 28.60 25.60 24.80 25.00 25.00 * 23.80 23.70 23.80 24.10 24.10 24.10 23.90 23.80 24.00 24.10 24.70 24.90 24.20 24.20 24.00 23.60 * 0
2018-01-10 14:31:08 24.80 24.40 24.10 24.20 24.10 24.20 24.10 23.90 24.40 24.30 25.00 28.40 25.40 24.80 24.90 24.90 * 23.80 23.80 23.90 24.00 24.10 24.10 23.90 23.90 24.10 24.20 25.10 24.90 24.20 24.20 23.90 23.80 * 0
2018-01-10 14:31:08 24.80 24.40 24.10 24.10 24.10 24.20 24.10 23.80 24.50 24.40 25.70 28.20 25.10 24.80 24.90 25.00 * 23.80 23.80 23.90 24.00 24.10 24.10 24.00 24.20 24.10 24.20 25.10 24.80 24.20 24.20 23.90 23.80 * 0
2018-01-10 14:31:09 24.80 24.40 24.00 24.10 24.10 24.20 24.10 23.80 24.50 24.50 26.60 27.20 25.00 24.90 25.00 25.10 * 23.80 23.80 23.90 24.00 24.10 24.10 24.00 24.30 24.00 24.20 25.20 24.50 24.10 24.20 23.90 23.70 * 0
2018-01-10 14:31:09 24.80 24.40 24.10 24.20 24.10 24.20 24.10 23.90 24.60 24.60 27.20 25.30 24.90 24.90 24.90 25.00 * 23.80 23.90 24.00 24.10 24.20 24.10 24.10 24.40 24.00 24.60 25.20 24.20 24.00 24.10 23.90 23.70 * 0
2018-01-10 14:31:09 24.90 24.50 24.10 24.20 24.10 24.20 24.20 24.50 24.70 24.90 27.10 25.20 24.90 24.90 25.00 25.10 * 23.90 23.90 24.00 24.10 24.20 24.10 24.30 24.60 24.30 24.80 25.00 24.10 24.10 24.10 23.90 23.70 * 0
2018-01-10 14:31:09 24.90 24.50 24.10 24.20 24.10 24.20 24.20 25.20 24.70 25.40 26.30 25.20 24.90 24.80 25.00 25.10 * 23.80 23.80 23.90 24.10 24.10 24.00 24.50 24.50 24.40 25.00 24.70 24.10 24.10 24.20 23.90 23.80 * 0
2018-01-10 14:31:10 25.00 24.50 24.20 24.30 24.20 24.30 24.20 26.00 24.70 26.30 25.10 25.10 24.90 24.80 24.90 25.00 * 23.60 23.70 23.80 24.00 24.00 24.10 24.50 24.30 24.50 24.80 24.30 24.10 24.10 24.20 23.90 23.60 * 0
2018-01-10 14:31:10 25.00 24.50 24.20 24.30 24.30 24.30 24.40 26.40 25.40 27.50 24.70 25.30 25.00 24.90 25.00 25.10 * 23.70 23.70 23.80 24.00 24.00 24.10 24.60 24.10 24.70 24.60 24.20 24.10 24.10 24.20 23.90 23.60 * 0
2018-01-10 14:31:10 24.80 24.50 24.10 24.30 24.10 24.30 25.10 26.60 25.60 27.60 24.60 25.20 25.00 24.90 25.00 25.10 * 23.80 23.80 23.90 24.00 24.10 24.20 24.80 24.10 24.70 24.60 24.30 24.10 24.10 24.20 23.90 23.70 * 0
2018-01-10 14:31:10 24.90 24.50 24.10 24.30 24.10 24.30 25.20 26.60 25.40 27.50 24.50 25.00 24.90 24.70 24.90 25.00 * 23.80 23.80 23.90 24.00 24.10 24.10 24.80 24.20 24.50 24.60 24.30 24.10 24.20 24.20 24.00 23.80 * 0
2018-01-10 14:31:11 24.90 24.50 24.10 24.30 24.10 24.20 25.10 26.60 25.30 27.60 24.50 25.00 24.90 24.70 24.90 25.00 * 23.80 23.80 23.90 24.10 24.20 24.10 24.60 24.20 24.50 24.60 24.30 24.10 24.10 24.20 24.00 23.80 * 0
2018-01-10 14:31:11 24.90 24.40 24.10 24.20 24.10 24.20 25.00 26.60 25.50 27.70 24.60 25.20 25.00 24.90 25.00 25.20 * 23.80 23.80 23.90 24.10 24.20 24.10 24.60 24.20 24.50 24.60 24.30 24.10 24.10 24.20 23.90 23.70 * 0
2018-01-10 14:31:11 24.80 24.40 24.10 24.20 24.00 24.10 25.00 26.50 25.50 27.70 24.70 25.20 25.00 24.90 25.00 25.20 * 23.90 23.80 23.90 24.10 24.20 24.10 24.70 24.20 24.40 24.50 24.20 24.00 24.10 24.10 23.90 23.70 * 0
2018-01-10 14:31:12 24.80 24.40 24.10 24.20 24.10 24.20 25.00 26.50 25.30 27.60 24.60 25.10 24.90 24.80 24.90 25.00 * 23.90 23.90 24.00 24.10 24.20 24.20 24.60 24.40 24.40 24.60 24.30 24.10 24.10 24.20 24.00 23.70 * 0
2018-01-10 14:31:12 24.80 24.40 24.10 24.20 24.10 24.20 25.00 26.50 25.20 27.60 24.50 25.10 24.90 24.70 24.80 24.90 * 23.80 23.90 23.90 24.10 24.20 24.20 24.60 24.30 24.40 24.60 24.20 24.10 24.10 24.20 23.90 23.70 * 0
2018-01-10 14:31:12 24.80 24.40 24.10 24.20 24.10 24.30 25.00 26.50 25.40 27.60 24.60 25.20 24.90 24.90 25.00 25.10 * 23.80 23.80 23.80 24.00 24.10 24.10 24.50 24.20 24.40 24.50 24.20 24.00 24.00 24.20 23.90 23.70 * 0
2018-01-10 14:31:12 24.90 24.50 24.20 24.30 24.20 24.30 25.10 26.50 25.40 27.50 24.50 25.10 24.90 24.80 24.90 25.00 * 23.80 23.70 23.80 23.90 24.10 24.00 24.50 24.20 24.30 24.50 24.20 24.00 24.00 24.20 23.90 23.60 * 0
2018-01-10 14:31:13 25.00 24.60 24.30 24.40 24.20 24.30 25.20 26.50 25.30 27.30 24.40 25.10 24.90 24.70 24.90 24.90 * 23.70 23.80 23.80 24.00 24.10 24.10 24.70 24.20 24.70 24.60 24.20 24.10 24.10 24.20 23.90 23.70 * 0
2018-01-10 14:31:13 25.00 24.60 24.20 24.40 24.20 24.30 25.20 26.40 25.40 27.10 24.40 25.00 24.90 24.70 24.80 24.90 * 23.80 23.80 23.90 24.00 24.10 24.10 25.00 24.20 25.00 24.60 24.20 24.10 24.10 24.20 24.00 23.70 * 0
2018-01-10 14:31:13 25.00 24.60 24.20 24.40 24.20 24.40 25.10 26.20 25.60 27.10 24.60 25.20 24.90 24.80 24.90 25.00 * 23.80 23.80 23.90 24.00 24.10 24.10 25.10 24.30 25.00 24.50 24.20 24.10 24.00 24.20 23.90 23.70 * 0
2018-01-10 14:31:13 24.90 24.50 24.20 24.30 24.20 24.40 25.00 26.10 25.60 27.00 24.50 25.20 25.00 24.80 24.90 25.10 * 23.70 23.80 23.80 24.00 24.10 24.20 25.10 24.20 25.00 24.50 24.20 24.10 24.00 24.10 23.90 23.60 * 0
2018-01-10 14:31:14 24.90 24.50 24.10 24.30 24.10 24.30 25.00 25.90 25.40 26.70 24.40 25.10 25.00 24.80 24.90 25.00 * 23.80 23.80 23.90 24.10 24.20 24.50 25.00 24.20 25.00 24.60 24.30 24.10 24.10 24.20 24.00 23.70 * 0
2018-01-10 14:31:14 24.90 24.50 24.10 24.30 24.10 24.30 25.20 25.80 25.40 26.40 24.40 25.10 24.90 24.70 24.80 24.90 * 23.90 23.90 23.90 24.10 24.20 24.60 25.00 24.20 25.00 24.60 24.30 24.10 24.10 24.20 24.00 23.70 * 0
2018-01-10 14:31:14 24.80 24.50 24.10 24.20 24.10 24.20 25.40 25.70 26.10 25.90 24.50 25.10 24.90 24.80 24.90 24.90 * 23.90 23.80 23.90 24.10 24.10 24.70 24.90 24.30 24.90 24.60 24.30 24.10 24.10 24.20 23.90 23.70 * 0
2018-01-10 14:31:15 24.80 24.40 24.10 24.20 24.00 24.20 26.30 25.10 26.60 25.40 24.60 25.20 25.00 24.90 25.00 25.10 * 23.80 23.80 24.00 24.10 24.10 24.80 24.80 24.30 24.60 24.60 24.30 24.10 24.10 24.20 23.80 23.70 * 0
2018-01-10 14:31:15 24.80 24.50 24.10 24.20 24.10 24.40 26.70 24.60 27.00 24.80 24.50 25.20 25.00 24.80 25.00 25.10 * 23.70 23.70 23.90 24.10 24.20 25.00 24.60 24.20 24.40 24.50 24.20 24.10 24.10 24.10 23.80 23.70 * 0
2018-01-10 14:31:15 24.90 24.50 24.10 24.20 24.10 24.90 26.40 24.30 26.70 24.30 24.40 25.10 24.80 24.70 24.80 24.90 * 23.90 23.90 23.90 24.10 24.30 25.10 24.50 24.00 24.30 24.10 24.30 24.10 24.10 24.20 24.00 23.70 * 0
2018-01-10 14:31:15 24.90 24.50 24.20 24.30 24.10 25.60 25.50 24.10 25.20 24.10 24.40 25.00 24.90 24.70 24.80 24.90 * 23.90 23.90 24.00 24.10 24.40 25.20 24.30 23.80 24.20 24.00 24.20 24.20 24.20 24.30 24.00 23.70 * 0
2018-01-10 14:31:16 24.70 24.40 24.10 24.20 24.20 26.70 24.40 23.80 24.80 24.20 24.50 25.10 25.00 24.80 24.80 25.00 * 23.80 23.90 23.90 24.00 24.60 25.10 24.10 23.80 24.00 23.90 24.10 24.10 24.10 24.20 23.90 23.60 * 0
2018-01-10 14:31:16 24.80 24.40 24.10 24.30 24.70 26.90 24.30 23.90 24.60 24.30 24.40 25.20 25.00 24.80 24.90 25.00 * 23.70 23.80 23.80 24.00 24.60 24.80 24.00 23.70 23.90 24.00 24.20 24.00 24.10 24.10 23.90 23.60 * 0
2018-01-10 14:31:16 24.90 24.50 24.20 24.40 25.80 26.70 24.30 24.00 24.40 24.20 24.40 25.10 25.00 24.80 24.90 25.00 * 23.80 23.80 23.80 24.50 24.90 24.40 23.90 23.80 23.90 24.00 24.20 24.00 24.10 24.20 23.90 23.70 * 0
2018-01-10 14:31:16 25.00 24.50 24.20 24.50 27.00 25.90 24.20 24.00 24.30 24.20 24.40 25.10 24.90 24.80 24.90 25.00 * 23.70 23.80 23.90 24.70 24.70 24.30 23.90 23.70 23.90 24.00 24.20 24.00 24.10 24.20 23.90 23.70 * 0
2018-01-10 14:31:17 24.90 24.50 24.30 26.30 27.70 24.50 24.10 24.00 24.40 24.20 24.40 25.10 24.90 24.70 24.90 24.90 * 23.70 23.80 23.90 24.80 24.70 24.20 23.90 23.70 23.90 23.90 24.10 24.00 24.00 24.10 23.80 23.60 * 0
2018-01-10 14:31:17 25.00 24.60 24.40 27.00 27.50 24.50 24.30 24.00 24.40 24.20 24.40 25.10 24.90 24.80 25.00 25.00 * 23.80 23.80 23.90 24.80 24.60 24.10 23.90 23.70 23.80 23.90 24.10 24.00 24.00 24.00 23.70 23.60 * 0
2018-01-10 14:31:17 25.00 24.60 24.40 27.10 27.30 24.50 24.30 24.00 24.50 24.20 24.40 25.10 24.90 24.80 24.90 25.00 * 23.80 23.80 23.90 24.80 24.60 24.10 23.90 23.70 24.10 24.00 24.20 24.10 24.10 24.10 24.00 23.70 * 0
2018-01-10 14:31:18 25.00 24.60 24.20 27.10 27.20 24.30 24.10 23.90 24.50 24.20 24.40 25.10 24.90 24.70 24.80 25.00 * 23.90 23.80 24.00 24.80 24.60 24.10 24.00 23.80 24.00 24.00 24.20 24.00 24.10 24.10 23.90 23.70 * 0
2018-01-10 14:31:18 24.90 24.50 24.20 27.20 27.10 24.30 24.10 23.80 24.40 24.20 24.40 25.10 24.90 24.70 24.80 24.90 * 23.90 23.80 24.00 24.80 24.70 24.10 24.00 23.90 24.00 23.90 24.10 24.00 24.00 24.10 23.80 23.70 * 0
2018-01-10 14:31:18 24.80 24.40 24.20 27.20 27.00 24.30 24.10 23.80 24.50 24.30 24.50 25.20 25.00 24.80 24.90 25.00 * 23.90 23.80 24.00 24.90 24.70 24.10 24.00 23.90 24.00 24.00 24.20 24.00 24.10 24.10 23.90 23.70 * 0
2018-01-10 14:31:18 24.80 24.40 24.20 27.10 27.00 24.20 24.00 23.80 24.60 24.30 24.50 25.20 24.90 24.80 25.00 25.00 * 23.80 23.80 24.00 24.80 24.60 24.20 24.00 23.80 24.00 24.00 24.30 24.10 24.10 24.20 24.00 23.80 * 0
2018-01-10 14:31:19 24.80 24.40 24.20 27.10 27.00 24.20 24.00 23.70 24.40 24.20 24.40 25.10 24.90 24.70 24.90 24.90 * 23.80 23.90 24.00 24.80 24.60 24.10 24.00 23.80 24.00 24.10 24.30 24.10 24.20 24.30 24.00 23.80 * 0
2018-01-10 14:31:19 24.80 24.40 24.30 27.20 27.00 24.30 24.00 23.70 24.40 24.10 24.40 25.10 24.90 24.80 24.80 25.00 * 23.80 23.80 24.00 24.80 24.60 24.10 24.00 23.80 24.10 24.10 24.20 24.10 24.10 24.20 23.90 23.70 * 0
2018-01-10 14:31:19 24.80 24.40 24.30 27.20 26.90 24.20 24.00 23.90 24.40 24.20 24.50 25.20 25.00 24.80 24.90 25.00 * 23.80 23.80 23.90 24.80 24.60 24.10 24.00 23.80 24.00 24.00 24.20 24.10 24.10 24.20 23.90 23.70 * 0
2018-01-10 14:31:19 24.90 24.50 24.30 27.30 26.90 24.30 24.10 24.00 24.40 24.30 24.50 25.10 24.90 24.80 24.90 24.90 * 23.70 23.70 23.90 24.80 24.50 23.90 23.90 23.60 23.90 24.10 24.20 24.10 24.10 24.20 23.90 23.70 * 0
2018-01-10 14:31:20 25.00 24.50 24.40 27.40 26.90 24.30 24.10 24.00 24.50 24.20 24.40 25.10 24.90 24.80 24.90 25.00 * 23.80 23.70 23.90 24.80 24.50 23.90 24.00 23.70 24.00 24.10 24.30 24.10 24.10 24.30 24.00 23.80 * 0
2018-01-10 14:31:20 24.90 24.50 24.40 27.40 26.90 24.30 24.10 23.90 24.50 24.20 24.40 25.10 24.90 24.80 24.90 24.90 * 23.80 23.80 24.00 24.80 24.60 24.00 24.00 23.70 24.00 24.00 24.20 24.10 24.10 24.20 23.90 23.70 * 0
2018-01-10 14:31:20 25.00 24.50 24.40 27.40 26.90 24.40 24.10 23.90 24.40 24.10 24.50 25.10 24.90 24.70 24.80 24.90 * 23.80 23.80 24.00 24.80 24.60 24.10 24.00 23.70 23.80 23.80 24.10 24.00 24.00 24.10 23.80 23.60 * 0
2018-01-10 14:31:20 25.00 24.50 24.40 27.30 26.90 24.30 24.00 23.80 24.40 24.20 24.40 25.10 24.90 24.80 24.90 24.90 * 23.80 23.80 24.00 24.80 24.60 24.10 23.90 23.70 23.80 23.90 24.10 24.00 24.00 24.10 23.90 23.60 * 0
2018-01-10 14:31:21 24.90 24.50 24.30 27.30 26.90 24.20 24.00 23.80 24.40 24.30 24.50 25.20 25.00 24.90 25.00 25.00 * 23.80 23.80 24.00 24.90 24.60 24.10 24.00 23.70 23.90 24.00 24.20 24.10 24.10 24.10 24.00 23.70 * 0
2018-01-10 14:31:21 24.80 24.50 24.30 27.40 26.80 24.20 24.00 23.80 24.30 24.10 24.40 25.10 24.90 24.80 24.80 24.90 * 23.80 23.80 24.00 24.90 24.60 24.10 24.00 23.70 24.00 24.00 24.20 24.10 24.10 24.20 24.00 23.70 * 0
2018-01-10 14:31:21 24.80 24.40 24.30 27.30 26.70 24.20 24.00 23.70 24.50 24.20 24.40 25.10 24.90 24.80 24.90 25.00 * 23.80 23.80 23.90 24.90 24.60 24.10 24.00 23.80 24.00 23.90 24.10 24.00 24.10 24.10 23.90 23.70 * 0
2018-01-10 14:31:22 24.80 24.40 24.30 27.30 26.70 24.20 24.00 23.70 24.60 24.30 24.50 25.10 24.90 24.90 24.90 25.00 * 23.80 23.80 23.90 24.70 24.60 24.10 24.00 23.70 24.10 24.10 24.30 24.10 24.10 24.20 23.90 23.80 * 0
2018-01-10 14:31:22 24.80 24.50 24.30 27.40 26.80 24.20 24.00 23.80 24.50 24.30 24.50 25.10 25.00 24.80 24.80 25.00 * 23.70 23.70 23.80 24.70 24.50 24.00 24.00 23.70 24.10 24.10 24.30 24.10 24.10 24.30 24.00 23.80 * 0
2018-01-10 14:31:22 24.90 24.50 24.30 27.40 26.80 24.30 24.10 23.80 24.40 24.20 24.40 25.10 24.90 24.70 24.90 24.90 * 23.60 23.70 23.80 24.70 24.50 23.90 23.90 23.70 24.00 24.10 24.30 24.20 24.20 24.30 24.00 23.80 * 0
2018-01-10 14:31:22 24.80 24.50 24.30 27.40 26.80 24.30 24.10 23.90 24.40 24.10 24.40 25.10 24.90 24.70 24.80 24.90 * 23.70 23.70 23.90 24.70 24.60 24.00 23.90 23.70 24.00 24.00 24.20 24.10 24.20 24.10 23.90 23.70 * 0
2018-01-10 14:31:23 24.90 24.50 24.30 27.40 26.80 24.30 24.10 23.90 24.30 24.10 24.40 25.10 24.90 24.70 24.70 24.80 * 23.90 23.80 24.00 24.80 24.60 24.10 24.00 23.80 23.90 24.00 24.20 24.00 24.00 24.10 23.90 23.70 * 0
2018-01-10 14:31:23 24.80 24.40 24.30 27.30 26.80 24.30 24.10 23.80 24.30 24.20 24.40 25.10 24.90 24.70 24.80 24.80 * 23.80 23.80 24.00 24.80 24.70 24.10 24.00 23.80 24.00 24.00 24.20 24.00 24.10 24.10 23.90 23.70 * 0
2018-01-10 14:31:23 24.80 24.40 24.20 27.20 26.80 24.20 24.00 23.80 24.40 24.30 24.40 25.10 24.90 24.80 24.90 24.90 * 23.80 23.90 24.00 24.80 24.60 24.10 24.00 23.80 24.00 24.10 24.30 24.10 24.10 24.20 23.90 23.80 * 0
2018-01-10 14:31:23 24.90 24.50 24.20 26.80 26.80 24.20 24.00 23.80 24.30 24.10 24.40 25.10 24.90 24.70 24.80 24.80 * 23.80 23.80 23.90 24.80 24.60 24.00 24.00 23.80 24.00 24.10 24.30 24.10 24.10 24.20 24.00 23.80 * 0
2018-01-10 14:31:24 24.80 24.50 24.20 26.60 26.80 24.20 24.00 23.80 24.30 24.10 24.40 25.10 24.90 24.70 24.80 24.80 * 23.80 23.80 23.90 24.80 24.60 24.00 23.90 23.80 24.00 24.10 24.20 24.10 24.10 24.20 24.00 23.70 * 0
2018-01-10 14:31:24 24.80 24.40 24.10 26.60 26.80 24.20 24.00 23.80 24.40 24.20 24.50 25.10 24.90 24.70 24.90 24.90 * 23.80 23.80 23.90 24.80 24.60 24.10 24.00 23.70 24.10 24.10 24.20 24.10 24.10 24.20 24.00 23.70 * 0
2018-01-10 14:31:24 24.80 24.40 24.20 26.60 26.90 24.20 24.10 23.80 24.40 24.30 24.40 25.10 24.90 24.80 24.90 24.90 * 23.60 23.70 23.90 24.80 24.60 24.00 23.90 23.70 24.10 24.10 24.20 24.10 24.20 24.20 23.90 23.80 * 0
2018-01-10 14:31:24 24.90 24.50 24.20 26.60 27.00 24.30 24.10 23.90 24.40 24.30 24.40 25.10 24.90 24.70 24.80 24.90 * 23.60 23.70 23.80 24.80 24.60 24.00 23.90 23.70 24.00 24.10 24.30 24.20 24.20 24.20 23.90 23.80 * 0
2018-01-10 14:31:25 24.90 24.40 24.20 26.60 26.90 24.20 24.00 23.80 24.40 24.10 24.50 25.10 24.90 24.80 24.80 24.90 * 23.70 23.70 23.90 24.80 24.60 24.00 23.90 23.70 24.00 24.00 24.30 24.10 24.10 24.20 24.00 23.80 * 0
2018-01-10 14:31:25 24.90 24.40 24.20 26.60 27.00 24.30 24.00 23.80 24.50 24.20 24.50 25.20 25.00 24.80 24.90 24.90 * 23.80 23.80 24.00 24.80 24.60 24.00 23.90 23.80 23.90 23.90 24.10 24.00 24.00 24.10 23.80 23.70 * 0
2018-01-10 14:31:25 24.90 24.50 24.20 26.40 27.20 24.30 24.10 23.80 24.40 24.20 24.40 25.20 24.90 24.80 24.80 24.90 * 23.80 23.90 24.00 24.90 24.60 24.20 24.10 23.90 23.80 23.90 24.10 24.00 24.00 24.10 23.80 23.70 * 0
2018-01-10 14:31:26 24.90 24.50 24.30 26.00 27.50 24.50 24.10 23.80 24.40 24.10 24.40 25.20 24.90 24.80 24.80 24.90 * 23.80 23.80 24.00 24.80 24.50 24.40 24.00 23.80 23.90 23.90 24.20 24.00 24.10 24.10 23.90 23.70 * 0
2018-01-10 14:31:26 25.00 24.50 24.20 24.50 27.20 26.00 24.30 23.90 24.40 24.20 24.50 25.10 24.90 24.70 24.90 25.00 * 23.70 23.70 23.90 24.40 24.50 24.40 24.00 23.70 24.00 24.00 24.30 24.10 24.10 24.20 24.00 23.80 * 0
2018-01-10 14:31:26 24.90 24.50 24.20 24.30 25.70 26.80 24.30 23.90 24.40 24.20 24.40 25.10 24.90 24.70 24.80 25.00 * 23.80 23.80 23.90 24.10 24.60 24.50 24.00 23.70 24.10 24.10 24.20 24.10 24.10 24.20 24.00 23.70 * 0
2018-01-10 14:31:26 24.80 24.50 24.10 24.30 24.50 27.00 24.30 23.90 24.50 24.10 24.30 25.00 24.80 24.60 24.70 24.80 * 23.90 23.80 23.90 24.10 24.40 25.10 24.20 23.80 24.30 24.00 24.20 24.00 24.10 24.20 23.90 23.70 * 0
2018-01-10 14:31:27 24.80 24.40 24.10 24.20 24.10 26.60 24.50 23.90 25.00 24.10 24.30 25.00 24.80 24.60 24.70 24.80 * 23.90 23.80 23.90 24.00 24.30 25.00 24.20 23.90 24.30 24.00 24.20 24.10 24.10 24.10 23.90 23.70 * 0
2018-01-10 14:31:27 24.80 24.40 24.10 24.20 24.10 25.00 26.00 24.00 26.70 24.30 24.40 25.10 24.90 24.80 24.80 25.00 * 23.80 23.70 23.80 24.00 24.10 24.70 24.40 23.90 24.60 24.00 24.20 24.10 24.10 24.10 23.90 23.80 * 0
2018-01-10 14:31:27 24.80 24.40 24.20 24.20 24.10 24.40 26.40 24.20 26.50 24.30 24.40 25.10 24.80 24.70 24.80 24.90 * 23.70 23.70 23.80 24.00 24.00 24.50 24.80 23.90 24.90 24.10 24.30 24.10 24.10 24.10 23.90 23.80 * 0
2018-01-10 14:31:27 24.80 24.40 24.10 24.20 24.10 24.20 26.20 24.30 25.90 24.50 24.40 25.00 24.80 24.70 24.80 24.80 * 23.70 23.80 23.80 23.90 24.10 24.10 24.70 23.80 24.70 24.10 24.20 24.10 24.10 24.20 23.90 23.80 * 0
2018-01-10 14:31:28 24.70 24.30 24.10 24.20 24.10 24.20 25.60 24.50 25.50 25.00 24.40 25.10 24.90 24.70 24.80 24.90 * 23.70 23.70 23.80 23.90 24.10 24.10 24.70 23.80 24.50 24.10 24.20 24.10 24.10 24.10 23.80 23.80 * 0
2018-01-10 14:31:28 24.80 24.40 24.10 24.30 24.10 24.20 25.70 24.60 25.50 25.10 24.40 25.10 25.00 24.80 24.80 24.90 * 23.70 23.70 23.80 24.00 24.10 24.10 24.60 23.80 24.50 24.10 24.20 24.10 24.10 24.10 23.90 23.80 * 0
2018-01-10 14:31:28 24.80 24.40 24.10 24.20 24.10 24.20 25.60 24.70 25.40 25.00 24.40 25.10 24.90 24.70 24.80 24.90 * 23.60 23.70 23.90 24.00 24.10 24.00 24.50 23.80 24.50 24.20 24.30 24.10 24.10 24.20 24.00 23.70 * 0
2018-01-10 14:31:28 24.80 24.30 24.10 24.10 24.00 24.20 25.30 24.80 25.30 25.30 24.40 25.10 24.80 24.70 24.80 24.90 * 23.80 23.70 23.80 24.00 24.10 24.10 24.60 24.00 24.50 24.40 24.20 24.10 24.10 24.10 23.90 23.70 * 0
2018-01-10 14:31:29 24.80 24.40 24.10 24.20 24.00 24.20 25.00 25.20 25.10 25.90 24.40 25.10 24.90 24.70 24.80 24.90 * 23.80 23.80 23.90 24.00 24.10 24.10 24.50 24.20 24.20 24.60 24.20 24.10 24.00 24.10 23.80 23.60 * 0
2018-01-10 14:31:29 24.80 24.50 24.10 24.30 24.10 24.20 24.60 25.80 24.80 26.90 25.00 25.10 24.80 24.80 24.80 24.90 * 23.80 23.80 24.00 24.10 24.20 24.10 24.30 24.40 24.10 24.70 24.50 24.10 24.00 24.10 23.80 23.60 * 0
2018-01-10 14:31:29 24.90 24.50 24.20 24.30 24.20 24.20 24.10 26.00 24.70 26.40 26.00 25.10 24.90 24.80 24.80 24.90 * 23.70 23.80 23.90 24.10 24.20 24.10 24.20 24.40 24.10 24.60 24.90 24.20 24.00 24.10 23.80 23.70 * 0
2018-01-10 14:31:30 24.80 24.50 24.10 24.30 24.10 24.20 24.10 25.10 24.60 25.20 26.80 25.20 24.90 24.80 24.80 24.90 * 23.70 23.80 23.80 24.00 24.10 24.10 24.10 24.20 23.90 24.30 25.10 24.30 24.00 24.00 23.80 23.70 * 0
2018-01-10 14:31:30 24.70 24.40 24.10 24.20 24.00 24.20 24.00 24.10 24.50 24.40 26.40 25.70 24.90 24.80 24.80 24.90 * 23.80 23.80 23.80 24.00 24.10 24.10 24.00 24.00 24.00 24.20 25.20 24.70 24.20 24.10 24.00 23.80 * 0
2018-01-10 14:31:30 24.80 24.50 24.10 24.20 24.10 24.20 24.10 23.90 24.30 24.20 24.70 27.10 24.90 24.70 24.80 25.00 * 23.80 23.80 23.90 24.00 24.10 24.10 24.00 23.90 24.10 24.10 25.00 24.80 24.60 24.20 24.00 23.80 * 0
2018-01-10 14:31:30 24.80 24.40 24.10 24.20 24.00 24.10 24.00 23.80 24.30 24.20 24.40 27.00 25.40 24.70 24.70 24.90 * 23.70 23.70 23.80 24.00 24.10 24.00 24.00 23.80 23.90 24.00 24.70 24.70 24.80 24.20 23.90 23.80 * 0
2018-01-10 14:31:31 24.80 24.30 24.10 24.20 24.00 24.10 24.00 23.70 24.40 24.20 24.40 26.10 26.40 24.80 24.80 24.90 * 23.70 23.70 23.80 24.00 24.00 24.00 23.90 23.70 23.90 24.00 24.40 24.90 24.80 24.20 23.90 23.80 * 0
2018-01-10 14:31:31 24.80 24.40 24.10 24.20 24.10 24.20 24.00 23.80 24.50 24.30 24.50 25.60 27.20 24.90 24.90 25.00 * 23.70 23.60 23.80 24.00 24.00 24.00 23.90 23.70 24.00 24.10 24.30 24.90 24.80 24.20 23.90 23.80 * 0
2018-01-10 14:31:31 24.80 24.50 24.10 24.20 24.00 24.20 24.00 23.80 24.50 24.30 24.50 25.40 27.50 24.90 24.90 25.00 * 23.60 23.60 23.70 24.00 24.00 24.00 23.90 23.70 24.10 24.10 24.30 25.00 24.90 24.30 24.00 23.80 * 0
2018-01-10 14:31:31 24.80 24.40 24.00 24.10 24.00 24.10 24.00 23.80 24.40 24.30 24.50 25.20 27.30 25.20 24.80 25.00 * 23.60 23.70 23.70 24.00 24.00 23.90 23.90 23.70 24.00 24.10 24.30 25.00 24.90 24.20 24.00 23.80 * 0
2018-01-10 14:31:32 24.70 24.40 24.10 24.20 24.10 24.20 24.00 23.90 24.30 24.20 24.40 25.20 27.20 25.20 24.80 24.90 * 23.60 23.60 23.70 24.00 24.00 23.90 23.90 23.70 23.90 24.00 24.30 24.90 24.80 24.10 23.80 23.70 * 0
2018-01-10 14:31:32 24.80 24.50 24.20 24.30 24.20 24.30 24.10 24.00 24.30 24.20 24.40 25.20 27.30 25.20 24.80 24.90 * 23.80 23.80 23.90 24.00 24.10 24.00 24.00 23.80 23.90 24.00 24.30 24.90 24.80 24.10 23.80 23.70 * 0
2018-01-10 14:31:32 24.80 24.50 24.20 24.30 24.20 24.30 24.10 23.90 24.50 24.40 24.60 25.30 27.60 25.20 24.90 25.10 * 23.70 23.80 23.90 24.10 24.10 24.00 24.00 23.80 23.90 24.00 24.30 24.90 24.80 24.10 23.90 23.70 * 0
2018-01-10 14:31:33 24.90 24.60 24.20 24.30 24.10 24.30 24.10 23.90 24.40 24.40 24.50 25.50 27.90 25.10 24.90 25.10 * 23.70 23.80 23.90 24.00 24.10 24.10 24.00 23.80 23.90 24.00 24.40 24.80 24.70 24.10 23.80 23.70 * 0
2018-01-10 14:31:33 25.00 24.60 24.20 24.30 24.20 24.30 24.10 23.90 24.50 24.30 24.60 26.30 28.00 25.00 24.90 25.10 * 23.80 23.80 23.90 24.00 24.10 24.10 24.00 23.80 23.90 24.00 24.30 24.80 24.80 24.10 23.80 23.70 * 0
2018-01-10 14:31:33 25.00 24.60 24.20 24.40 24.20 24.30 24.20 24.00 24.50 24.20 24.50 27.30 27.40 24.80 24.80 25.00 * 23.80 23.70 23.90 24.00 24.10 24.10 24.00 23.80 24.00 23.90 24.40 24.70 24.70 24.10 23.80 23.70 * 0
2018-01-10 14:31:33 25.00 24.60 24.30 24.40 24.30 24.30 24.30 24.00 24.40 24.10 24.60 28.00 26.40 24.70 24.70 24.90 * 23.70 23.70 23.90 24.00 24.10 24.10 24.00 23.70 23.90 23.90 24.40 24.70 24.40 24.10 23.80 23.70 * 0
2018-01-10 14:31:34 24.90 24.50 24.20 24.20 24.20 24.30 24.10 23.90 24.40 24.30 25.20 28.20 25.00 24.80 24.80 24.90 * 23.70 23.70 23.90 23.90 24.10 24.10 23.90 23.70 23.90 24.00 24.40 24.80 24.20 24.10 23.80 23.70 * 0
2018-01-10 14:31:34 24.80 24.40 24.10 24.20 24.10 24.20 24.10 23.90 24.50 24.30 25.50 27.80 25.00 24.80 24.90 25.00 * 23.70 23.80 23.90 24.00 24.10 24.00 23.90 23.70 24.00 24.10 25.00 24.40 24.10 24.10 23.90 23.70 * 0
2018-01-10 14:31:34 24.70 24.40 24.10 24.30 24.10 24.20 24.10 23.90 24.60 24.50 26.20 27.20 25.00 24.90 25.00 25.10 * 23.80 23.80 23.90 24.00 24.10 24.10 24.10 23.90 24.00 24.10 25.10 24.20 24.10 24.10 23.90 23.80 * 0
2018-01-10 14:31:34 24.90 24.40 24.20 24.20 24.10 24.20 24.10 24.00 24.50 24.40 27.50 26.50 24.90 24.90 24.90 25.10 * 23.80 23.80 23.80 24.00 24.10 24.00 24.10 24.00 24.00 24.30 25.10 24.20 24.10 24.10 23.90 23.80 * 0
2018-01-10 14:31:35 24.90 24.50 24.20 24.30 24.10 24.30 24.20 24.10 24.50 24.40 27.50 26.30 24.90 24.80 24.80 25.00 * 23.70 23.70 23.80 24.00 24.00 24.00 24.00 24.10 24.00 24.30 25.10 24.10 24.10 24.10 23.80 23.70 * 0
2018-01-10 14:31:35 25.00 24.60 24.20 24.40 24.20 24.40 24.20 24.10 24.50 24.50 27.40 26.30 24.90 24.90 24.90 25.00 * 23.70 23.70 23.80 24.00 24.00 24.00 24.00 24.00 23.90 24.20 25.20 24.10 24.10 24.10 23.80 23.70 * 0
2018-01-10 14:31:35 24.90 24.60 24.30 24.40 24.30 24.40 24.20 24.10 24.60 24.60 27.50 26.40 25.00 25.00 25.00 25.10 * 23.60 23.70 23.80 23.90 24.00 24.00 23.90 24.20 23.90 24.50 25.10 24.10 24.10 24.10 23.80 23.70 * 0
2018-01-10 14:31:35 24.90 24.50 24.20 24.30 24.20 24.30 24.10 24.10 24.70 24.60 27.70 26.10 25.00 25.00 25.00 25.10 * 23.60 23.70 23.80 23.90 24.00 24.00 23.90 24.40 24.00 24.70 25.20 24.10 24.10 24.20 23.90 23.80 * 0
2018-01-10 14:31:36 24.80 24.60 24.20 24.30 24.10 24.30 24.20 24.20 24.60 24.80 27.70 25.30 25.00 24.80 24.90 25.00 * 23.70 23.70 23.80 24.00 24.10 24.10 23.90 24.50 24.10 24.70 25.20 24.10 24.20 24.20 23.90 23.80 * 0
2018-01-10 14:31:36 24.90 24.50 24.20 24.30 24.10 24.30 24.20 24.70 24.70 25.00 27.20 25.20 25.00 24.90 25.00 25.10 * 23.70 23.80 23.90 24.00 24.10 24.00 24.00 24.80 24.20 25.10 24.50 24.10 24.10 24.10 23.90 23.70 * 0
2018-01-10 14:31:36 25.00 24.60 24.20 24.30 24.20 24.30 24.20 25.00 24.70 25.30 26.70 25.20 25.00 24.90 25.00 25.10 * 23.80 23.70 23.80 24.00 24.10 24.00 24.30 24.80 24.30 25.20 24.50 24.10 24.10 24.10 23.90 23.70 * 0
2018-01-10 14:31:37 25.00 24.60 24.30 24.30 24.20 24.30 24.20 25.20 24.80 25.60 26.10 25.20 25.10 25.00 25.00 25.10 * 23.70 23.70 23.80 24.00 24.10 24.00 24.30 24.80 24.30 25.10 24.50 24.10 24.10 24.10 23.90 23.80 * 0
2018-01-10 14:31:37 24.80 24.50 24.20 24.30 24.10 24.20 24.20 26.00 24.80 26.50 24.80 25.10 24.90 24.80 24.90 25.00 * 23.70 23.70 23.80 24.00 24.10 24.10 24.20 24.80 24.30 25.30 24.40 24.10 24.10 24.10 23.90 23.80 * 0
2018-01-10 14:31:37 24.90 24.50 24.20 24.30 24.10 24.30 24.30 26.30 24.90 27.10 24.50 25.10 24.90 24.80 24.90 25.00 * 23.70 23.80 23.80 24.00 24.10 24.10 24.20 24.60 24.40 24.60 24.20 24.00 24.00 24.10 23.90 23.70 * 0
2018-01-10 14:31:37 24.90 24.50 24.20 24.40 24.20 24.40 24.70 26.40 25.10 27.30 24.40 25.10 24.90 24.80 24.80 24.90 * 23.70 23.70 23.80 24.00 24.10 24.10 24.70 24.20 24.60 24.60 24.20 24.00 24.00 24.10 23.90 23.70 * 0
2018-01-10 14:31:38 25.00 24.50 24.30 24.30 24.20 24.40 25.20 26.20 25.40 26.90 24.40 25.10 24.90 24.80 24.80 24.90 * 23.70 23.70 23.80 24.00 24.10 24.20 24.70 24.20 24.70 24.60 24.10 24.00 24.00 24.10 23.90 23.70 * 0
2018-01-10 14:31:38 25.00 24.60 24.30 24.30 24.30 24.40 25.70 25.70 26.40 25.10 24.50 25.20 25.00 24.80 24.80 25.10 * 23.70 23.60 23.80 23.90 24.00 24.10 24.70 24.10 24.70 24.30 24.10 24.00 24.00 24.10 23.90 23.70 * 0
2018-01-10 14:31:38 24.90 24.50 24.20 24.30 24.10 24.30 26.60 24.40 26.50 24.40 24.50 25.20 24.90 24.70 24.90 25.00 * 23.70 23.70 23.80 24.00 24.20 24.40 24.60 23.90 24.70 24.00 24.20 24.00 24.10 24.10 23.80 23.80 * 0
2018-01-10 14:31:38 24.90 24.50 24.20 24.30 24.10 24.30 26.30 24.30 26.30 24.30 24.40 25.10 24.90 24.70 24.90 25.00 * 23.80 23.80 23.80 24.10 24.20 24.80 24.50 23.90 24.60 24.00 24.20 24.00 24.10 24.10 23.90 23.80 * 0
2018-01-10 14:31:39 25.00 24.60 24.20 24.30 24.20 24.60 25.90 24.20 26.00 24.20 24.40 25.10 24.90 24.70 24.80 24.90 * 23.70 23.70 23.80 24.00 24.10 25.00 24.40 23.80 24.50 23.90 24.10 24.00 24.00 24.10 23.90 23.70 * 0
2018-01-10 14:31:39 25.00 24.60 24.30 24.40 24.30 25.40 25.20 24.20 25.60 24.30 24.50 25.10 24.90 24.80 24.90 25.00 * 23.70 23.70 23.80 24.00 24.10 25.10 24.30 23.80 24.40 23.90 24.10 24.00 24.00 24.10 23.80 23.70 * 0
2018-01-10 14:31:39 24.90 24.60 24.30 24.40 24.30 25.60 25.30 24.20 25.80 24.20 24.50 25.20 24.90 24.80 24.90 25.00 * 23.60 23.70 23.80 24.00 24.10 25.00 24.10 23.70 24.20 23.90 24.10 24.00 24.10 24.10 23.80 23.70 * 0
2018-01-10 14:31:40 24.90 24.50 24.20 24.30 24.20 25.40 25.50 24.20 26.10 24.20 24.40 25.20 24.90 24.80 24.80 24.90 * 23.70 23.70 23.80 24.00 24.10 24.90 24.30 23.80 24.30 24.00 24.20 24.10 24.10 24.20 23.90 23.80 * 0
2018-01-10 14:31:40 24.90 24.50 24.20 24.20 24.10 25.20 25.80 24.20 26.30 24.20 24.40 25.20 25.00 24.70 24.80 24.90 * 23.80 23.80 23.90 24.00 24.10 24.70 24.30 23.80 24.30 24.00 24.20 24.10 24.10 24.20 23.90 23.70 * 0
2018-01-10 14:31:40 24.80 24.50 24.20 24.20 24.10 24.80 26.10 24.20 26.40 24.20 24.30 25.10 24.90 24.70 24.80 24.90 * 23.70 23.70 23.80 24.00 24.00 24.30 24.40 23.80 24.50 24.00 24.20 24.10 24.10 24.10 23.90 23.70 * 0
2018-01-10 14:31:40 25.00 24.60 24.20 24.30 24.20 24.40 26.20 24.30 26.20 24.50 24.50 25.20 24.90 24.80 25.00 25.00 * 23.70 23.60 23.80 23.90 24.00 24.10 24.70 23.80 24.60 24.00 24.10 24.00 23.90 24.00 23.80 23.70 * 0
2018-01-10 14:31:41 25.00 24.60 24.20 24.40 24.20 24.40 26.00 24.80 26.00 25.30 24.60 25.20 25.00 24.90 25.00 25.10 * 23.70 23.70 23.70 23.90 24.00 24.10 24.80 23.80 24.60 24.40 24.10 24.00 24.00 24.10 23.80 23.70 * 0
2018-01-10 14:31:41 24.90 24.50 24.20 24.40 24.20 24.30 25.60 25.50 25.70 26.30 24.60 25.20 25.00 24.90 25.00 25.10 * 23.80 23.70 23.90 24.00 24.10 24.10 24.70 24.30 24.60 24.60 24.60 24.10 24.10 24.20 23.90 23.70 * 0
2018-01-10 14:31:41 24.80 24.40 24.10 24.30 24.10 24.20 24.90 26.00 25.20 26.90 24.70 25.20 25.00 24.90 24.90 25.10 * 23.80 23.80 23.90 24.10 24.20 24.10 24.60 24.40 24.50 24.50 25.20 24.10 24.10 24.20 23.90 23.80 * 0
2018-01-10 14:31:41 24.80 24.40 24.10 24.20 24.10 24.20 24.30 26.00 24.80 26.40 25.60 25.10 25.00 24.80 24.90 25.00 * 23.80 23.70 23.80 24.00 24.10 24.10 24.20 24.30 24.20 24.50 25.30 24.10 24.00 24.10 23.80 23.70 * 0
2018-01-10 14:31:42 24.90 24.50 24.20 24.30 24.20 24.30 24.20 24.40 24.60 24.60 27.00 25.20 24.90 24.80 24.90 25.00 * 23.70 23.60 23.80 23.90 24.00 24.00 23.90 24.20 24.00 24.30 25.30 24.40 24.00 24.10 23.80 23.70 * 0
2018-01-10 14:31:42 25.00 24.50 24.20 24.30 24.10 24.30 24.20 24.00 24.60 24.50 26.40 25.80 24.90 24.80 25.00 25.00 * 23.60 23.60 23.80 23.90 23.90 24.00 23.90 24.00 24.00 24.10 25.30 25.20 24.20 24.10 23.90 23.70 * 0
2018-01-10 14:31:42 24.90 24.50 24.30 24.30 24.10 24.30 24.10 24.00 24.50 24.30 25.20 26.70 24.90 24.80 24.90 24.90 * 23.70 23.80 23.80 24.00 24.10 24.10 24.00 24.00 24.00 24.10 25.10 25.20 24.20 24.20 24.00 23.80 * 0
2018-01-10 14:31:42 24.80 24.40 24.20 24.20 24.10 24.20 24.00 23.90 24.40 24.20 24.60 27.20 25.00 24.70 24.80 24.90 * 23.70 23.80 23.90 24.00 24.10 24.10 24.00 23.90 24.10 24.10 24.70 25.30 24.30 24.20 24.00 23.90 * 0
2018-01-10 14:31:43 24.80 24.50 24.10 24.20 24.10 24.20 24.00 23.90 24.60 24.30 24.70 27.30 25.50 24.80 25.00 25.10 * 23.70 23.70 23.80 23.90 24.10 24.00 23.90 23.70 24.10 24.00 24.40 25.30 24.30 24.20 23.90 23.90 * 0
2018-01-10 14:31:43 24.90 24.50 24.20 24.30 24.10 24.20 24.10 23.90 24.60 24.30 24.80 27.40 25.30 24.80 25.00 25.10 * 23.60 23.60 23.70 23.80 24.00 23.90 23.80 23.60 23.90 23.90 24.20 25.20 24.20 24.10 23.80 23.70 * 0
2018-01-10 14:31:43 24.90 24.50 24.20 24.20 24.20 24.30 24.20 24.00 24.60 24.40 24.90 27.40 25.10 24.90 24.90 25.10 * 23.60 23.70 23.80 24.00 24.00 24.00 23.90 23.80 23.80 24.00 24.70 24.70 24.00 24.00 23.80 23.70 * 0
2018-01-10 14:31:43 24.90 24.50 24.10 24.20 24.10 24.20 24.20 24.00 24.50 24.40 25.30 27.30 25.00 24.90 24.90 25.00 * 23.70 23.70 23.80 24.00 24.10 24.00 23.90 24.00 23.90 24.10 24.90 24.60 24.10 24.10 23.90 23.70 * 0
2018-01-10 14:31:44 24.80 24.40 24.10 24.20 24.10 24.20 24.10 24.00 24.50 24.40 26.00 27.20 25.00 24.90 24.90 25.00 * 23.70 23.70 23.80 23.90 24.10 24.00 23.90 24.10 24.00 24.20 24.70 24.60 24.10 24.10 23.90 23.70 * 0
2018-01-10 14:31:44 24.90 24.50 24.20 24.30 24.20 24.30 24.20 25.10 24.60 25.30 27.20 27.80 25.20 24.90 25.00 25.00 * 23.70 23.70 23.80 23.90 24.00 24.00 23.90 24.10 24.00 24.30 24.60 24.70 24.10 24.10 23.80 23.70 * 0
2018-01-10 14:31:44 25.00 24.60 24.20 24.40 24.30 24.40 24.30 25.80 24.80 25.90 27.80 28.40 25.20 25.00 25.00 25.10 * 23.60 23.70 23.70 23.90 24.00 23.90 24.00 24.10 23.90 24.30 24.60 24.60 24.00 24.00 23.80 23.70 * 0
2018-01-10 14:31:45 24.90 24.50 24.20 24.40 24.30 24.40 24.30 26.00 24.90 26.10 28.20 28.70 25.10 25.00 25.10 25.20 * 23.70 23.70 23.80 24.00 24.10 24.00 24.00 24.30 24.00 24.40 24.60 24.70 24.00 24.00 23.80 23.70 * 0
2018-01-10 14:31:45 24.90 24.50 24.20 24.40 24.30 24.30 24.20 26.00 24.90 26.10 28.20 28.80 25.20 25.00 25.10 25.20 * 23.80 23.80 23.90 24.10 24.10 24.10 24.10 24.30 24.10 24.40 24.70 24.80 24.10 24.10 23.90 23.80 * 0
2018-01-10 14:31:45 24.80 24.50 24.10 24.30 24.10 24.30 24.10 25.70 24.70 25.90 28.40 29.00 25.10 24.90 24.90 25.00 * 23.80 23.80 23.90 24.10 24.10 24.10 24.10 24.30 24.10 24.40 24.80 24.80 24.20 24.10 23.90 23.80 * 0
2018-01-10 14:31:45 24.80 24.50 24.10 24.30 24.10 24.20 24.10 25.60 24.70 25.90 28.40 29.00 25.10 24.90 24.90 25.00 * 23.70 23.70 23.80 24.00 24.00 24.00 24.00 24.30 24.10 24.40 24.80 24.80 24.10 24.10 24.00 23.80 * 0
2018-01-10 14:31:46 24.90 24.50 24.20 24.30 24.20 24.30 24.10 25.70 24.70 26.00 28.40 28.90 25.10 24.90 24.90 25.10 * 23.60 23.60 23.80 23.90 24.00 23.90 23.90 24.20 24.00 24.30 24.70 24.70 24.00 24.10 23.90 23.70 * 0
2018-01-10 14:31:46 24.90 24.60 24.30 24.40 24.20 24.40 24.20 26.00 24.80 26.20 28.30 28.80 25.10 25.00 25.00 25.10 * 23.60 23.70 23.80 23.90 24.00 24.00 23.90 24.20 24.00 24.30 24.70 24.70 24.00 24.00 23.80 23.70 * 0
2018-01-10 14:31:46 24.90 24.60 24.30 24.40 24.20 24.40 24.30 26.00 24.80 26.10 27.90 28.30 25.10 24.90 25.00 25.10 * 23.70 23.80 23.90 24.00 24.00 24.00 24.00 24.30 24.00 24.30 24.70 24.70 24.10 24.00 23.80 23.70 * 0
2018-01-10 14:31:46 24.80 24.50 24.20 24.30 24.10 24.20 24.10 24.60 24.50 24.70 27.50 26.60 24.90 24.70 24.90 25.00 * 23.70 23.80 23.80 24.00 24.10 24.00 24.00 24.30 24.20 24.30 24.80 24.70 24.10 24.10 23.90 23.80 * 0
2018-01-10 14:31:47 24.80 24.40 24.20 24.30 24.10 24.30 24.10 24.20 24.50 24.50 27.50 26.10 24.90 24.70 24.90 25.00 * 23.60 23.70 23.80 23.90 24.00 24.00 23.80 24.10 24.10 24.30 24.90 24.70 24.10 24.10 23.90 23.80 * 0
2018-01-10 14:31:47 24.90 24.50 24.20 24.30 24.10 24.30 24.20 24.30 24.50 24.60 27.30 26.00 24.90 24.80 24.90 25.00 * 23.70 23.80 23.80 24.00 24.10 24.00 24.00 24.20 24.00 24.20 24.90 24.60 24.10 24.10 23.90 23.70 * 0
2018-01-10 14:31:47 25.00 24.60 24.30 24.40 24.20 24.40 24.30 24.50 24.60 24.80 27.40 25.70 24.90 24.90 24.90 25.00 * 23.70 23.70 23.80 24.00 24.10 24.00 24.00 24.20 23.90 24.10 24.80 24.50 24.00 24.00 23.80 23.70 * 0
2018-01-10 14:31:48 25.00 24.60 24.30 24.40 24.20 24.40 24.20 24.70 24.70 25.00 27.40 25.50 25.00 24.80 25.00 25.10 * 23.60 23.60 23.70 23.90 24.00 24.00 23.90 24.10 23.90 24.10 24.90 24.40 24.00 24.00 23.70 23.60 * 0
2018-01-10 14:31:48 25.00 24.60 24.30 24.40 24.30 24.40 24.30 25.40 24.70 25.50 27.30 25.30 25.00 24.80 24.90 25.00 * 23.70 23.80 23.80 24.00 24.10 24.00 24.00 24.10 24.00 24.20 25.10 24.20 24.00 24.10 23.80 23.70 * 0
2018-01-10 14:31:48 24.90 24.60 24.30 24.40 24.20 24.40 24.20 25.90 24.60 25.80 26.90 25.10 24.90 24.80 24.80 24.90 * 23.80 23.80 23.80 24.00 24.10 24.10 24.10 24.40 24.20 24.60 25.00 24.10 24.10 24.10 23.90 23.80 * 0
2018-01-10 14:31:48 25.00 24.60 24.30 24.40 24.30 24.40 24.30 25.80 24.70 25.90 25.50 25.00 24.90 24.70 24.90 24.90 * 23.70 23.70 23.80 24.00 24.10 24.10 24.50 24.50 24.60 24.70 24.80 24.00 24.10 24.10 23.90 23.80 * 0
2018-01-10 14:31:49 24.90 24.60 24.20 24.30 24.10 24.30 24.40 26.10 25.00 26.60 24.80 25.10 25.00 24.80 25.00 25.00 * 23.80 23.80 23.80 24.00 24.10 24.00 24.90 24.30 24.70 24.30 24.30 24.00 24.10 24.10 23.80 23.70 * 0
2018-01-10 14:31:49 25.00 24.60 24.30 24.40 24.20 24.40 24.90 26.00 25.30 26.30 24.60 25.20 25.00 24.90 25.00 25.10 * 23.80 23.80 23.80 24.00 24.10 24.10 25.00 24.10 24.90 24.20 24.20 24.00 24.00 24.10 23.80 23.70 * 0
2018-01-10 14:31:49 25.00 24.60 24.30 24.40 24.30 24.40 25.60 25.30 25.80 25.30 24.60 25.20 25.00 24.90 25.00 25.10 * 23.60 23.70 23.80 24.00 24.00 24.30 25.10 23.90 25.00 24.10 24.20 24.00 24.00 24.10 23.80 23.70 * 0
2018-01-10 14:31:49 24.90 24.50 24.20 24.40 24.20 24.30 26.20 24.70 26.60 24.40 24.50 25.10 24.90 24.80 24.90 25.00 * 23.70 23.80 23.90 24.00 24.10 24.60 25.10 24.00 25.00 24.10 24.20 24.00 24.10 24.10 23.90 23.80 * 0
2018-01-10 14:31:50 24.90 24.60 24.20 24.30 24.20 25.10 26.60 24.30 26.90 24.30 24.50 25.20 25.00 24.80 24.90 25.00 * 23.80 23.80 23.80 24.00 24.10 24.70 24.70 23.90 24.30 24.00 24.20 24.00 24.10 24.20 23.90 23.70 * 0
2018-01-10 14:31:50 24.90 24.60 24.20 24.30 24.20 25.80 26.70 24.30 27.00 24.20 24.50 25.10 24.90 24.70 24.80 24.90 * 23.70 23.80 23.80 24.00 24.10 24.90 24.20 23.80 24.20 24.00 24.30 24.00 24.10 24.20 23.90 23.70 * 0
2018-01-10 14:31:50 25.00 24.50 24.20 24.30 24.20 25.80 26.90 24.40 27.10 24.20 24.50 25.10 24.90 24.70 24.80 24.90 * 23.60 23.70 23.80 24.00 24.10 24.70 24.10 23.70 24.30 24.10 24.30 24.10 24.10 24.10 23.90 23.80 * 0
2018-01-10 14:31:50 25.00 24.50 24.20 24.30 24.20 25.30 27.00 24.50 27.10 24.30 24.50 25.20 24.90 24.80 24.80 25.00 * 23.80 23.80 23.80 24.00 24.10 24.50 24.10 23.80 24.40 24.10 24.30 24.10 24.10 24.10 23.90 23.90 * 0
2018-01-10 14:31:51 25.00 24.50 24.20 24.40 24.30 25.00 27.00 24.40 27.00 24.40 24.40 25.10 24.90 24.70 24.80 25.00 * 23.80 23.80 23.90 24.10 24.20 24.50 24.30 23.90 24.50 24.00 24.20 24.00 24.10 24.10 23.80 23.70 * 0
2018-01-10 14:31:51 25.00 24.60 24.30 24.40 24.30 25.00 27.30 24.80 26.90 24.80 24.50 25.10 25.00 24.80 25.00 25.00 * 23.80 23.80 24.00 24.10 24.20 24.40 24.70 24.00 24.60 24.10 24.10 24.00 24.00 24.00 23.80 23.70 * 0
2018-01-10 14:31:51 25.10 24.60 24.30 24.40 24.30 24.60 27.00 25.10 26.50 25.30 24.50 25.20 25.10 24.90 25.00 25.10 * 23.70 23.80 23.90 24.00 24.20 24.10 24.70 23.90 24.60 24.10 24.10 24.00 24.00 24.00 23.80 23.70 * 0
2018-01-10 14:31:52 24.90 24.50 24.30 24.30 24.20 24.30 26.10 25.20 25.30 26.10 24.60 25.30 25.00 24.90 25.00 25.10 * 23.60 23.70 23.70 23.90 24.00 24.00 24.50 23.90 24.40 24.20 24.20 24.00 24.00 24.10 23.80 23.80 * 0
2018-01-10 14:31:52 25.00 24.60 24.30 24.40 24.30 24.40 24.80 25.90 25.00 26.50 24.50 25.20 25.00 24.90 24.90 25.00 * 23.60 23.60 23.70 23.90 24.00 24.00 24.40 24.10 24.30 24.50 24.20 24.00 24.10 24.10 23.80 23.80 * 0
2018-01-10 14:31:52 25.00 24.60 24.30 24.40 24.20 24.40 24.60 26.30 24.90 26.80 24.60 25.10 24.90 24.80 24.90 25.00 * 23.70 23.60 23.80 24.00 24.10 24.00 24.50 24.40 24.40 24.70 24.20 24.00 24.00 24.10 23.90 23.80 * 0
2018-01-10 14:31:52 25.00 24.50 24.20 24.30 24.20 24.30 24.30 26.30 24.80 26.80 25.10 25.10 24.90 24.80 24.90 25.00 * 23.70 23.70 23.80 24.00 24.10 24.00 24.50 24.50 24.40 24.90 24.20 24.00 24.00 24.10 23.80 23.80 * 0
2018-01-10 14:31:53 24.90 24.50 24.20 24.30 24.10 24.30 24.20 26.30 24.80 26.70 26.00 25.10 24.90 24.80 24.90 25.00 * 23.80 23.80 23.90 24.10 24.20 24.10 24.40 24.70 24.20 24.90 24.20 24.00 24.10 24.10 23.80 23.70 * 0
2018-01-10 14:31:53 24.90 24.50 24.20 24.30 24.20 24.30 24.30 26.00 24.80 26.30 26.40 25.20 25.00 24.80 24.90 25.00 * 23.80 23.90 24.00 24.20 24.20 24.10 24.20 24.60 24.00 24.50 24.40 24.00 24.00 24.10 23.80 23.70 * 0
2018-01-10 14:31:53 24.90 24.50 24.20 24.30 24.20 24.30 24.20 25.90 24.80 26.20 26.90 25.30 25.00 24.90 24.90 25.00 * 23.80 23.80 23.90 24.10 24.10 24.10 24.00 24.40 24.00 24.40 24.60 24.00 24.00 24.10 23.80 23.70 * 0
2018-01-10 14:31:53 24.90 24.50 24.20 24.30 24.20 24.20 24.10 25.80 24.70 25.90 27.30 25.50 25.00 24.90 24.90 25.00 * 23.90 23.80 23.90 24.10 24.20 24.10 24.10 24.30 23.90 24.20 24.70 24.20 24.00 24.10 23.80 23.70 * 0
2018-01-10 14:31:54 24.90 24.50 24.20 24.30 24.10 24.20 24.10 25.40 24.60 25.40 27.50 26.00 25.00 24.80 24.90 25.10 * 23.90 23.80 23.90 24.10 24.20 24.10 24.10 24.30 23.90 24.10 24.50 24.80 24.00 24.00 23.80 23.70 * 0
2018-01-10 14:31:54 24.80 24.50 24.10 24.20 24.10 24.30 24.10 24.60 24.70 24.80 26.80 27.00 25.60 24.90 24.90 25.10 * 23.80 23.80 23.80 24.00 24.20 24.10 24.10 24.20 24.00 24.20 24.60 25.20 24.10 24.10 23.90 23.80 * 0
2018-01-10 14:31:54 24.90 24.50 24.20 24.30 24.20 24.30 24.20 24.10 24.50 24.50 26.20 27.10 26.10 24.80 24.90 25.10 * 23.70 23.70 23.80 23.90 24.10 24.00 24.00 24.00 23.90 24.10 25.00 25.10 24.10 24.10 23.80 23.80 * 0
2018-01-10 14:31:55 25.00 24.50 24.20 24.40 24.20 24.40 24.20 24.00 24.50 24.40 25.60 27.30 25.80 24.80 24.90 25.10 * 23.50 23.60 23.70 23.90 24.10 24.00 23.90 24.00 23.90 24.10 25.10 25.10 24.10 24.10 23.80 23.70 * 0
2018-01-10 14:31:55 25.00 24.50 24.20 24.40 24.20 24.40 24.20 24.00 24.60 24.40 25.50 27.80 25.40 24.80 25.00 25.00 * 23.60 23.60 23.80 23.90 24.10 24.00 23.90 23.80 24.00 24.00 25.20 25.20 24.10 24.10 23.90 23.80 * 0
2018-01-10 14:31:55 24.80 24.50 24.20 24.40 24.20 24.30 24.20 24.10 24.70 24.40 25.50 27.70 25.10 24.90 24.90 25.10 * 23.70 23.70 23.80 24.00 24.10 24.10 24.00 23.80 23.90 24.00 25.30 24.60 24.10 24.10 23.80 23.70 * 0
2018-01-10 14:31:55 24.80 24.40 24.20 24.30 24.10 24.20 24.10 24.00 24.70 24.50 25.70 27.40 25.00 24.90 25.00 25.10 * 23.70 23.70 23.80 24.00 24.10 24.00 24.00 24.10 23.80 24.20 25.30 24.10 24.00 24.10 23.80 23.70 * 0
2018-01-10 14:31:56 24.90 24.40 24.20 24.30 24.10 24.30 24.10 23.90 24.60 24.50 26.40 26.50 25.00 24.90 25.00 25.00 * 23.80 23.70 23.80 24.00 24.10 24.00 24.00 24.40 24.00 24.60 25.20 24.10 24.00 24.10 23.90 23.70 * 0
2018-01-10 14:31:56 24.90 24.50 24.20 24.40 24.10 24.40 24.10 23.90 24.60 24.50 27.60 25.70 25.00 24.90 24.90 25.00 * 23.80 23.80 23.80 24.00 24.10 24.10 24.00 24.50 24.20 25.00 25.20 24.20 24.10 24.20 23.90 23.80 * 0
2018-01-10 14:31:56 24.80 24.40 24.10 24.20 24.00 24.20 24.10 25.40 24.70 25.90 26.50 25.20 25.00 24.90 24.90 25.00 * 23.70 23.80 23.80 24.00 24.10 24.10 24.10 24.50 24.20 25.20 25.20 24.20 24.20 24.20 23.90 23.90 * 0
2018-01-10 14:31:56 24.70 24.40 24.10 24.20 24.00 24.20 24.10 26.20 24.90 26.80 25.20 25.10 25.00 24.90 24.90 25.00 * 23.80 23.80 23.80 24.00 24.10 24.10 24.10 24.60 24.40 25.00 24.20 23.90 24.00 24.00 23.80 23.80 * 0
2018-01-10 14:31:57 24.80 24.50 24.20 24.30 24.20 24.30 24.20 26.60 25.00 27.20 24.70 25.10 25.00 24.90 24.90 25.00 * 23.80 23.70 23.90 24.00 24.10 24.10 24.70 24.60 24.90 25.00 24.30 24.00 24.10 24.10 23.90 23.80 * 0
2018-01-10 14:31:57 24.90 24.50 24.20 24.30 24.20 24.40 24.50 26.30 25.10 26.90 24.60 25.10 25.00 24.90 24.90 25.00 * 23.70 23.70 23.80 24.00 24.00 24.10 24.70 24.40 25.00 24.90 24.30 24.10 24.10 24.10 24.00 23.90 * 0
2018-01-10 14:31:57 24.90 24.50 24.10 24.30 24.20 24.30 26.20 24.70 26.20 24.80 24.60 25.20 25.10 24.90 25.00 25.10 * 23.80 23.80 23.80 24.10 24.10 24.20 24.90 24.20 24.90 24.40 24.10 24.00 24.00 24.00 23.90 23.80 * 0
2018-01-10 14:31:57 24.90 24.50 24.10 24.30 24.20 24.40 26.90 24.50 26.70 24.50 24.60 25.30 25.00 24.90 24.90 25.00 * 23.70 23.70 23.80 24.00 24.10 24.30 24.90 23.90 24.90 24.00 24.20 24.10 24.00 24.10 23.90 23.80 * 0
2018-01-10 14:31:58 24.90 24.50 24.20 24.30 24.20 24.40 27.10 24.50 26.90 24.50 24.50 25.30 25.00 24.80 24.90 25.00 * 23.60 23.60 23.70 23.90 24.10 24.90 24.70 23.70 24.90 24.10 24.30 24.10 24.10 24.20 24.00 23.80 * 0
2018-01-10 14:31:58 24.90 24.50 24.30 24.40 24.20 24.70 26.70 24.40 26.80 24.50 24.60 25.20 25.00 24.80 24.90 25.00 * 23.60 23.70 23.80 23.90 24.10 25.00 24.60 23.70 24.80 24.10 24.20 24.10 24.10 24.20 23.90 23.80 * 0
2018-01-10 14:31:58 24.90 24.50 24.30 24.40 24.30 25.40 26.00 24.30 25.80 24.30 24.50 25.20 25.00 24.80 24.90 25.00 * 23.60 23.70 23.80 23.90 24.10 25.00 24.30 23.70 24.50 24.10 24.30 24.10 24.10 24.20 23.90 23.90 * 0
2018-01-10 14:31:59 24.90 24.50 24.20 24.40 24.30 26.30 25.60 24.10 25.90 24.30 24.50 25.20 25.00 24.80 24.90 25.00 * 23.70 23.70 23.90 24.00 24.20 25.20 24.20 23.80 24.20 24.00 24.20 24.00 24.00 24.20 23.90 23.90 * 0
2018-01-10 14:31:59 24.90 24.50 24.20 24.40 24.30 26.50 25.90 24.20 26.10 24.30 24.50 25.10 25.00 24.80 24.90 25.00 * 23.80 23.80 23.90 24.10 24.40 25.30 24.20 23.90 24.20 24.00 24.10 24.00 24.00 24.10 23.90 23.80 * 0
2018-01-10 14:31:59 25.00 24.60 24.30 24.40 24.30 26.70 25.90 24.10 25.90 24.30 24.50 25.20 25.00 24.80 24.90 25.00 * 23.70 23.70 23.90 24.00 24.30 25.30 24.10 23.80 24.20 24.00 24.20 24.00 24.10 24.10 23.90 23.90 * 0
2018-01-10 14:31:59 24.80 24.50 24.20 24.40 24.80 26.90 24.80 24.00 25.30 24.40 24.60 25.30 25.00 24.90 25.00 25.10 * 23.60 23.70 23.80 24.00 24.30 24.90 24.00 23.70 24.10 24.10 24.20 24.10 24.20 24.20 24.00 24.00 * 0
2018-01-10 14:32:00 24.80 24.50 24.10 24.30 24.80 26.90 25.00 23.90 25.50 24.30 24.50 25.20 25.00 24.80 24.90 25.00 * 23.80 23.80 23.90 24.10 24.40 24.80 24.00 23.70 24.30 24.00 24.10 24.00 24.00 24.10 23.80 23.80 * 0
2018-01-10 14:32:00 24.80 24.50 24.10 24.20 24.50 26.70 25.30 23.90 25.80 24.20 24.40 25.10 24.90 24.80 24.90 25.00 * 23.80 23.80 23.90 24.00 24.40 24.50 24.40 23.80 24.40 23.90 24.10 24.00 24.00 24.00 23.80 23.80 * 0
2018-01-10 14:32:00 24.80 24.50 24.20 24.20 24.30 26.40 25.90 24.10 26.40 24.40 24.50 25.20 24.90 24.80 24.90 25.00 * 23.70 23.80 23.90 24.00 24.20 24.60 24.50 23.90 24.40 23.80 24.10 23.90 24.00 24.00 23.70 23.70 * 0
2018-01-10 14:32:00 24.90 24.50 24.20 24.40 24.20 25.70 26.30 24.40 26.70 24.60 24.50 25.20 25.00 24.90 25.00 25.00 * 23.70 23.80 23.90 24.00 24.10 24.40 24.60 23.90 24.70 24.10 24.20 23.90 24.00 24.10 23.80 23.80 * 0
2018-01-10 14:32:01 24.90 24.60 24.20 24.30 24.10 24.30 26.30 24.80 25.90 25.20 24.50 25.20 25.00 24.80 24.90 25.00 * 23.70 23.80 23.80 24.00 24.10 24.10 24.70 24.10 24.80 24.50 24.20 24.00 24.00 24.10 23.80 23.80 * 0
2018-01-10 14:32:01 24.90 24.50 24.20 24.30 24.20 24.30 25.40 25.40 25.30 26.30 24.60 25.10 25.00 24.80 25.00 25.10 * 23.60 23.80 23.90 24.10 24.10 24.10 24.50 24.40 24.50 25.00 24.40 24.10 24.10 24.20 24.00 23.90 * 0
2018-01-10 14:32:01 24.90 24.50 24.20 24.30 24.10 24.30 24.50 26.30 25.00 27.20 24.90 25.10 25.00 24.80 24.90 25.00 * 23.70 23.80 23.90 24.10 24.10 24.10 24.20 24.50 24.30 25.10 24.90 24.20 24.20 24.20 24.00 24.00 * 0
2018-01-10 14:32:02 24.90 24.40 24.10 24.30 24.10 24.30 24.10 26.40 24.80 26.60 26.80 25.20 24.90 24.80 24.90 25.00 * 23.80 23.80 23.90 24.00 24.10 24.10 24.10 24.50 24.20 24.90 25.20 24.20 24.10 24.10 24.00 23.90 * 0
2018-01-10 14:32:02 24.80 24.40 24.10 24.30 24.10 24.30 24.10 25.60 24.60 25.40 27.30 25.70 24.90 24.70 24.80 25.00 * 23.80 23.80 23.90 24.00 24.10 24.10 24.10 24.50 24.00 24.50 25.20 24.10 24.00 24.10 23.80 23.80 * 0
2018-01-10 14:32:02 24.80 24.50 24.20 24.30 24.20 24.30 24.10 24.70 24.60 24.80 27.50 26.10 25.10 24.80 24.80 25.00 * 23.70 23.70 23.80 24.00 24.00 24.10 24.00 24.10 24.10 24.30 25.60 24.20 24.10 24.20 23.90 23.90 * 0
2018-01-10 14:32:02 24.80 24.50 24.20 24.40 24.20 24.40 24.30 24.50 24.70 24.90 27.60 26.30 25.20 24.90 24.90 25.10 * 23.70 23.70 23.80 23.90 24.00 24.00 23.90 24.00 24.10 24.30 25.90 24.30 24.20 24.20 24.00 23.90 * 0
2018-01-10 14:32:03 24.90 24.50 24.20 24.30 24.20 24.30 24.20 24.90 24.70 25.10 27.40 26.90 25.10 24.90 24.90 25.10 * 23.70 23.70 23.80 24.00 24.10 24.00 24.00 24.00 24.10 24.20 25.80 24.30 24.10 24.10 23.90 23.80 * 0
2018-01-10 14:32:03 24.80 24.50 24.20 24.30 24.10 24.30 24.20 25.60 24.80 25.70 27.40 26.90 25.10 24.90 25.00 25.10 * 23.70 23.70 23.80 24.00 24.00 24.00 24.00 24.00 24.00 24.10 25.60 24.20 24.00 24.00 23.70 23.70 * 0
2018-01-10 14:32:03 24.90 24.50 24.20 24.30 24.20 24.30 24.20 25.70 24.80 25.90 27.40 25.90 25.00 24.80 24.90 25.10 * 23.70 23.70 23.80 23.90 24.00 24.00 24.00 24.20 24.60 24.50 25.30 24.00 24.10 24.10 23.80 23.80 * 0
2018-01-10 14:32:03 25.00 24.60 24.30 24.40 24.20 24.40 24.40 26.30 25.00 26.70 26.40 25.20 25.00 24.80 24.80 25.00 * 23.80 23.90 23.90 24.10 24.10 24.40 25.00 24.40 25.00 24.30 24.80 24.00 24.00 24.10 23.80 23.80 * 0
2018-01-10 14:32:04 25.00 24.60 24.30 24.40 24.20 24.40 25.10 26.70 26.90 25.50 24.50 25.10 24.90 24.80 24.90 25.00 * 23.80 23.90 23.90 24.10 24.10 24.70 25.10 24.30 25.10 24.20 24.30 24.10 24.00 24.10 23.90 23.80 * 0
2018-01-10 14:32:04 24.90 24.60 24.20 24.30 24.20 25.80 27.30 24.70 27.20 24.60 24.50 25.20 24.90 24.80 24.90 25.00 * 23.80 23.90 23.90 24.20 24.70 24.80 25.10 24.00 25.00 24.00 24.20 24.00 24.00 24.00 23.80 23.80 * 0
2018-01-10 14:32:04 25.00 24.60 24.20 24.30 24.80 26.90 26.50 24.30 26.50 24.40 24.50 25.20 24.90 24.80 24.90 25.00 * 23.80 23.80 23.90 24.90 25.30 24.80 24.50 23.80 24.50 23.90 24.10 24.00 24.00 24.00 23.80 23.80 * 0
2018-01-10 14:32:04 24.90 24.60 24.20 24.80 26.20 27.20 25.40 24.00 25.50 24.30 24.50 25.10 24.90 24.80 24.80 25.00 * 23.80 23.80 23.90 24.90 25.50 24.70 24.10 23.80 24.10 24.00 24.20 24.00 24.00 24.10 23.80 23.80 * 0
2018-01-10 14:32:05 24.80 24.50 24.40 25.50 26.80 27.10 24.50 23.90 24.80 24.30 24.50 25.10 25.00 24.80 24.90 25.10 * 23.80 23.80 24.10 25.20 25.50 24.30 24.00 23.80 24.00 23.90 24.10 24.00 24.00 24.00 23.80 23.70 * 0
2018-01-10 14:32:05 24.80 24.50 25.30 25.70 26.50 27.00 24.30 23.90 24.70 24.40 24.50 25.20 25.00 24.90 24.90 25.10 * 23.90 23.90 24.60 25.80 25.20 24.10 24.00 23.90 23.90 23.90 24.10 24.00 24.00 24.00 23.80 23.70 * 0
2018-01-10 14:32:05 24.90 24.80 27.00 26.90 27.20 26.40 24.30 24.00 24.50 24.30 24.50 25.10 24.90 24.90 25.00 25.00 * 23.80 23.80 24.90 26.00 24.70 24.10 23.90 23.80 24.00 23.90 24.10 23.90 24.00 24.00 23.80 23.80 * 0
2018-01-10 14:32:06 25.10 25.10 27.10 27.40 27.20 25.00 24.20 24.00 24.40 24.20 24.50 25.10 24.90 24.80 24.90 25.00 * 24.00 24.70 25.50 25.70 24.20 24.00 23.90 23.70 24.10 24.00 24.20 24.00 24.00 24.20 23.90 23.90 * 0
2018-01-10 14:32:06 25.10 25.20 26.90 27.60 27.10 24.40 24.20 24.00 24.40 24.20 24.50 25.20 24.90 24.70 24.80 25.00 * 24.80 25.00 25.30 25.70 24.20 24.10 24.00 23.80 24.10 24.10 24.20 24.10 24.10 24.20 24.00 23.90 * 0
2018-01-10 14:32:06 25.20 25.50 27.10 27.00 27.80 24.50 24.20 23.90 24.40 24.10 24.40 25.10 24.90 24.70 24.70 24.90 * 25.50 24.20 25.00 25.70 24.10 24.10 24.00 23.80 24.10 24.10 24.30 24.10 24.10 24.10 23.90 23.90 * 0
2018-01-10 14:32:06 25.80 26.90 26.80 26.70 25.60 24.40 24.20 24.00 24.50 24.20 24.50 25.10 24.90 24.80 24.90 25.00 * 25.70 24.00 25.10 25.50 24.10 24.10 24.00 23.70 24.00 24.00 24.20 24.00 24.10 24.10 23.90 23.90 * 0
2018-01-10 14:32:07 26.30 27.10 26.80 26.30 24.30 24.30 24.10 24.00 24.50 24.20 24.40 25.10 24.90 24.70 24.80 24.90 * 25.70 24.10 25.40 25.00 24.20 24.10 24.00 23.80 24.00 24.10 24.20 24.00 24.10 24.10 23.90 23.80 * 0
2018-01-10 14:32:07 26.70 27.00 26.50 25.60 24.20 24.30 24.10 23.90 24.50 24.20 24.40 25.10 24.90 24.70 24.80 24.90 * 25.70 24.10 25.60 24.40 24.20 24.10 24.00 23.80 24.00 24.10 24.30 24.10 24.10 24.20 23.90 23.90 * 0
2018-01-10 14:32:07 26.60 26.90 26.40 25.90 24.20 24.30 24.10 23.80 24.50 24.30 24.50 25.20 25.00 24.80 24.90 25.00 * 25.70 24.20 26.00 24.70 24.20 24.10 24.00 23.80 24.10 24.10 24.30 24.10 24.10 24.20 24.00 23.90 * 0
2018-01-10 14:32:07 25.90 27.00 26.80 26.60 24.20 24.30 24.10 23.80 24.50 24.30 24.50 25.20 25.00 24.80 24.90 25.00 * 25.30 24.70 26.20 24.70 24.20 24.10 24.00 23.80 24.10 24.10 24.30 24.10 24.10 24.20 24.00 23.90 * 0
2018-01-10 14:32:08 25.00 25.60 28.00 27.20 25.10 24.30 24.00 23.80 24.60 24.40 24.50 25.20 25.00 24.90 24.90 25.10 * 24.30 24.70 26.00 24.90 24.40 24.10 24.00 23.80 24.00 24.00 24.20 24.10 24.10 24.20 23.90 23.80 * 0
2018-01-10 14:32:08 24.90 24.80 26.80 27.90 26.30 24.90 24.10 23.90 24.50 24.30 24.50 25.20 25.00 24.80 24.90 25.10 * 23.90 24.10 26.10 24.80 24.80 25.10 24.00 23.80 24.00 24.00 24.20 24.10 24.10 24.10 23.90 23.80 * 0
2018-01-10 14:32:08 24.90 24.60 24.90 27.10 27.60 26.00 24.70 24.00 25.20 24.30 24.50 25.10 25.00 24.80 24.90 25.10 * 23.90 23.90 24.90 24.70 24.60 25.00 24.00 23.80 24.00 24.00 24.10 24.00 24.00 24.10 23.80 23.70 * 0
2018-01-10 14:32:08 25.00 24.60 24.30 25.40 27.30 27.00 25.70 24.20 26.10 24.30 24.50 25.10 25.00 24.80 24.90 25.10 * 23.70 23.70 23.90 24.30 24.60 25.10 24.00 23.70 24.20 24.10 24.20 24.10 24.10 24.20 23.90 23.90 * 0
2018-01-10 14:32:09 25.00 24.70 24.30 24.40 26.20 27.70 26.30 24.30 26.60 24.70 24.40 25.10 24.90 24.80 24.90 24.90 * 23.70 23.70 23.80 24.00 24.50 25.20 24.30 23.70 24.60 24.10 24.20 24.20 24.20 24.30 24.00 23.90 * 0
2018-01-10 14:32:09 25.00 24.60 24.30 24.40 24.70 27.00 26.90 25.10 27.30 25.40 24.40 25.10 24.90 24.80 24.90 24.90 * 23.70 23.80 23.80 24.10 24.30 25.10 24.80 23.80 25.00 24.10 24.30 24.10 24.20 24.30 24.00 24.00 * 0
2018-01-10 14:32:09 25.00 24.60 24.30 24.30 24.30 25.80 27.40 25.80 27.70 26.00 24.50 25.10 24.90 24.70 24.90 25.00 * 23.80 23.80 23.90 24.00 24.10 24.20 24.90 24.10 25.00 24.40 24.30 24.10 24.10 24.20 23.90 23.90 * 0
2018-01-10 14:32:10 25.00 24.60 24.30 24.30 24.20 24.70 27.40 26.30 27.40 26.60 24.50 25.10 24.90 24.70 24.90 25.00 * 23.80 23.80 23.90 24.10 24.10 24.20 25.00 24.50 25.10 24.90 24.30 24.10 24.10 24.20 24.00 23.80 * 0
2018-01-10 14:32:10 24.90 24.50 24.20 24.20 24.20 24.30 26.80 26.60 26.70 27.20 24.90 25.10 24.90 24.80 24.90 25.10 * 23.90 23.90 24.00 24.10 24.20 24.20 24.90 24.70 24.90 25.00 24.30 24.10 24.10 24.20 24.00 23.80 * 0
2018-01-10 14:32:10 24.80 24.40 24.10 24.30 24.10 24.20 24.90 26.80 25.30 27.40 25.60 25.20 25.00 24.90 25.00 25.20 * 23.90 23.90 24.00 24.10 24.20 24.10 24.60 24.70 24.50 25.00 24.30 24.10 24.10 24.10 23.90 23.80 * 0
2018-01-10 14:32:10 24.80 24.50 24.10 24.30 24.10 24.20 24.20 26.20 25.00 26.50 26.10 25.20 25.00 24.90 25.00 25.10 * 23.90 23.90 23.90 24.10 24.20 24.10 24.20 24.70 24.20 25.10 25.10 24.10 24.10 24.20 23.90 23.80 * 0
2018-01-10 14:32:11 24.80 24.50 24.10 24.20 24.10 24.20 24.10 25.40 24.80 25.50 27.30 25.30 24.90 24.90 25.00 25.10 * 23.80 23.80 23.90 24.00 24.10 24.10 24.00 24.60 24.10 24.90 25.20 24.10 24.10 24.20 23.90 23.80 * 0
2018-01-10 14:32:11 24.90 24.50 24.10 24.30 24.20 24.20 24.10 24.70 24.60 24.90 27.90 25.60 24.90 24.90 24.90 25.00 * 23.80 23.80 23.90 24.00 24.10 24.10 24.00 24.50 24.10 24.80 25.30 24.20 24.10 24.20 23.90 23.90 * 0
2018-01-10 14:32:11 25.00 24.60 24.20 24.40 24.20 24.30 24.20 24.50 24.60 24.70 27.70 26.10 24.90 24.80 24.90 25.00 * 23.80 23.80 23.90 24.00 24.10 24.10 24.00 24.30 24.10 24.60 25.50 24.30 24.20 24.30 24.00 24.00 * 0
2018-01-10 14:32:11 25.00 24.60 24.30 24.40 24.30 24.40 24.30 25.30 24.60 25.30 27.30 26.20 24.90 24.80 24.90 25.00 * 23.80 23.80 23.90 24.00 24.10 24.10 24.00 24.10 24.20 24.40 25.70 24.30 24.10 24.30 24.00 24.00 * 0
2018-01-10 14:32:12 24.90 24.60 24.20 24.30 24.20 24.40 24.20 25.40 24.60 25.50 27.30 26.30 24.90 24.80 24.80 25.00 * 23.80 23.80 23.90 24.00 24.10 24.10 24.00 24.10 24.10 24.30 25.50 24.20 24.10 24.20 24.00 23.90 * 0
2018-01-10 14:32:12 24.80 24.50 24.10 24.20 24.20 24.30 24.10 25.40 24.60 25.60 27.40 26.10 24.90 24.80 24.90 25.00 * 23.80 23.90 23.90 24.00 24.10 24.10 24.00 24.20 24.10 24.40 25.40 24.20 24.20 24.30 24.10 24.00 * 0
2018-01-10 14:32:12 24.80 24.40 24.10 24.20 24.00 24.20 24.10 25.60 24.70 26.00 27.60 25.30 25.00 24.90 24.90 25.10 * 23.90 23.90 24.00 24.10 24.20 24.20 24.10 24.60 24.10 24.80 25.10 24.10 24.20 24.20 24.00 24.00 * 0
2018-01-10 14:32:12 24.90 24.50 24.20 24.30 24.10 24.30 24.50 25.60 25.00 26.00 27.60 25.30 25.00 24.90 24.90 25.10 * 23.80 23.80 23.90 24.10 24.20 24.20 24.10 24.90 24.20 25.50 24.70 24.00 24.10 24.10 23.80 23.80 * 0
2018-01-10 14:32:13 25.00 24.60 24.30 24.40 24.20 24.40 25.10 26.00 25.40 26.50 27.70 25.40 25.10 25.00 25.00 25.10 * 23.70 23.70 23.80 24.00 24.00 24.00 24.20 24.90 24.30 25.40 24.30 24.00 24.10 24.10 23.90 23.80 * 0
2018-01-10 14:32:13 25.00 24.60 24.30 24.40 24.20 24.40 25.70 26.40 26.00 27.10 27.60 25.30 25.10 25.00 25.00 25.20 * 23.70 23.80 23.80 24.00 24.10 24.60 24.40 24.80 24.60 25.40 24.20 24.10 24.10 24.10 23.90 23.80 * 0
2018-01-10 14:32:13 25.00 24.60 24.30 24.40 24.30 24.40 26.40 26.80 26.80 27.40 26.60 25.20 25.00 25.00 25.10 25.30 * 23.60 23.80 23.80 24.00 24.50 25.30 24.40 24.70 24.40 25.30 24.20 24.10 24.00 24.10 23.90 23.80 * 0
2018-01-10 14:32:13 25.00 24.60 24.30 24.40 24.50 26.10 27.30 25.80 27.40 25.60 24.60 25.20 25.00 24.80 24.90 25.10 * 23.70 23.80 23.80 24.00 24.90 25.60 24.30 24.50 24.30 25.00 24.20 24.10 24.00 24.10 23.90 23.80 * 0
2018-01-10 14:32:14 24.90 24.50 24.20 24.40 25.40 27.30 26.70 24.40 26.40 24.40 24.50 25.10 25.00 24.80 24.80 25.00 * 23.80 23.80 23.90 24.00 25.00 25.60 24.60 24.10 24.50 24.20 24.40 24.20 24.20 24.30 24.10 24.00 * 0
2018-01-10 14:32:14 24.90 24.60 24.20 25.10 25.90 27.70 25.50 24.20 25.80 24.40 24.50 25.20 25.00 24.80 24.90 25.00 * 24.00 24.40 25.60 25.00 25.40 25.60 24.20 24.00 24.30 24.20 24.40 24.20 24.20 24.30 24.10 24.10 * 0
2018-01-10 14:32:14 24.90 24.60 24.80 25.70 26.20 27.40 25.00 24.10 25.40 24.40 24.50 25.20 25.00 24.80 24.90 25.00 * 24.00 24.60 26.20 24.70 25.10 24.90 24.10 23.90 24.10 24.10 24.20 24.00 24.10 24.20 23.90 23.90 * 0
2018-01-10 14:32:15 24.90 24.80 25.50 26.60 26.90 25.80 24.40 24.00 24.70 24.30 24.50 25.20 25.00 24.80 24.80 25.00 * 24.10 24.90 26.30 24.60 24.60 24.20 24.10 23.80 24.20 24.10 24.20 24.10 24.10 24.20 23.90 23.90 * 0
2018-01-10 14:32:15 25.40 27.30 27.40 28.50 24.40 24.30 24.10 23.90 24.60 24.30 24.60 25.10 25.00 24.90 25.00 25.10 * 24.90 25.00 26.30 24.50 24.20 24.10 24.00 23.80 24.10 24.00 24.20 24.10 24.10 24.20 23.90 23.90 * 0
2018-01-10 14:32:15 26.20 27.80 27.10 27.60 24.30 24.30 24.20 24.00 24.60 24.40 24.60 25.20 25.00 24.90 25.00 25.10 * 25.70 24.80 26.20 24.40 24.20 24.20 24.10 23.90 23.90 24.00 24.10 24.00 24.00 24.10 23.80 23.80 * 0
2018-01-10 14:32:15 27.10 27.30 28.00 25.50 24.30 24.40 24.20 24.00 24.60 24.40 24.60 25.30 25.00 24.90 25.00 25.10 * 25.80 24.80 24.50 24.10 24.20 24.10 24.00 23.80 23.90 23.90 24.10 24.00 24.00 24.00 23.80 23.70 * 0
2018-01-10 14:32:16 27.40 27.20 28.30 24.50 24.30 24.40 24.30 24.00 24.60 24.40 24.60 25.20 25.00 24.90 25.00 25.10 * 25.70 24.60 24.50 24.00 24.10 24.00 24.00 23.70 23.90 23.90 24.10 24.00 24.00 24.00 23.80 23.70 * 0
2018-01-10 14:32:16 26.80 27.20 26.50 24.50 24.30 24.40 24.30 24.10 24.50 24.30 24.50 25.20 25.00 24.80 24.90 25.10 * 25.60 24.50 24.40 24.00 24.10 24.00 23.90 23.70 24.00 24.00 24.20 24.10 24.10 24.10 24.00 23.90 * 0
2018-01-10 14:32:16 26.80 27.30 26.60 24.50 24.30 24.40 24.30 24.10 24.40 24.20 24.40 25.10 24.90 24.70 24.70 25.00 * 25.40 24.50 24.40 24.00 24.10 24.00 23.90 23.70 24.10 24.10 24.30 24.10 24.10 24.20 24.00 23.90 * 0
2018-01-10 14:32:16 26.60 27.30 26.60 24.50 24.20 24.40 24.20 24.10 24.40 24.10 24.40 25.10 24.80 24.70 24.70 24.90 * 24.90 24.70 24.30 24.10 24.10 24.00 23.90 23.70 24.10 24.10 24.30 24.10 24.10 24.20 24.00 23.90 * 0
2018-01-10 14:32:17 26.70 27.30 26.40 24.40 24.20 24.30 24.20 24.00 24.50 24.20 24.50 25.10 24.90 24.80 24.80 25.00 * 24.70 24.90 24.10 24.10 24.10 24.10 24.00 23.80 24.10 24.10 24.30 24.10 24.20 24.20 24.00 24.00 * 0
2018-01-10 14:32:17 26.80 27.30 26.20 24.30 24.10 24.20 24.10 23.90 24.60 24.30 24.60 25.20 25.00 24.90 25.00 25.10 * 25.00 24.60 24.00 24.10 24.10 24.10 24.00 23.80 24.10 24.10 24.20 24.10 24.20 24.10 23.90 23.90 * 0
2018-01-10 14:32:17 27.00 27.30 26.20 24.30 24.10 24.20 24.10 23.90 24.60 24.40 24.60 25.20 25.00 24.90 25.00 25.10 * 25.40 24.20 23.90 24.10 24.10 24.10 24.00 23.80 23.90 23.90 24.10 24.00 24.00 24.00 23.80 23.70 * 0
2018-01-10 14:32:17 27.10 27.30 26.00 24.40 24.20 24.30 24.10 24.00 24.70 24.40 24.60 25.20 25.00 24.90 25.00 25.10 * 25.70 24.00 23.80 24.00 24.10 24.00 24.00 23.80 23.90 23.80 24.10 24.00 24.00 24.10 23.80 23.70 * 0
2018-01-10 14:32:18 27.20 27.30 25.70 24.40 24.30 24.40 24.20 24.10 24.60 24.40 24.60 25.20 25.00 24.90 25.00 25.10 * 25.80 24.00 23.90 24.10 24.20 24.00 24.00 23.80 23.90 23.80 24.10 24.00 24.00 24.10 23.80 23.80 * 0
2018-01-10 14:32:18 27.90 27.10 25.40 24.40 24.30 24.40 24.20 24.00 24.60 24.40 24.50 25.20 25.00 24.90 25.00 25.00 * 25.30 24.00 24.00 24.10 24.20 24.10 24.00 23.80 23.90 23.90 24.10 24.10 24.00 24.10 23.90 23.90 * 0
2018-01-10 14:32:18 26.80 27.00 25.40 24.40 24.30 24.40 24.20 24.00 24.50 24.30 24.50 25.20 25.00 24.90 25.00 25.10 * 24.80 23.90 23.90 24.00 24.10 24.00 24.00 23.70 23.90 23.90 24.10 24.00 24.00 24.10 23.80 23.80 * 0
2018-01-10 14:32:19 26.60 27.00 25.30 24.40 24.30 24.40 24.20 24.00 24.50 24.30 24.50 25.20 25.00 24.90 25.00 25.10 * 24.80 23.90 23.80 24.00 24.10 24.00 24.00 23.70 24.10 24.10 24.30 24.10 24.20 24.20 23.90 23.90 * 0
2018-01-10 14:32:19 26.70 27.00 25.50 24.40 24.30 24.40 24.30 24.10 24.50 24.30 24.60 25.30 25.00 24.90 24.90 25.10 * 25.10 24.10 24.10 24.30 24.30 24.20 24.10 23.90 24.10 24.10 24.30 24.20 24.20 24.20 24.00 23.90 * 0
2018-01-10 14:32:19 26.60 26.90 25.50 24.30 24.20 24.30 24.20 24.00 24.50 24.30 24.50 25.30 25.00 24.90 24.90 25.10 * 25.10 24.10 24.10 24.20 24.30 24.20 24.10 24.00 24.10 24.10 24.30 24.10 24.20 24.20 24.00 23.90 * 0
2018-01-10 14:32:19 26.60 26.80 25.50 24.30 24.10 24.30 24.10 24.00 24.50 24.20 24.50 25.20 24.90 24.80 24.90 25.00 * 25.00 24.00 24.00 24.10 24.20 24.20 24.10 23.90 24.00 24.00 24.20 24.10 24.10 24.10 24.00 23.80 * 0
2018-01-10 14:32:20 26.50 26.80 25.50 24.20 24.10 24.20 24.10 23.90 24.40 24.10 24.40 25.10 24.90 24.70 24.90 25.00 * 24.90 24.00 23.90 24.10 24.20 24.10 24.00 23.80 23.90 24.00 24.10 24.00 24.10 24.10 23.90 23.80 * 0
