2018-01-10 16:00:00 25.00 24.80 25.00 24.90 27.50 27.00 24.80 24.30 25.00 24.50 24.60 25.00 24.80 24.80 25.40 24.90 * 24.20 24.20 24.30 24.40 25.20 25.70 24.40 24.00 24.40 24.30 24.40 24.20 24.20 24.20 24.10 24.20 * 0
2018-01-10 16:00:00 25.00 24.80 25.00 25.10 28.20 26.30 24.50 24.30 24.80 24.50 24.60 25.00 24.80 24.70 25.30 24.80 * 24.10 24.10 24.30 26.00 25.40 24.90 24.20 23.90 24.40 24.30 24.40 24.20 24.20 24.20 24.10 24.10 * 0
2018-01-10 16:00:00 25.00 24.90 25.10 26.20 27.80 25.30 24.50 24.30 24.90 24.60 24.80 25.10 24.90 24.80 25.40 24.90 * 24.10 24.10 24.70 26.00 25.20 24.30 24.10 23.90 24.40 24.20 24.40 24.30 24.20 24.10 24.00 24.00 * 0
2018-01-10 16:00:00 25.00 25.00 25.30 27.60 26.80 24.80 24.50 24.30 25.00 24.70 24.90 25.20 25.00 25.00 25.60 25.10 * 24.10 24.70 25.40 26.00 24.80 24.20 24.10 23.90 24.30 24.10 24.30 24.20 24.10 24.10 24.00 24.00 * 0
2018-01-10 16:00:01 25.10 25.90 27.10 27.30 24.80 24.60 24.40 24.30 25.00 24.60 24.80 25.10 24.90 24.90 25.50 25.00 * 24.70 26.00 25.80 24.90 24.40 24.30 24.20 24.00 24.30 24.30 24.40 24.20 24.20 24.20 24.00 24.10 * 0
2018-01-10 16:00:01 25.30 26.60 27.20 26.40 24.50 24.60 24.40 24.40 25.10 24.80 24.90 25.20 25.00 25.00 25.60 25.10 * 25.80 26.20 25.70 24.40 24.40 24.30 24.20 24.00 24.40 24.30 24.50 24.30 24.20 24.20 24.10 24.20 * 0
2018-01-10 16:00:01 25.60 26.80 27.20 25.30 24.50 24.60 24.40 24.30 24.90 24.70 24.70 25.10 25.00 24.90 25.50 25.00 * 26.50 26.00 25.00 24.30 24.30 24.20 24.20 23.90 24.40 24.30 24.50 24.30 24.20 24.20 24.10 24.20 * 0
2018-01-10 16:00:02 25.80 27.10 26.60 24.70 24.40 24.50 24.30 24.20 24.70 24.40 24.70 25.00 24.80 24.70 25.40 24.80 * 26.50 25.50 24.40 24.30 24.40 24.30 24.20 24.00 24.40 24.30 24.50 24.30 24.20 24.20 24.10 24.10 * 0
2018-01-10 16:00:02 26.50 27.60 25.60 24.60 24.40 24.50 24.30 24.30 24.70 24.40 24.60 25.00 24.70 24.70 25.40 24.70 * 26.50 24.70 24.30 24.30 24.40 24.30 24.20 24.00 24.30 24.30 24.50 24.20 24.20 24.20 24.20 24.20 * 0
2018-01-10 16:00:02 27.10 27.70 25.40 24.70 24.50 24.60 24.40 24.40 24.70 24.50 24.60 25.00 24.80 24.70 25.30 24.80 * 26.70 24.60 24.20 24.20 24.30 24.20 24.10 23.90 24.30 24.20 24.40 24.20 24.10 24.10 24.10 24.10 * 0
2018-01-10 16:00:02 27.30 27.80 25.40 24.80 24.50 24.60 24.50 24.40 24.70 24.40 24.60 25.00 24.80 24.70 25.30 24.80 * 26.70 24.60 24.10 24.20 24.30 24.10 24.00 23.90 24.20 24.20 24.30 24.20 24.10 24.10 24.10 24.10 * 0
2018-01-10 16:00:03 27.20 27.80 25.40 24.80 24.50 24.60 24.50 24.40 24.70 24.40 24.60 24.90 24.80 24.70 25.40 24.80 * 26.70 24.60 24.20 24.20 24.30 24.10 24.10 23.80 24.20 24.20 24.40 24.20 24.20 24.10 24.10 24.10 * 0
2018-01-10 16:00:03 27.10 27.70 25.40 24.70 24.50 24.60 24.40 24.30 24.80 24.60 24.70 25.00 24.90 24.80 25.50 25.00 * 26.70 24.60 24.20 24.20 24.20 24.20 24.10 23.90 24.30 24.20 24.50 24.30 24.20 24.20 24.10 24.20 * 0
2018-01-10 16:00:03 27.10 27.60 25.40 24.70 24.50 24.50 24.40 24.20 24.80 24.60 24.70 25.00 24.90 24.90 25.50 25.00 * 26.70 24.50 24.20 24.20 24.30 24.20 24.20 23.90 24.40 24.20 24.40 24.20 24.20 24.20 24.10 24.10 * 0
2018-01-10 16:00:03 27.10 27.70 25.40 24.70 24.50 24.60 24.40 24.20 24.80 24.60 24.80 25.10 24.90 24.90 25.50 25.00 * 26.70 24.50 24.20 24.20 24.30 24.20 24.10 23.90 24.30 24.20 24.40 24.20 24.10 24.10 24.00 24.10 * 0
2018-01-10 16:00:04 27.00 27.70 25.40 24.70 24.50 24.50 24.40 24.30 24.90 24.60 24.70 25.10 24.90 24.90 25.50 25.00 * 26.80 24.60 24.20 24.20 24.30 24.20 24.10 23.90 24.30 24.20 24.40 24.20 24.10 24.10 24.00 24.10 * 0
2018-01-10 16:00:04 26.90 27.70 25.40 24.60 24.50 24.50 24.50 24.30 24.90 24.60 24.60 25.00 24.80 24.80 25.40 24.90 * 26.80 24.60 24.20 24.20 24.30 24.20 24.10 23.90 24.30 24.20 24.40 24.30 24.20 24.10 24.20 24.10 * 0
2018-01-10 16:00:04 26.90 27.70 25.40 24.60 24.50 24.60 24.50 24.40 24.90 24.60 24.70 25.10 24.90 24.80 25.50 25.00 * 26.70 24.50 24.10 24.20 24.20 24.20 24.00 23.90 24.30 24.20 24.40 24.20 24.10 24.10 24.10 24.10 * 0
2018-01-10 16:00:05 27.00 27.70 25.40 24.70 24.50 24.70 24.40 24.30 24.80 24.70 24.80 25.10 24.90 24.80 25.50 24.90 * 26.80 24.60 24.10 24.20 24.20 24.10 24.10 23.90 24.30 24.20 24.30 24.20 24.10 24.10 24.00 24.00 * 0
2018-01-10 16:00:05 26.90 27.70 25.40 24.70 24.50 24.60 24.40 24.20 24.90 24.70 24.80 25.10 24.90 24.90 25.50 24.90 * 26.80 24.60 24.20 24.20 24.20 24.10 24.10 23.90 24.20 24.10 24.30 24.10 24.10 24.10 24.00 24.00 * 0
2018-01-10 16:00:05 26.80 27.70 25.30 24.60 24.50 24.50 24.40 24.20 24.90 24.60 24.80 25.10 24.90 24.90 25.50 25.00 * 26.80 24.60 24.20 24.30 24.30 24.20 24.10 23.90 24.10 24.20 24.30 24.10 24.10 24.10 24.00 24.00 * 0
2018-01-10 16:00:05 26.80 27.70 25.50 24.70 24.50 24.60 24.40 24.30 24.90 24.60 24.70 25.00 24.80 24.80 25.50 24.90 * 26.80 24.60 24.30 24.30 24.30 24.20 24.10 24.00 24.00 24.00 24.20 24.00 24.00 24.00 23.90 23.90 * 0
2018-01-10 16:00:06 26.80 27.70 25.50 24.60 24.50 24.60 24.40 24.20 24.90 24.60 24.70 25.10 24.90 24.90 25.40 24.90 * 26.80 24.60 24.20 24.20 24.30 24.20 24.20 24.00 24.10 24.10 24.20 24.10 24.00 24.00 23.90 24.00 * 0
2018-01-10 16:00:06 26.80 27.80 25.50 24.60 24.50 24.60 24.40 24.20 24.90 24.60 24.80 25.10 25.00 24.90 25.50 25.00 * 26.70 24.60 24.20 24.20 24.20 24.10 24.10 23.90 24.20 24.20 24.30 24.20 24.10 24.10 24.00 24.10 * 0
2018-01-10 16:00:06 26.70 27.80 25.60 24.70 24.50 24.60 24.50 24.30 24.90 24.60 24.80 25.10 24.90 24.80 25.50 25.00 * 26.80 24.60 24.20 24.30 24.30 24.20 24.10 23.90 24.30 24.30 24.40 24.20 24.10 24.10 24.10 24.10 * 0
2018-01-10 16:00:06 26.70 27.80 25.60 24.70 24.50 24.50 24.40 24.30 24.90 24.60 24.80 25.10 24.90 24.80 25.40 24.90 * 26.80 24.60 24.30 24.30 24.30 24.20 24.20 24.00 24.40 24.30 24.50 24.30 24.20 24.10 24.10 24.20 * 0
2018-01-10 16:00:07 26.70 27.70 25.50 24.70 24.50 24.50 24.30 24.20 24.90 24.60 24.80 25.10 25.00 25.00 25.40 25.00 * 26.80 24.70 24.20 24.30 24.30 24.20 24.20 24.00 24.40 24.30 24.40 24.30 24.20 24.20 24.10 24.20 * 0
2018-01-10 16:00:07 26.70 27.70 25.50 24.60 24.40 24.50 24.30 24.20 24.80 24.60 24.70 25.10 24.90 24.90 25.40 25.00 * 26.90 24.70 24.30 24.30 24.40 24.30 24.30 24.00 24.30 24.30 24.50 24.30 24.20 24.10 24.10 24.20 * 0
2018-01-10 16:00:07 26.80 27.80 25.60 24.60 24.50 24.60 24.30 24.20 24.80 24.50 24.60 25.00 24.90 24.80 25.40 24.90 * 27.00 24.80 24.40 24.40 24.50 24.30 24.30 24.10 24.30 24.30 24.40 24.20 24.20 24.10 24.10 24.20 * 0
2018-01-10 16:00:07 26.80 27.80 25.60 24.70 24.50 24.60 24.30 24.30 24.90 24.50 24.70 25.00 24.90 24.80 25.40 24.90 * 27.00 24.80 24.40 24.40 24.50 24.30 24.30 24.10 24.30 24.20 24.40 24.20 24.10 24.10 24.10 24.10 * 0
2018-01-10 16:00:08 26.70 27.80 25.60 24.60 24.50 24.60 24.40 24.40 24.80 24.40 24.50 24.90 24.70 24.70 25.30 24.80 * 26.90 24.70 24.40 24.40 24.40 24.30 24.30 24.10 24.30 24.20 24.40 24.20 24.10 24.10 24.00 24.00 * 0
2018-01-10 16:00:08 26.70 27.80 25.70 24.70 24.50 24.60 24.40 24.30 24.80 24.50 24.50 25.00 24.80 24.60 25.30 24.80 * 26.90 24.60 24.30 24.30 24.30 24.20 24.20 24.00 24.30 24.20 24.40 24.30 24.10 24.10 24.10 24.10 * 0
2018-01-10 16:00:08 26.80 27.80 25.70 24.70 24.50 24.60 24.50 24.30 24.80 24.50 24.60 25.00 24.80 24.60 25.30 24.80 * 26.80 24.70 24.30 24.30 24.30 24.30 24.20 24.00 24.30 24.20 24.40 24.30 24.20 24.10 24.10 24.10 * 0
2018-01-10 16:00:08 26.70 27.90 25.70 24.70 24.50 24.50 24.40 24.30 24.70 24.50 24.60 25.00 24.80 24.70 25.30 24.80 * 26.90 24.80 24.30 24.40 24.40 24.30 24.30 24.10 24.20 24.20 24.30 24.20 24.10 24.00 24.00 24.00 * 0
2018-01-10 16:00:09 26.70 27.80 25.60 24.70 24.50 24.50 24.40 24.30 24.70 24.50 24.60 25.00 24.80 24.70 25.30 24.90 * 27.00 24.80 24.40 24.40 24.40 24.30 24.30 24.10 24.20 24.20 24.30 24.20 24.10 24.10 24.00 24.00 * 0
2018-01-10 16:00:09 26.70 27.80 25.70 24.70 24.50 24.60 24.40 24.30 24.70 24.50 24.60 25.00 24.70 24.70 25.30 24.90 * 27.00 24.80 24.50 24.50 24.50 24.40 24.30 24.10 24.20 24.20 24.30 24.20 24.10 24.10 24.00 24.00 * 0
2018-01-10 16:00:09 26.70 27.80 25.70 24.70 24.50 24.60 24.40 24.30 24.80 24.50 24.60 25.00 24.80 24.80 25.30 24.90 * 26.90 24.60 24.20 24.30 24.40 24.20 24.20 24.00 24.20 24.20 24.30 24.20 24.10 24.10 24.00 24.10 * 0
2018-01-10 16:00:10 26.70 27.80 25.70 24.70 24.50 24.60 24.50 24.30 24.80 24.50 24.60 25.00 24.80 24.80 25.30 24.90 * 26.80 24.60 24.20 24.20 24.30 24.20 24.20 23.90 24.30 24.20 24.30 24.20 24.10 24.10 24.00 24.10 * 0
2018-01-10 16:00:10 26.60 27.90 25.70 24.60 24.40 24.50 24.40 24.20 24.70 24.40 24.50 24.90 24.70 24.70 25.30 24.70 * 26.80 24.50 24.20 24.20 24.20 24.10 24.10 23.90 24.40 24.20 24.40 24.30 24.20 24.20 24.10 24.10 * 0
2018-01-10 16:00:10 26.50 27.90 25.90 24.60 24.40 24.50 24.40 24.30 24.80 24.50 24.60 24.90 24.80 24.70 25.30 24.80 * 26.80 24.60 24.20 24.20 24.30 24.10 24.10 23.90 24.40 24.30 24.40 24.30 24.10 24.20 24.10 24.10 * 0
2018-01-10 16:00:10 26.10 27.80 26.10 24.70 24.40 24.50 24.40 24.30 24.80 24.50 24.70 25.00 24.80 24.70 25.30 24.90 * 26.60 24.90 24.80 24.40 24.40 24.30 24.10 23.90 24.30 24.20 24.40 24.20 24.10 24.10 24.10 24.10 * 0
2018-01-10 16:00:11 26.00 27.70 26.80 24.70 24.40 24.60 24.40 24.30 24.80 24.50 24.70 25.00 24.90 24.70 25.30 24.90 * 26.50 24.80 25.60 24.50 24.40 24.30 24.10 24.00 24.20 24.10 24.30 24.10 24.10 24.10 24.00 24.10 * 0
2018-01-10 16:00:11 26.00 27.60 27.30 26.00 24.70 24.50 24.40 24.20 24.90 24.60 24.70 25.10 24.90 24.90 25.30 24.90 * 25.50 25.00 25.80 24.50 24.30 24.30 24.10 24.00 24.20 24.10 24.30 24.10 24.10 24.10 24.00 24.00 * 0
2018-01-10 16:00:11 25.30 27.00 27.60 26.60 25.90 24.60 24.40 24.30 24.80 24.60 24.70 25.00 24.80 24.80 25.40 24.90 * 24.50 24.80 25.70 24.70 24.40 24.30 24.20 24.00 24.20 24.10 24.30 24.10 24.10 24.10 23.90 24.10 * 0
2018-01-10 16:00:11 25.10 25.60 27.70 26.90 25.00 24.50 24.30 24.20 24.90 24.60 24.70 25.00 24.90 24.80 25.40 24.90 * 24.20 24.20 25.40 25.30 25.50 24.30 24.10 23.90 24.30 24.20 24.40 24.20 24.10 24.10 24.00 24.10 * 0
2018-01-10 16:00:12 25.00 25.00 27.30 27.20 24.50 24.50 24.30 24.20 24.90 24.70 24.80 25.10 24.90 24.90 25.40 25.00 * 24.10 24.10 25.30 24.70 25.90 24.40 24.10 23.80 24.40 24.30 24.40 24.30 24.20 24.20 24.10 24.10 * 0
2018-01-10 16:00:12 25.00 25.00 26.90 27.40 25.30 24.60 24.40 24.30 24.90 24.60 24.70 25.20 24.90 24.80 25.40 25.00 * 24.00 24.10 25.10 24.60 26.00 24.40 24.00 23.80 24.40 24.30 24.40 24.20 24.20 24.20 24.10 24.20 * 0
2018-01-10 16:00:12 25.00 24.90 25.50 27.90 27.10 26.30 24.80 24.40 25.30 24.60 24.80 25.10 24.90 24.80 25.40 24.90 * 24.00 24.00 24.50 24.70 26.10 24.40 24.10 23.80 24.20 24.20 24.30 24.10 24.00 24.10 24.00 24.10 * 0
2018-01-10 16:00:13 24.90 24.90 25.00 26.60 27.80 27.10 26.00 24.60 26.40 24.70 24.70 25.10 24.90 24.80 25.40 25.00 * 24.20 24.10 24.10 24.30 26.00 24.80 24.70 24.30 24.80 24.70 24.30 24.10 24.10 24.00 24.00 24.00 * 0
2018-01-10 16:00:13 24.90 24.90 25.00 25.20 27.90 27.40 27.00 25.00 27.40 25.40 24.70 25.10 24.90 24.80 25.40 25.00 * 24.20 24.20 24.20 24.30 25.60 24.70 24.40 24.70 24.50 25.30 24.30 24.10 24.10 24.10 24.00 24.00 * 0
2018-01-10 16:00:13 25.00 24.90 25.00 24.80 26.40 27.40 27.10 26.10 27.70 26.50 25.60 25.30 24.90 24.90 25.40 25.00 * 24.10 24.10 24.20 24.20 24.70 25.30 24.50 24.80 24.70 25.40 24.40 24.20 24.10 24.20 24.00 24.10 * 0
2018-01-10 16:00:13 25.00 24.90 25.00 24.60 24.70 27.10 27.10 26.80 27.90 27.30 25.90 26.20 24.90 24.90 25.50 24.90 * 24.10 24.10 24.10 24.20 24.30 25.70 24.50 24.80 24.80 25.30 24.40 24.20 24.10 24.20 24.10 24.10 * 0
2018-01-10 16:00:14 24.90 24.80 25.00 24.60 24.40 26.60 27.20 27.30 28.10 27.30 25.80 25.10 24.90 24.80 25.40 25.00 * 24.10 24.10 24.00 24.20 24.90 25.40 24.40 24.80 24.70 25.30 24.40 24.20 24.20 24.20 24.10 24.10 * 0
2018-01-10 16:00:14 25.00 24.90 25.00 24.70 24.80 27.10 28.10 26.60 28.40 26.00 24.80 25.10 24.90 24.90 25.50 25.10 * 24.10 24.10 24.10 24.20 25.70 24.90 24.40 24.60 25.00 24.50 24.30 24.20 24.10 24.10 24.00 24.00 * 0
2018-01-10 16:00:14 25.00 24.90 25.00 24.70 25.70 27.30 28.40 25.10 28.10 24.80 24.90 25.10 24.90 24.90 25.50 25.10 * 24.20 24.20 24.20 24.30 26.00 25.50 24.70 24.10 24.90 24.30 24.40 24.20 24.10 24.10 24.10 24.10 * 0
2018-01-10 16:00:14 25.00 24.90 25.00 24.80 26.50 27.20 27.80 24.80 27.30 24.80 24.80 25.10 24.90 25.00 25.50 25.10 * 24.20 24.20 24.20 24.30 26.00 26.10 24.40 24.10 24.50 24.20 24.40 24.20 24.10 24.10 24.10 24.10 * 0
2018-01-10 16:00:15 25.00 24.90 25.00 24.80 26.70 27.30 27.00 24.70 26.80 24.60 24.70 25.00 24.90 24.80 25.40 24.90 * 24.20 24.20 24.20 24.30 26.10 26.20 24.30 24.00 24.40 24.20 24.40 24.20 24.10 24.20 24.00 24.10 * 0
2018-01-10 16:00:15 24.90 24.80 25.00 24.80 26.40 28.60 25.60 24.50 26.00 24.60 24.70 25.10 24.90 24.90 25.40 25.00 * 24.20 24.10 24.20 24.50 26.20 26.10 24.30 24.00 24.40 24.20 24.30 24.20 24.10 24.10 24.00 24.10 * 0
2018-01-10 16:00:15 25.00 24.80 25.00 25.10 26.40 29.00 25.30 24.50 25.50 24.60 24.60 25.00 24.80 24.80 25.30 24.90 * 24.10 24.10 24.20 24.70 26.20 26.00 24.30 24.00 24.50 24.30 24.50 24.30 24.20 24.10 24.10 24.20 * 0
2018-01-10 16:00:15 24.90 24.80 25.00 25.40 26.50 29.00 25.10 24.40 25.20 24.50 24.60 25.00 24.70 24.70 25.30 24.70 * 24.10 24.10 24.10 24.50 26.10 25.90 24.20 23.90 24.40 24.30 24.50 24.30 24.20 24.20 24.10 24.10 * 0
2018-01-10 16:00:16 24.90 24.80 25.00 25.70 26.90 29.00 24.90 24.30 25.10 24.50 24.60 25.00 24.80 24.70 25.40 24.90 * 24.10 24.10 24.10 24.50 26.10 25.90 24.20 23.90 24.40 24.20 24.40 24.20 24.20 24.20 24.10 24.10 * 0
2018-01-10 16:00:16 24.90 24.80 25.00 25.70 26.80 28.90 24.90 24.30 25.20 24.60 24.60 25.00 24.80 24.70 25.30 24.90 * 24.10 24.10 24.10 24.60 26.10 26.00 24.30 24.00 24.40 24.20 24.40 24.20 24.20 24.20 24.10 24.10 * 0
2018-01-10 16:00:16 24.90 24.80 25.00 25.70 26.70 29.10 24.90 24.30 25.20 24.60 24.70 25.00 24.80 24.80 25.30 24.90 * 24.30 24.20 24.20 24.70 26.20 26.10 24.30 24.00 24.30 24.10 24.30 24.10 24.10 24.10 24.00 24.00 * 0
2018-01-10 16:00:16 24.90 24.90 25.00 25.50 26.90 29.20 25.00 24.30 25.30 24.60 24.70 25.10 24.90 24.80 25.40 24.90 * 24.30 24.20 24.20 24.70 26.20 26.00 24.30 24.00 24.30 24.10 24.30 24.10 24.00 24.00 24.00 24.00 * 0
2018-01-10 16:00:17 24.90 24.80 25.00 25.10 27.30 29.20 25.00 24.40 25.20 24.50 24.70 25.10 24.80 24.70 25.30 24.80 * 24.20 24.20 24.20 24.70 26.20 26.00 24.30 24.00 24.30 24.10 24.30 24.10 24.00 24.10 24.00 24.00 * 0
2018-01-10 16:00:17 25.00 24.80 25.00 24.80 27.90 29.30 24.90 24.40 25.20 24.60 24.60 25.00 24.80 24.80 25.30 24.80 * 24.10 24.10 24.20 24.70 26.20 26.00 24.20 24.00 24.20 24.00 24.20 24.10 24.00 24.00 23.90 23.90 * 0
2018-01-10 16:00:17 24.90 24.90 25.00 24.80 27.90 29.30 25.00 24.40 25.10 24.50 24.60 24.90 24.70 24.70 25.30 24.80 * 24.20 24.20 24.20 24.70 26.20 26.10 24.40 24.10 24.20 24.00 24.20 24.00 24.00 23.90 23.80 23.90 * 0
2018-01-10 16:00:18 24.90 24.90 25.00 24.90 27.80 29.20 25.00 24.40 25.20 24.60 24.60 25.00 24.90 24.80 25.40 24.90 * 24.30 24.40 24.30 24.90 26.30 26.20 24.50 24.10 24.20 24.00 24.30 24.00 24.00 23.90 23.90 23.90 * 0
2018-01-10 16:00:18 25.00 24.90 25.00 25.10 27.60 29.20 25.10 24.40 25.50 24.60 24.70 25.10 24.80 24.80 25.40 24.90 * 24.30 24.30 24.30 24.90 26.30 26.20 24.40 24.10 24.20 24.10 24.30 24.10 24.00 24.00 23.90 24.00 * 0
2018-01-10 16:00:18 25.00 24.90 25.00 25.80 27.80 29.50 25.40 24.50 25.50 24.50 24.60 25.00 24.70 24.70 25.30 24.80 * 24.30 24.20 24.30 24.80 26.30 26.10 24.30 24.10 24.30 24.10 24.30 24.20 24.10 24.10 24.00 24.00 * 0
2018-01-10 16:00:18 25.00 24.90 25.00 26.10 27.90 29.50 25.50 24.50 25.60 24.50 24.70 25.00 24.80 24.70 25.30 24.80 * 24.10 24.20 24.10 24.70 26.20 26.10 24.30 23.90 24.30 24.10 24.30 24.20 24.10 24.10 24.00 24.00 * 0
2018-01-10 16:00:19 25.00 24.90 25.10 26.30 27.90 29.30 25.50 24.50 25.80 24.50 24.60 25.00 24.80 24.70 25.30 24.80 * 24.10 24.10 24.10 24.70 26.20 26.00 24.20 23.90 24.30 24.10 24.30 24.10 24.00 24.00 24.00 24.00 * 0
2018-01-10 16:00:19 25.00 24.90 25.10 26.60 28.10 29.00 25.60 24.50 25.80 24.50 24.60 25.00 24.90 24.70 25.30 24.80 * 24.10 24.10 24.20 24.70 26.20 26.00 24.20 23.90 24.40 24.20 24.40 24.20 24.10 24.10 24.00 24.10 * 0
2018-01-10 16:00:19 25.00 24.90 25.10 26.70 28.50 28.40 25.50 24.50 25.80 24.60 24.70 25.00 24.80 24.80 25.30 24.90 * 24.10 24.10 24.20 24.70 26.20 26.00 24.20 23.90 24.40 24.30 24.40 24.30 24.20 24.10 24.10 24.10 * 0
2018-01-10 16:00:19 25.00 24.90 25.10 26.70 28.70 28.30 25.60 24.50 25.90 24.60 24.70 25.00 24.80 24.80 25.30 25.00 * 24.10 24.10 24.20 24.80 26.20 26.00 24.20 23.90 24.30 24.10 24.30 24.00 24.00 24.00 24.00 24.00 * 0
2018-01-10 16:00:20 25.00 24.90 25.10 26.90 29.00 28.30 25.50 24.50 25.90 24.50 24.60 25.00 24.80 24.80 25.30 25.00 * 24.20 24.20 24.30 24.90 26.30 26.10 24.30 24.00 24.30 24.20 24.30 24.10 24.10 24.00 24.00 24.10 * 0
2018-01-10 16:00:20 25.00 24.90 25.20 27.50 29.30 28.50 25.50 24.50 26.10 24.60 24.70 25.00 24.90 24.70 25.30 24.90 * 24.30 24.20 24.30 24.90 26.40 26.10 24.40 24.10 24.30 24.20 24.30 24.20 24.10 24.10 24.00 24.10 * 0
2018-01-10 16:00:20 24.90 24.80 25.10 27.40 29.30 28.50 25.60 24.40 26.10 24.60 24.70 25.00 24.80 24.70 25.30 24.90 * 24.30 24.30 24.30 24.90 26.40 26.10 24.40 24.10 24.30 24.20 24.40 24.20 24.10 24.10 24.00 24.00 * 0
2018-01-10 16:00:21 24.90 24.80 25.10 27.70 29.40 28.50 25.50 24.30 26.00 24.50 24.60 25.00 24.80 24.70 25.30 24.80 * 24.20 24.20 24.30 24.90 26.30 26.10 24.30 24.00 24.50 24.30 24.50 24.30 24.20 24.10 24.10 24.10 * 0
2018-01-10 16:00:21 24.90 24.90 25.20 28.10 29.50 28.60 25.40 24.30 25.90 24.40 24.60 24.90 24.70 24.60 25.20 24.80 * 24.10 24.10 24.30 24.80 26.30 26.00 24.20 23.90 24.50 24.30 24.50 24.30 24.20 24.20 24.20 24.10 * 0
2018-01-10 16:00:21 25.00 24.90 25.30 28.50 29.60 28.70 25.40 24.40 25.80 24.40 24.50 24.90 24.70 24.60 25.20 24.80 * 24.10 24.10 24.20 24.70 26.30 26.00 24.20 23.90 24.40 24.20 24.40 24.20 24.10 24.20 24.10 24.10 * 0
2018-01-10 16:00:21 25.00 24.90 25.50 29.30 29.80 28.80 25.40 24.50 25.80 24.50 24.60 25.00 24.70 24.70 25.30 24.80 * 24.00 24.10 24.20 24.80 26.30 26.00 24.20 23.90 24.20 24.10 24.30 24.10 24.00 24.10 24.00 24.00 * 0
2018-01-10 16:00:22 25.10 25.00 25.70 30.40 30.20 29.10 25.30 24.50 25.90 24.60 24.60 25.00 24.80 24.80 25.30 24.80 * 24.00 24.10 24.20 24.80 26.30 26.00 24.20 23.90 24.30 24.20 24.40 24.20 24.10 24.10 24.00 24.00 * 0
2018-01-10 16:00:22 25.00 25.00 25.40 29.70 30.00 29.00 25.40 24.50 26.10 24.60 24.70 25.00 24.90 24.80 25.30 24.90 * 24.10 24.10 24.30 24.80 26.30 26.10 24.30 23.90 24.30 24.20 24.40 24.20 24.00 24.00 24.00 24.00 * 0
2018-01-10 16:00:22 25.00 24.90 25.20 28.30 29.60 28.80 25.60 24.50 26.30 24.60 24.70 25.10 25.00 24.90 25.40 25.00 * 24.20 24.10 24.30 24.80 26.20 26.10 24.20 24.00 24.30 24.10 24.30 24.10 24.00 24.00 24.00 24.00 * 0
2018-01-10 16:00:22 24.90 24.80 25.00 27.20 27.60 28.80 25.60 24.40 25.80 24.60 24.60 25.00 24.80 24.70 25.30 24.80 * 24.20 24.10 24.20 24.80 26.20 26.00 24.20 23.90 24.30 24.10 24.30 24.10 24.00 24.00 23.90 24.00 * 0
2018-01-10 16:00:23 24.90 24.80 25.00 27.40 26.60 29.20 25.40 24.30 25.60 24.60 24.60 25.00 24.80 24.70 25.30 24.80 * 24.20 24.10 24.20 24.70 26.30 26.00 24.20 23.90 24.30 24.20 24.30 24.10 24.10 24.10 24.00 24.00 * 0
2018-01-10 16:00:23 24.90 24.80 25.00 27.10 26.20 29.30 25.30 24.30 25.40 24.50 24.60 25.00 24.80 24.70 25.30 24.70 * 24.10 24.10 24.20 24.70 26.20 26.00 24.30 23.90 24.30 24.20 24.30 24.20 24.10 24.10 24.00 24.00 * 0
2018-01-10 16:00:23 24.90 24.90 25.00 26.50 26.20 29.20 25.10 24.40 25.30 24.40 24.50 25.00 24.80 24.70 25.30 24.70 * 24.00 24.10 24.10 24.60 26.20 26.00 24.30 23.90 24.40 24.20 24.40 24.20 24.20 24.10 24.10 24.10 * 0
2018-01-10 16:00:23 25.00 25.00 25.10 25.80 26.70 29.40 25.00 24.40 25.20 24.50 24.60 25.00 24.80 24.70 25.30 24.80 * 24.00 24.10 24.10 24.60 26.20 26.00 24.30 23.90 24.40 24.30 24.40 24.20 24.20 24.10 24.10 24.10 * 0
2018-01-10 16:00:24 25.00 24.90 25.00 25.20 27.80 29.30 24.90 24.40 25.00 24.50 24.60 25.00 24.70 24.70 25.20 24.80 * 24.00 24.10 24.10 24.70 26.20 26.00 24.20 23.80 24.40 24.30 24.40 24.30 24.20 24.20 24.10 24.20 * 0
2018-01-10 16:00:24 25.00 24.90 25.00 25.10 27.90 29.30 24.90 24.40 25.00 24.50 24.60 24.90 24.80 24.70 25.30 24.80 * 24.10 24.10 24.30 24.70 26.30 26.00 24.30 24.00 24.30 24.30 24.40 24.30 24.10 24.20 24.10 24.20 * 0
2018-01-10 16:00:24 24.90 24.80 25.00 25.10 27.90 29.20 24.90 24.30 25.10 24.50 24.60 24.90 24.80 24.80 25.40 24.90 * 24.20 24.20 24.30 24.80 26.30 26.10 24.30 24.00 24.30 24.20 24.30 24.20 24.10 24.10 24.00 24.00 * 0
2018-01-10 16:00:25 24.80 24.80 25.00 25.10 27.70 29.10 24.80 24.30 25.00 24.50 24.60 25.00 24.80 24.70 25.30 24.80 * 24.20 24.20 24.30 24.80 26.30 26.10 24.30 24.00 24.30 24.20 24.30 24.20 24.10 24.10 24.00 24.00 * 0
2018-01-10 16:00:25 24.80 24.70 24.90 25.20 27.50 29.10 24.80 24.20 25.00 24.60 24.70 25.00 24.80 24.70 25.30 24.80 * 24.20 24.10 24.30 24.70 26.30 26.10 24.30 24.00 24.20 24.20 24.20 24.10 24.00 24.00 23.90 24.00 * 0
2018-01-10 16:00:25 24.90 24.80 24.90 25.60 27.30 29.20 24.90 24.30 25.00 24.60 24.70 25.00 24.80 24.70 25.30 24.80 * 24.20 24.10 24.20 24.70 26.30 26.00 24.30 24.00 24.20 24.10 24.20 24.10 24.00 24.00 23.90 23.90 * 0
2018-01-10 16:00:25 24.90 24.80 25.00 26.10 27.10 29.30 24.80 24.30 24.90 24.50 24.70 25.00 24.80 24.70 25.30 24.90 * 24.10 24.10 24.10 24.70 26.30 26.00 24.30 23.90 24.10 24.00 24.20 24.00 24.00 24.00 23.90 23.80 * 0
2018-01-10 16:00:26 24.90 24.90 25.00 26.00 27.20 29.10 24.80 24.40 25.10 24.50 24.70 25.00 24.80 24.70 25.30 24.90 * 24.10 24.10 24.20 24.70 26.30 26.00 24.30 23.90 24.10 24.00 24.20 24.00 24.00 23.90 23.90 23.90 * 0
2018-01-10 16:00:26 25.00 24.90 25.10 24.90 27.50 27.70 27.00 24.60 26.70 24.60 24.70 25.00 24.90 24.80 25.30 24.90 * 24.00 24.00 24.10 24.60 26.20 26.00 24.20 23.90 24.10 24.00 24.10 24.00 24.00 23.90 23.90 23.80 * 0
2018-01-10 16:00:26 25.00 24.90 25.10 25.60 27.40 28.10 26.20 24.50 25.80 24.60 24.70 25.00 24.80 24.70 25.30 24.90 * 24.20 24.10 24.10 24.60 26.30 26.00 24.20 23.90 24.20 24.00 24.20 24.10 24.00 24.00 23.90 23.90 * 0
2018-01-10 16:00:26 25.00 24.90 25.10 25.80 27.00 28.10 25.00 24.40 25.10 24.50 24.60 25.00 24.80 24.70 25.40 24.90 * 24.10 24.10 24.10 24.60 26.20 26.00 24.20 23.90 24.20 24.00 24.30 24.10 24.00 24.00 23.90 23.90 * 0
2018-01-10 16:00:27 25.00 24.80 25.10 25.40 27.00 27.50 24.80 24.40 25.00 24.50 24.60 25.00 24.70 24.70 25.30 24.80 * 24.10 24.20 24.20 24.60 26.20 26.00 24.30 23.90 24.20 24.10 24.30 24.20 24.00 24.00 24.00 23.90 * 0
2018-01-10 16:00:27 24.80 24.80 25.00 26.30 27.60 27.80 24.50 24.20 24.80 24.50 24.60 25.00 24.70 24.70 25.30 24.80 * 24.20 24.20 24.20 24.70 26.20 26.10 24.30 24.00 24.30 24.20 24.40 24.20 24.10 24.10 24.10 24.00 * 0
2018-01-10 16:00:27 24.80 24.70 25.00 26.50 27.30 28.70 24.60 24.20 24.70 24.40 24.50 25.00 24.70 24.60 25.20 24.80 * 24.20 24.20 24.30 24.80 26.30 26.30 24.40 24.00 24.50 24.30 24.40 24.20 24.20 24.20 24.10 24.10 * 0
2018-01-10 16:00:28 24.70 24.70 25.00 26.30 27.10 29.30 24.80 24.30 24.90 24.40 24.50 25.00 24.70 24.60 25.20 24.70 * 24.20 24.10 24.20 24.70 26.30 26.40 24.50 24.00 24.40 24.20 24.30 24.20 24.10 24.10 24.00 24.00 * 0
2018-01-10 16:00:28 24.80 24.70 25.00 25.90 26.80 29.30 25.00 24.30 25.30 24.50 24.60 25.00 24.80 24.60 25.30 24.70 * 24.20 24.10 24.20 24.60 26.30 26.40 24.40 24.00 24.30 24.00 24.20 24.10 24.00 24.00 23.90 23.90 * 0
2018-01-10 16:00:28 24.80 24.80 25.00 26.70 27.40 27.90 25.20 24.40 25.70 24.50 24.60 25.00 24.80 24.80 25.30 24.90 * 24.10 24.10 24.20 24.60 26.30 26.40 24.40 24.00 24.40 24.10 24.20 24.10 24.00 24.00 23.90 23.90 * 0
2018-01-10 16:00:28 24.80 24.80 25.00 27.10 27.10 27.80 25.50 24.40 26.00 24.60 24.70 25.00 24.90 24.70 25.40 24.90 * 24.10 24.10 24.20 24.70 26.40 26.50 24.40 24.00 24.40 24.10 24.30 24.10 24.00 24.00 23.90 23.90 * 0
2018-01-10 16:00:29 24.70 24.70 25.00 27.40 26.10 28.30 25.80 24.40 26.30 24.60 24.70 25.00 24.80 24.70 25.30 24.90 * 24.20 24.10 24.20 24.70 26.40 26.50 24.40 24.00 24.40 24.10 24.20 24.10 24.00 24.00 23.80 23.90 * 0
2018-01-10 16:00:29 24.80 24.70 25.00 27.30 26.00 28.50 26.10 24.40 26.40 24.60 24.70 25.00 24.80 24.70 25.30 24.80 * 24.20 24.20 24.20 24.70 26.30 26.50 24.40 24.00 24.40 24.10 24.20 24.10 24.00 24.00 23.90 23.90 * 0
2018-01-10 16:00:29 24.90 24.80 25.10 27.20 27.70 28.10 26.30 24.50 26.60 24.50 24.60 25.00 24.80 24.70 25.30 24.80 * 24.10 24.20 24.20 24.70 26.30 26.40 24.40 24.00 24.50 24.10 24.30 24.10 24.00 24.10 23.90 23.90 * 0
2018-01-10 16:00:29 24.90 24.80 25.20 27.60 27.90 28.10 26.40 24.60 26.50 24.50 24.50 25.00 24.70 24.60 25.30 24.80 * 24.10 24.10 24.20 24.70 26.40 26.40 24.40 23.90 24.50 24.20 24.40 24.20 24.10 24.10 24.00 24.00 * 0
2018-01-10 16:00:30 24.90 24.90 25.10 27.40 27.50 28.20 26.30 24.50 26.50 24.40 24.50 25.00 24.70 24.60 25.30 24.70 * 24.20 24.20 24.30 24.80 26.40 26.50 24.50 24.10 24.60 24.20 24.50 24.30 24.20 24.20 24.10 24.10 * 0
2018-01-10 16:00:30 24.80 24.80 25.00 27.20 27.00 28.20 26.30 24.50 26.50 24.40 24.50 25.00 24.70 24.70 25.30 24.80 * 24.30 24.30 24.40 24.80 26.50 26.60 24.60 24.20 24.60 24.20 24.40 24.20 24.10 24.10 24.00 24.00 * 0
2018-01-10 16:00:30 25.00 24.90 25.10 27.30 26.90 28.10 26.30 24.50 26.60 24.50 24.60 25.00 24.80 24.70 25.30 24.90 * 24.30 24.30 24.30 24.80 26.40 26.60 24.50 24.10 24.50 24.10 24.30 24.10 24.10 24.00 23.90 23.90 * 0
2018-01-10 16:00:31 25.00 24.90 25.00 27.30 26.90 28.00 26.30 24.50 26.60 24.50 24.60 25.00 24.80 24.70 25.30 24.80 * 24.40 24.30 24.40 24.90 26.50 26.60 24.50 24.20 24.40 24.00 24.20 24.10 24.00 23.90 23.80 23.80 * 0
2018-01-10 16:00:31 24.80 24.80 25.00 27.50 27.30 28.00 26.30 24.40 26.60 24.60 24.70 25.00 24.90 24.80 25.40 24.90 * 24.40 24.30 24.40 24.90 26.60 26.60 24.60 24.20 24.30 24.00 24.10 24.00 24.00 23.90 23.80 23.80 * 0
2018-01-10 16:00:31 24.70 24.70 25.30 28.20 28.00 28.00 26.20 24.40 26.60 24.60 24.80 25.00 24.90 24.80 25.40 24.90 * 24.30 24.20 24.30 24.80 26.50 26.60 24.50 24.00 24.40 24.10 24.20 24.10 24.00 24.00 23.90 23.90 * 0
2018-01-10 16:00:31 24.80 24.80 25.30 28.10 28.20 27.90 26.10 24.50 26.40 24.50 24.60 25.00 24.80 24.80 25.30 24.80 * 24.20 24.20 24.20 24.80 26.40 26.50 24.40 24.00 24.40 24.10 24.30 24.10 24.00 24.00 23.90 23.80 * 0
2018-01-10 16:00:32 24.80 24.80 25.00 27.70 27.70 27.90 26.10 24.50 26.30 24.50 24.50 25.00 24.80 24.80 25.30 24.80 * 24.10 24.10 24.10 24.70 26.40 26.40 24.30 24.00 24.40 24.10 24.30 24.10 24.00 24.00 23.90 23.80 * 0
2018-01-10 16:00:32 24.90 24.80 25.00 27.60 26.90 28.10 26.10 24.40 26.20 24.40 24.50 25.00 24.70 24.70 25.20 24.80 * 24.20 24.10 24.20 24.70 26.30 26.40 24.30 24.00 24.50 24.10 24.20 24.10 24.00 24.00 24.00 24.00 * 0
2018-01-10 16:00:32 25.00 24.90 25.10 27.40 26.20 28.60 26.10 24.50 26.10 24.40 24.50 25.00 24.70 24.60 25.20 24.70 * 24.20 24.10 24.20 24.70 26.30 26.50 24.40 24.10 24.50 24.20 24.30 24.10 24.00 24.00 24.00 24.00 * 0
2018-01-10 16:00:32 24.90 24.90 25.00 26.40 26.00 29.20 25.70 24.50 25.80 24.50 24.50 24.90 24.70 24.70 25.20 24.70 * 24.30 24.20 24.30 24.70 26.40 26.50 24.40 24.10 24.50 24.20 24.30 24.20 24.10 24.00 24.00 24.00 * 0
2018-01-10 16:00:33 24.80 24.80 25.00 26.10 26.60 28.70 25.70 24.50 26.00 24.50 24.50 24.90 24.60 24.60 25.20 24.70 * 24.30 24.20 24.30 24.70 26.40 26.50 24.40 24.10 24.40 24.10 24.30 24.10 24.00 24.00 24.00 23.90 * 0
2018-01-10 16:00:33 24.80 24.80 25.00 25.90 27.00 28.20 25.90 24.40 26.20 24.50 24.60 24.90 24.70 24.60 25.30 24.80 * 24.20 24.10 24.20 24.70 26.40 26.50 24.40 24.00 24.40 24.10 24.30 24.20 24.00 24.00 24.00 23.90 * 0
2018-01-10 16:00:33 24.80 24.80 25.00 25.70 27.30 28.40 25.70 24.30 26.00 24.50 24.60 25.00 24.80 24.70 25.40 24.90 * 24.10 24.10 24.20 24.60 26.40 26.40 24.40 24.00 24.40 24.10 24.30 24.20 24.00 24.00 24.00 24.00 * 0
2018-01-10 16:00:33 24.70 24.80 25.00 25.60 27.30 28.80 25.30 24.30 25.30 24.50 24.60 25.00 24.90 24.70 25.30 24.90 * 24.10 24.10 24.20 24.60 26.40 26.40 24.30 24.00 24.40 24.10 24.30 24.10 24.00 24.00 23.90 23.90 * 0
2018-01-10 16:00:34 24.70 24.70 24.90 25.70 27.20 29.10 24.80 24.30 25.30 24.50 24.60 25.00 24.90 24.80 25.30 24.90 * 24.10 24.00 24.10 24.60 26.30 26.30 24.20 23.90 24.40 24.10 24.30 24.00 24.00 24.00 23.80 23.90 * 0
2018-01-10 16:00:34 24.70 24.70 24.90 25.50 27.50 29.10 24.80 24.20 25.10 24.60 24.60 25.00 24.90 24.80 25.30 24.90 * 24.10 24.00 24.10 24.60 26.30 26.30 24.20 23.80 24.30 24.10 24.20 24.10 24.00 24.10 23.90 23.90 * 0
2018-01-10 16:00:34 24.80 24.70 24.90 25.30 27.90 28.60 24.60 24.20 24.90 24.60 24.70 25.10 24.90 24.80 25.30 25.00 * 24.10 24.10 24.10 24.60 26.40 26.00 24.20 24.00 24.30 24.10 24.20 24.10 24.00 24.00 23.90 23.90 * 0
2018-01-10 16:00:35 24.70 24.70 25.00 26.60 27.50 28.10 24.60 24.30 25.00 24.60 24.70 25.10 24.90 24.80 25.40 24.90 * 24.10 24.10 24.20 24.80 26.40 25.00 24.10 23.90 24.20 24.10 24.20 24.10 24.00 24.00 23.90 23.90 * 0
2018-01-10 16:00:35 24.70 24.70 25.00 26.90 27.50 28.40 24.60 24.20 24.90 24.60 24.60 25.00 24.90 24.70 25.40 24.80 * 24.30 24.30 24.50 25.70 26.30 24.40 24.20 23.90 24.20 24.20 24.30 24.20 24.10 24.00 24.00 24.00 * 0
2018-01-10 16:00:35 24.60 24.70 25.00 27.40 28.10 27.00 24.40 24.10 24.80 24.50 24.60 25.00 24.90 24.70 25.30 24.70 * 24.30 24.50 26.20 25.40 26.30 24.40 24.10 24.00 24.30 24.20 24.40 24.20 24.10 24.10 24.10 24.10 * 0
2018-01-10 16:00:35 24.60 24.70 25.50 28.00 28.00 25.20 24.10 24.00 24.70 24.40 24.60 24.90 24.80 24.70 25.20 24.80 * 24.40 24.70 26.60 25.30 25.60 24.40 24.20 24.00 24.20 24.20 24.30 24.20 24.10 24.10 24.00 24.00 * 0
2018-01-10 16:00:36 24.70 24.80 27.10 28.20 26.10 24.40 24.10 24.00 24.70 24.40 24.50 24.90 24.80 24.70 25.20 24.80 * 24.40 25.10 26.70 25.10 24.60 24.30 24.20 24.00 24.20 24.10 24.30 24.20 24.00 24.10 24.00 24.00 * 0
2018-01-10 16:00:36 25.20 26.90 27.50 26.10 24.50 24.50 24.20 24.10 24.70 24.40 24.50 24.90 24.70 24.60 25.10 24.70 * 25.20 25.10 26.60 24.60 24.30 24.20 24.00 23.90 24.30 24.20 24.40 24.20 24.10 24.10 24.10 24.00 * 0
2018-01-10 16:00:36 25.90 27.50 26.80 25.00 24.50 24.50 24.30 24.30 24.70 24.40 24.50 24.90 24.70 24.70 25.10 24.70 * 26.10 24.70 26.40 24.40 24.20 24.10 24.00 23.90 24.20 24.20 24.40 24.20 24.10 24.10 24.00 24.00 * 0
2018-01-10 16:00:36 27.00 27.40 25.60 24.70 24.50 24.60 24.40 24.40 24.60 24.30 24.50 24.80 24.70 24.60 25.20 24.60 * 26.30 24.70 24.30 24.30 24.30 24.20 24.10 23.90 24.30 24.20 24.40 24.20 24.10 24.10 24.00 24.10 * 0
2018-01-10 16:00:37 27.20 26.10 25.00 24.60 24.40 24.50 24.30 24.20 24.60 24.40 24.50 24.90 24.70 24.70 25.20 24.70 * 26.20 24.20 24.20 24.30 24.30 24.30 24.10 23.90 24.30 24.20 24.40 24.30 24.20 24.20 24.10 24.20 * 0
2018-01-10 16:00:37 27.00 25.70 24.90 24.50 24.40 24.40 24.20 24.10 24.60 24.40 24.50 24.90 24.70 24.70 25.30 24.70 * 26.20 24.20 24.10 24.20 24.30 24.20 24.10 23.90 24.20 24.20 24.50 24.30 24.20 24.20 24.10 24.10 * 0
2018-01-10 16:00:37 27.00 25.60 24.90 24.50 24.40 24.50 24.20 24.10 24.60 24.40 24.50 24.90 24.70 24.70 25.20 24.70 * 26.30 24.20 24.20 24.30 24.30 24.20 24.10 23.90 24.20 24.10 24.40 24.20 24.10 24.10 24.10 24.00 * 0
2018-01-10 16:00:37 27.00 25.60 24.90 24.50 24.40 24.40 24.20 24.10 24.70 24.40 24.50 24.90 24.70 24.70 25.20 24.70 * 26.20 24.20 24.20 24.20 24.30 24.20 24.00 23.90 24.20 24.10 24.30 24.20 24.10 24.10 24.00 24.00 * 0
2018-01-10 16:00:38 27.00 25.50 24.90 24.50 24.30 24.40 24.20 24.10 24.70 24.40 24.60 24.90 24.80 24.80 25.30 24.80 * 26.20 24.10 24.20 24.20 24.30 24.20 24.00 23.80 24.10 24.10 24.30 24.20 24.10 24.10 24.00 23.90 * 0
2018-01-10 16:00:38 27.00 25.40 24.90 24.50 24.40 24.50 24.20 24.10 24.80 24.50 24.70 25.00 24.90 24.70 25.30 24.90 * 26.20 24.10 24.10 24.10 24.20 24.10 24.00 23.80 24.10 24.10 24.20 24.20 24.10 24.10 24.00 23.90 * 0
2018-01-10 16:00:38 27.00 25.40 25.00 24.60 24.40 24.50 24.40 24.20 24.80 24.60 24.70 25.10 24.90 24.80 25.30 24.90 * 26.20 24.10 24.10 24.10 24.20 24.10 24.00 23.80 24.20 24.10 24.30 24.10 24.10 24.00 24.00 24.00 * 0
2018-01-10 16:00:39 27.10 25.40 25.00 24.70 24.50 24.60 24.40 24.20 24.80 24.60 24.70 25.10 24.90 24.80 25.30 24.90 * 26.30 24.20 24.20 24.30 24.30 24.30 24.10 23.90 24.20 24.20 24.40 24.20 24.10 24.10 24.00 24.00 * 0
2018-01-10 16:00:39 27.10 25.30 25.00 24.60 24.50 24.60 24.40 24.20 24.80 24.50 24.60 25.00 24.80 24.70 25.30 24.80 * 26.40 24.30 24.30 24.40 24.40 24.40 24.30 24.00 24.20 24.20 24.40 24.30 24.10 24.10 24.10 24.00 * 0
2018-01-10 16:00:39 27.00 25.30 25.00 24.60 24.40 24.50 24.30 24.20 24.70 24.50 24.60 25.00 24.80 24.70 25.30 24.80 * 26.30 24.30 24.30 24.30 24.30 24.30 24.20 24.00 24.20 24.20 24.40 24.20 24.10 24.10 24.00 24.00 * 0
2018-01-10 16:00:39 26.90 25.20 24.90 24.50 24.40 24.40 24.20 24.10 24.60 24.40 24.50 24.90 24.80 24.60 25.20 24.80 * 26.30 24.20 24.20 24.20 24.30 24.20 24.20 23.90 24.30 24.10 24.40 24.20 24.10 24.20 24.10 24.10 * 0
2018-01-10 16:00:40 26.90 25.20 24.80 24.50 24.30 24.40 24.20 24.00 24.60 24.40 24.50 24.90 24.70 24.60 25.20 24.70 * 26.30 24.20 24.20 24.20 24.30 24.20 24.10 23.90 24.30 24.10 24.40 24.20 24.10 24.10 24.10 24.10 * 0
2018-01-10 16:00:40 27.00 25.30 24.90 24.50 24.40 24.50 24.30 24.10 24.60 24.40 24.50 24.90 24.70 24.60 25.10 24.70 * 26.30 24.20 24.20 24.20 24.30 24.20 24.10 23.90 24.30 24.20 24.40 24.20 24.10 24.10 24.00 24.10 * 0
2018-01-10 16:00:40 27.10 25.40 25.00 24.60 24.40 24.60 24.40 24.30 24.60 24.30 24.50 24.90 24.70 24.70 25.20 24.70 * 26.20 24.20 24.10 24.20 24.30 24.20 24.10 23.90 24.30 24.20 24.40 24.20 24.10 24.10 24.00 24.00 * 0
2018-01-10 16:00:40 27.10 25.50 25.10 24.70 24.50 24.60 24.40 24.30 24.60 24.30 24.50 24.90 24.70 24.60 25.10 24.70 * 26.20 24.10 24.10 24.20 24.30 24.20 24.10 23.80 24.20 24.20 24.30 24.20 24.10 24.10 24.10 24.00 * 0
2018-01-10 16:00:41 27.10 25.50 25.10 24.80 24.60 24.70 24.50 24.40 24.60 24.40 24.50 24.90 24.70 24.60 25.10 24.70 * 26.30 24.10 24.20 24.20 24.30 24.10 24.00 23.90 24.10 24.20 24.30 24.20 24.00 24.10 24.00 24.00 * 0
2018-01-10 16:00:41 27.20 25.50 25.10 24.80 24.50 24.70 24.50 24.40 24.60 24.40 24.50 24.90 24.70 24.60 25.20 24.70 * 26.30 24.10 24.20 24.20 24.30 24.10 24.10 23.90 24.10 24.10 24.30 24.10 24.00 24.00 24.00 24.00 * 0
2018-01-10 16:00:41 27.20 25.50 25.10 24.70 24.50 24.60 24.40 24.30 24.50 24.40 24.50 24.80 24.70 24.60 25.20 24.80 * 26.30 24.10 24.20 24.20 24.30 24.20 24.10 23.90 24.20 24.20 24.40 24.20 24.10 24.10 24.10 24.00 * 0
2018-01-10 16:00:41 27.00 25.40 25.00 24.60 24.40 24.50 24.40 24.10 24.60 24.40 24.60 24.90 24.70 24.70 25.20 24.80 * 26.30 24.30 24.30 24.20 24.30 24.30 24.10 24.00 24.20 24.20 24.40 24.20 24.10 24.10 24.10 24.00 * 0
2018-01-10 16:00:42 27.00 25.40 25.00 24.60 24.40 24.50 24.30 24.10 24.70 24.50 24.60 25.00 24.80 24.70 25.20 24.70 * 26.30 24.30 24.20 24.30 24.30 24.30 24.20 24.10 24.10 24.10 24.20 24.10 24.00 24.00 23.80 23.90 * 0
2018-01-10 16:00:42 27.00 25.50 25.00 24.60 24.40 24.50 24.20 24.10 24.70 24.50 24.60 25.00 24.80 24.80 25.20 24.70 * 26.30 24.30 24.20 24.30 24.30 24.20 24.10 23.90 24.10 24.10 24.20 24.10 24.00 24.00 23.90 23.90 * 0
2018-01-10 16:00:42 27.20 25.80 25.00 24.60 24.40 24.50 24.30 24.10 24.70 24.50 24.70 25.10 24.80 24.80 25.30 24.80 * 26.40 24.60 24.20 24.20 24.20 24.10 24.00 23.80 24.10 24.10 24.20 24.10 24.00 24.00 24.00 23.90 * 0
2018-01-10 16:00:43 27.30 26.60 25.10 24.60 24.40 24.50 24.40 24.20 24.80 24.60 24.70 25.10 24.90 24.80 25.30 24.90 * 26.50 24.90 24.10 24.10 24.20 24.10 24.00 23.80 24.20 24.10 24.20 24.10 24.00 24.00 24.00 24.00 * 0
2018-01-10 16:00:43 27.40 28.30 25.90 24.70 24.50 24.60 24.40 24.30 24.90 24.50 24.70 25.00 24.80 24.80 25.30 24.90 * 26.50 25.00 24.10 24.10 24.10 24.10 24.00 23.80 24.20 24.10 24.30 24.10 24.10 24.10 24.00 24.00 * 0
2018-01-10 16:00:43 27.50 27.50 27.00 24.70 24.50 24.50 24.40 24.30 24.90 24.50 24.70 25.10 24.90 24.80 25.30 24.90 * 26.00 25.10 24.20 24.20 24.20 24.10 24.00 23.90 24.30 24.10 24.30 24.20 24.10 24.10 24.00 24.00 * 0
2018-01-10 16:00:43 27.40 27.00 26.60 24.70 24.40 24.50 24.30 24.20 24.80 24.50 24.70 25.10 24.80 24.80 25.30 24.90 * 25.60 25.00 24.20 24.20 24.20 24.20 24.10 23.90 24.30 24.20 24.30 24.20 24.10 24.10 24.10 24.00 * 0
2018-01-10 16:00:44 27.40 26.50 25.40 24.60 24.40 24.50 24.30 24.20 24.80 24.50 24.70 25.00 24.80 24.70 25.30 24.80 * 25.20 24.90 24.20 24.30 24.20 24.20 24.10 24.00 24.20 24.20 24.40 24.20 24.10 24.20 24.10 24.10 * 0
2018-01-10 16:00:44 27.60 26.00 24.90 24.50 24.30 24.40 24.20 24.10 24.70 24.40 24.50 24.90 24.70 24.60 25.20 24.80 * 25.30 25.10 24.20 24.20 24.30 24.20 24.00 23.90 24.20 24.20 24.40 24.20 24.10 24.20 24.10 24.10 * 0
2018-01-10 16:00:44 28.10 26.20 25.00 24.50 24.30 24.40 24.20 24.20 24.60 24.40 24.50 24.90 24.70 24.60 25.20 24.70 * 25.50 25.10 24.20 24.20 24.30 24.20 24.00 23.90 24.20 24.10 24.30 24.20 24.10 24.00 24.00 24.00 * 0
2018-01-10 16:00:44 28.10 26.60 25.00 24.50 24.40 24.50 24.30 24.20 24.60 24.30 24.60 24.90 24.70 24.60 25.20 24.70 * 25.30 25.30 24.40 24.20 24.20 24.20 24.00 23.90 24.20 24.10 24.30 24.10 24.10 24.00 24.00 24.00 * 0
2018-01-10 16:00:45 27.30 27.30 25.10 24.60 24.50 24.50 24.40 24.30 24.60 24.30 24.60 24.90 24.70 24.60 25.20 24.70 * 25.00 25.50 25.30 24.20 24.20 24.20 24.00 23.80 24.10 24.10 24.30 24.20 24.10 24.10 24.00 24.00 * 0
2018-01-10 16:00:45 26.20 27.90 25.60 24.60 24.40 24.50 24.40 24.40 24.70 24.50 24.60 25.00 24.80 24.70 25.20 24.70 * 24.80 25.40 25.90 24.30 24.30 24.20 24.10 23.90 24.10 24.00 24.30 24.10 24.00 24.00 24.00 24.00 * 0
2018-01-10 16:00:45 25.10 26.00 28.70 25.80 24.40 24.40 24.30 24.20 24.70 24.50 24.60 25.00 24.80 24.70 25.30 24.80 * 24.40 25.00 26.00 24.40 24.30 24.30 24.10 24.00 24.20 24.10 24.30 24.20 24.00 24.00 24.00 24.00 * 0
2018-01-10 16:00:45 25.00 25.60 28.90 26.40 24.40 24.40 24.20 24.10 24.80 24.50 24.70 25.00 24.90 24.70 25.30 24.90 * 24.30 24.50 26.10 25.00 24.30 24.30 24.10 23.90 24.10 24.10 24.30 24.10 24.10 24.10 24.00 23.90 * 0
2018-01-10 16:00:46 25.00 25.80 28.30 27.10 24.90 24.50 24.30 24.20 24.80 24.60 24.80 25.10 24.90 24.70 25.30 24.90 * 24.20 24.40 26.00 25.70 24.40 24.20 24.20 23.90 24.10 24.00 24.30 24.10 24.00 24.00 23.90 23.90 * 0
2018-01-10 16:00:46 25.00 25.60 28.20 27.60 25.60 24.50 24.30 24.20 24.90 24.60 24.70 25.10 24.80 24.70 25.30 24.90 * 24.20 24.30 25.80 25.70 24.30 24.20 24.10 23.90 24.10 24.00 24.20 24.10 24.00 24.00 24.00 24.00 * 0
2018-01-10 16:00:46 25.00 25.20 28.50 27.70 25.70 24.60 24.40 24.20 24.80 24.50 24.50 25.00 24.80 24.70 25.30 24.80 * 24.20 24.30 25.60 25.70 24.30 24.20 24.10 23.90 24.20 24.10 24.30 24.20 24.10 24.10 24.10 24.00 * 0
2018-01-10 16:00:47 24.90 25.10 28.50 27.70 25.80 24.50 24.30 24.10 24.70 24.40 24.50 25.00 24.80 24.60 25.30 24.80 * 24.20 24.30 25.50 25.80 24.40 24.20 24.10 23.90 24.30 24.10 24.40 24.20 24.10 24.10 24.00 24.00 * 0
2018-01-10 16:00:47 24.80 25.00 27.80 27.80 25.80 24.40 24.20 24.00 24.60 24.40 24.50 25.00 24.70 24.60 25.20 24.70 * 24.30 24.30 25.40 24.80 25.50 24.40 24.20 24.00 24.40 24.30 24.40 24.30 24.30 24.20 24.10 24.10 * 0
2018-01-10 16:00:47 24.80 24.80 26.40 28.50 26.50 24.50 24.20 24.00 24.70 24.40 24.60 25.00 24.80 24.60 25.20 24.80 * 24.30 24.30 25.10 24.80 25.70 24.40 24.20 24.00 24.40 24.40 24.50 24.30 24.30 24.30 24.20 24.20 * 0
2018-01-10 16:00:47 24.70 24.70 24.90 26.60 28.50 26.80 24.40 24.10 25.00 24.50 24.60 24.90 24.70 24.70 25.30 24.80 * 24.20 24.20 24.60 25.00 25.70 24.20 24.10 23.90 24.30 24.30 24.40 24.20 24.20 24.20 24.10 24.10 * 0
2018-01-10 16:00:48 24.80 24.80 24.90 25.10 29.00 27.40 25.30 24.30 26.10 24.50 24.60 25.00 24.80 24.70 25.20 24.80 * 24.20 24.10 24.20 24.70 25.90 24.90 24.10 23.90 24.20 24.10 24.20 24.00 24.00 24.00 23.90 23.90 * 0
2018-01-10 16:00:48 24.80 24.80 25.00 24.60 27.30 28.50 26.70 25.00 27.40 25.40 24.60 25.00 24.80 24.70 25.20 24.70 * 24.10 24.20 24.10 24.20 25.00 26.30 24.50 24.10 24.50 24.30 24.30 24.10 24.00 24.00 23.90 23.90 * 0
2018-01-10 16:00:48 25.00 24.90 25.00 24.70 25.20 29.10 27.70 26.60 28.50 27.10 25.40 25.20 24.80 24.70 25.20 24.80 * 24.10 24.20 24.20 24.20 24.40 25.70 24.90 24.70 25.00 25.00 24.50 24.20 24.00 24.00 24.00 23.90 * 0
2018-01-10 16:00:48 24.90 24.90 25.00 24.70 24.60 26.90 28.60 27.70 29.10 28.30 26.40 25.30 25.50 24.80 25.30 24.90 * 24.20 24.20 24.20 24.20 24.30 24.60 24.90 25.10 25.00 25.60 25.20 25.70 24.90 24.10 24.00 24.00 * 0
2018-01-10 16:00:49 24.80 24.70 24.90 24.50 24.40 24.50 25.40 27.60 25.50 27.80 28.90 29.50 27.50 25.40 25.40 24.90 * 24.20 24.10 24.20 24.20 24.30 24.20 24.40 24.90 24.50 25.20 25.60 27.20 25.90 24.20 24.00 24.10 * 0
2018-01-10 16:00:49 24.80 24.80 24.90 24.60 24.40 24.50 24.40 25.30 24.90 25.30 27.80 29.10 29.60 27.70 26.10 25.00 * 24.30 24.10 24.20 24.20 24.30 24.30 24.10 24.00 24.20 24.20 25.40 27.20 26.40 25.60 25.10 24.10 * 0
2018-01-10 16:00:49 24.80 24.80 24.90 24.60 24.40 24.50 24.40 24.40 24.90 24.70 25.60 27.90 28.80 30.30 27.60 25.30 * 24.20 24.10 24.20 24.10 24.30 24.20 24.20 24.00 24.20 24.20 25.40 27.20 25.90 25.20 26.00 24.30 * 0
2018-01-10 16:00:50 24.80 24.80 24.90 24.50 24.40 24.50 24.30 24.30 24.90 24.60 24.80 26.20 29.80 29.80 28.60 27.20 * 24.10 24.00 24.20 24.10 24.30 24.20 24.10 24.00 24.10 24.00 24.90 26.70 26.10 24.60 25.90 24.20 * 0
2018-01-10 16:00:50 24.90 24.80 25.00 24.60 24.50 24.60 24.40 24.30 24.80 24.60 24.80 28.00 29.30 28.00 29.90 26.90 * 24.00 24.00 24.10 24.10 24.20 24.10 24.10 23.90 24.10 24.10 24.80 26.70 26.30 24.80 25.80 24.20 * 0
2018-01-10 16:00:50 24.90 24.80 25.00 24.60 24.50 24.60 24.50 24.30 24.80 24.60 25.10 29.40 28.40 28.70 29.20 25.90 * 24.00 24.00 24.10 24.10 24.20 24.10 24.00 23.90 24.30 24.20 25.80 27.50 25.30 25.20 25.80 24.30 * 0
2018-01-10 16:00:50 24.90 24.80 24.90 24.60 24.40 24.50 24.40 24.30 24.80 24.70 26.50 29.20 28.40 28.30 26.60 25.10 * 24.20 24.10 24.10 24.20 24.30 24.20 24.10 24.00 24.30 24.20 25.70 27.40 25.70 25.20 25.00 24.20 * 0
2018-01-10 16:00:51 24.80 24.70 24.90 24.60 24.40 24.50 24.40 24.80 24.90 25.70 28.30 28.50 27.50 26.20 25.50 24.90 * 24.30 24.20 24.20 24.30 24.40 24.40 24.60 24.90 24.80 25.20 26.10 27.40 25.70 24.60 24.10 24.00 * 0
2018-01-10 16:00:51 24.70 24.50 24.80 24.40 24.20 24.40 25.60 26.90 26.70 27.30 27.40 26.90 25.60 24.90 25.30 24.90 * 24.30 24.20 24.30 24.30 24.40 24.40 25.70 25.50 25.80 25.90 26.20 27.50 25.20 24.10 24.00 24.10 * 0
2018-01-10 16:00:51 24.80 24.60 24.80 24.40 24.30 25.20 26.90 26.80 27.70 27.30 26.80 25.80 25.00 24.90 25.40 25.00 * 24.30 24.20 24.20 24.30 24.30 24.50 26.30 25.30 26.30 25.50 26.00 27.00 24.80 24.20 24.10 24.20 * 0
2018-01-10 16:00:51 24.80 24.60 24.80 24.40 24.90 26.70 27.00 26.80 27.60 26.80 25.60 25.10 24.90 24.90 25.40 25.00 * 24.20 24.20 24.20 24.30 24.40 24.50 26.20 25.40 26.10 25.30 24.70 24.20 24.10 24.10 24.00 24.00 * 0
2018-01-10 16:00:52 24.80 24.70 24.90 24.70 26.70 27.60 27.20 26.00 27.50 25.70 24.90 25.20 24.90 24.90 25.40 25.00 * 24.10 24.00 24.10 24.30 24.60 24.50 25.80 24.50 25.80 24.60 24.40 24.20 24.10 24.10 24.10 24.10 * 0
2018-01-10 16:00:52 24.80 24.70 25.00 25.00 27.50 27.60 27.40 25.10 27.40 25.00 24.90 25.20 25.00 24.90 25.40 25.10 * 24.10 24.00 24.10 24.50 25.00 24.70 24.80 24.00 24.90 24.20 24.30 24.20 24.10 24.10 24.10 24.10 * 0
2018-01-10 16:00:52 24.90 24.80 25.00 26.30 27.30 26.70 25.30 24.40 25.40 24.60 24.80 25.10 25.00 24.90 25.40 25.00 * 24.10 24.00 24.10 24.80 25.10 24.60 24.10 23.90 24.20 24.10 24.20 24.10 24.00 24.10 23.90 24.00 * 0
2018-01-10 16:00:52 24.90 24.80 25.10 27.20 27.50 26.10 24.40 24.20 25.00 24.60 24.80 25.10 25.00 24.90 25.40 25.00 * 24.10 24.10 24.30 25.20 25.10 24.30 24.10 23.90 24.20 24.10 24.30 24.10 24.00 24.10 24.00 24.00 * 0
2018-01-10 16:00:53 24.80 24.70 25.30 27.30 27.60 25.30 24.20 24.10 24.90 24.70 24.80 25.10 24.90 24.90 25.40 25.00 * 24.30 24.30 24.70 26.00 25.20 24.40 24.20 24.00 24.20 24.10 24.30 24.10 24.00 24.10 24.00 24.00 * 0
2018-01-10 16:00:53 24.80 24.70 25.20 27.80 27.10 24.70 24.20 24.10 24.90 24.60 24.70 25.10 24.90 24.80 25.40 24.90 * 24.30 24.30 24.70 26.00 25.10 24.40 24.20 24.00 24.30 24.20 24.40 24.30 24.10 24.10 24.10 24.10 * 0
2018-01-10 16:00:53 25.00 24.90 25.60 27.20 26.30 24.60 24.40 24.30 24.90 24.60 24.70 25.00 24.90 24.80 25.30 24.90 * 24.30 24.30 24.70 26.00 25.10 24.30 24.20 24.00 24.40 24.30 24.50 24.30 24.20 24.30 24.20 24.10 * 0
2018-01-10 16:00:54 25.00 24.80 25.40 27.30 26.70 24.60 24.40 24.30 24.80 24.50 24.60 25.00 24.80 24.80 25.30 25.00 * 24.20 24.20 24.60 26.20 25.20 24.30 24.10 24.00 24.30 24.20 24.40 24.30 24.20 24.20 24.10 24.10 * 0
2018-01-10 16:00:54 25.00 24.90 25.20 28.10 27.00 24.80 24.50 24.40 24.80 24.50 24.60 25.00 24.80 24.80 25.30 25.00 * 24.20 24.20 24.30 26.10 25.20 24.20 24.10 24.00 24.20 24.10 24.20 24.10 24.10 24.10 24.00 24.00 * 0
2018-01-10 16:00:54 25.00 25.00 25.30 28.40 27.10 24.80 24.50 24.40 24.90 24.60 24.70 25.00 24.90 24.80 25.30 25.00 * 24.30 24.20 24.30 26.10 25.20 24.20 24.10 24.00 24.20 24.10 24.20 24.10 24.00 24.10 24.00 24.00 * 0
2018-01-10 16:00:54 25.10 25.00 25.40 29.20 26.70 24.70 24.50 24.40 24.90 24.60 24.60 25.10 24.90 24.80 25.30 24.90 * 24.20 24.20 24.30 26.10 25.00 24.30 24.10 24.00 24.20 24.10 24.30 24.10 24.00 24.00 24.00 24.00 * 0
2018-01-10 16:00:55 25.00 24.90 25.60 29.00 26.40 24.70 24.40 24.40 24.80 24.50 24.60 25.10 24.80 24.80 25.30 24.90 * 24.20 24.10 24.40 26.10 24.70 24.30 24.10 24.00 24.20 24.10 24.20 24.20 24.00 24.10 24.00 23.90 * 0
2018-01-10 16:00:55 24.90 24.90 26.00 28.60 25.90 24.50 24.40 24.20 24.80 24.60 24.70 25.10 24.90 24.80 25.40 24.90 * 24.30 24.50 25.40 26.10 24.50 24.30 24.20 24.00 24.30 24.10 24.30 24.20 24.10 24.10 24.00 24.00 * 0
2018-01-10 16:00:55 24.90 24.90 27.00 28.10 25.30 24.50 24.40 24.20 24.90 24.70 24.80 25.10 25.00 24.90 25.50 25.00 * 24.30 24.60 25.30 26.10 24.50 24.30 24.20 24.00 24.30 24.10 24.30 24.20 24.10 24.10 24.00 24.10 * 0
2018-01-10 16:00:55 25.00 25.10 28.30 27.40 24.70 24.50 24.30 24.20 24.90 24.80 24.80 25.10 25.00 25.00 25.50 25.10 * 24.30 24.60 25.30 25.70 24.40 24.30 24.20 24.00 24.20 24.10 24.30 24.20 24.10 24.10 24.10 24.10 * 0
2018-01-10 16:00:56 25.10 25.20 28.90 27.60 24.60 24.50 24.30 24.30 25.10 24.70 24.80 25.20 24.90 25.00 25.40 25.10 * 24.30 24.60 25.20 25.40 24.40 24.30 24.20 24.00 24.10 24.10 24.30 24.20 24.10 24.10 24.00 24.00 * 0
2018-01-10 16:00:56 25.10 25.20 28.00 28.70 24.90 24.60 24.40 24.40 25.00 24.70 24.80 25.10 24.90 24.90 25.40 25.10 * 24.30 24.50 25.20 25.40 24.60 24.20 24.10 23.90 24.10 24.00 24.20 24.10 23.90 24.00 23.80 23.90 * 0
2018-01-10 16:00:56 25.20 25.20 26.70 28.80 26.20 24.80 24.60 24.50 25.00 24.70 24.80 25.10 25.00 24.90 25.40 25.10 * 24.10 24.20 25.00 25.40 24.80 24.20 24.10 23.90 24.10 24.00 24.20 24.10 23.90 24.00 23.90 24.00 * 0
2018-01-10 16:00:56 25.20 25.10 25.70 28.00 27.80 24.90 24.60 24.50 25.00 24.70 24.80 25.20 25.00 24.90 25.40 25.00 * 24.10 24.10 24.50 25.30 25.10 24.20 24.10 23.90 24.10 24.10 24.20 24.10 24.00 24.00 24.00 24.00 * 0
2018-01-10 16:00:57 25.00 24.90 25.00 25.60 27.90 26.40 24.50 24.30 25.00 24.60 24.70 25.10 24.90 24.90 25.40 25.10 * 24.20 24.20 24.20 25.30 25.30 24.90 24.20 24.00 24.20 24.20 24.30 24.20 24.10 24.10 24.10 24.00 * 0
2018-01-10 16:00:57 25.00 24.80 25.00 24.90 27.10 27.80 25.10 24.40 25.50 24.60 24.70 25.10 24.90 24.90 25.40 25.10 * 24.20 24.20 24.20 25.10 25.20 25.70 24.20 24.00 24.40 24.20 24.40 24.30 24.20 24.20 24.20 24.10 * 0
2018-01-10 16:00:57 25.00 24.90 25.10 24.80 26.50 28.30 26.20 24.60 26.40 24.60 24.70 25.00 24.90 24.80 25.30 25.00 * 24.20 24.20 24.20 24.30 24.70 26.00 24.70 24.00 24.70 24.10 24.40 24.20 24.10 24.10 24.00 24.00 * 0
2018-01-10 16:00:58 25.00 24.90 25.00 24.70 26.30 28.00 27.00 24.80 27.10 24.60 24.70 25.00 24.80 24.80 25.30 24.90 * 24.10 24.10 24.20 24.30 24.40 26.00 25.20 24.10 25.20 24.20 24.40 24.20 24.10 24.10 24.10 24.00 * 0
2018-01-10 16:00:58 25.00 24.90 25.00 24.70 25.40 28.30 27.30 26.20 27.60 26.20 24.80 25.00 24.90 24.70 25.20 24.80 * 24.10 24.10 24.20 24.20 24.30 25.80 25.40 24.10 25.30 24.30 24.40 24.20 24.20 24.20 24.10 24.10 * 0
2018-01-10 16:00:58 25.00 24.90 25.00 24.70 24.80 28.30 27.20 26.90 27.60 26.70 24.80 25.00 24.80 24.70 25.20 24.80 * 24.10 24.20 24.20 24.20 24.30 25.70 25.40 24.10 25.30 24.30 24.40 24.20 24.10 24.10 24.10 24.10 * 0
2018-01-10 16:00:58 25.00 24.90 25.00 24.60 24.80 28.00 27.20 27.20 27.60 26.90 24.70 25.00 24.90 24.70 25.30 24.80 * 24.10 24.10 24.20 24.20 25.20 25.70 25.40 24.00 25.20 24.20 24.30 24.10 24.10 24.10 24.00 24.00 * 0
2018-01-10 16:00:59 24.90 24.90 25.00 24.60 25.30 27.50 27.30 26.80 27.50 26.30 24.70 25.00 24.90 24.80 25.30 24.80 * 24.10 24.10 24.20 24.20 25.30 25.70 25.40 24.10 25.20 24.10 24.30 24.10 24.10 24.00 24.00 23.90 * 0
2018-01-10 16:00:59 24.90 24.80 25.00 24.70 26.30 27.20 27.10 26.20 27.30 25.70 24.70 25.10 24.90 24.80 25.40 24.90 * 24.20 24.10 24.20 24.30 25.30 25.80 25.50 24.10 25.30 24.10 24.20 24.10 24.00 24.00 24.00 23.90 * 0
2018-01-10 16:00:59 25.00 24.80 25.00 24.60 26.90 27.10 27.80 25.10 27.40 24.70 24.70 25.10 24.90 24.80 25.40 25.00 * 24.20 24.20 24.30 24.40 25.30 26.00 25.70 24.20 25.50 24.10 24.20 24.10 24.00 24.00 23.90 23.90 * 0
2018-01-10 16:00:59 24.90 24.80 25.00 24.60 26.90 27.10 27.90 24.90 27.50 24.60 24.80 25.10 24.90 24.80 25.30 25.00 * 24.30 24.20 24.30 24.40 25.40 26.20 25.70 24.20 25.60 24.00 24.20 24.10 24.00 23.90 23.80 23.90 * 0
2018-01-10 16:01:00 25.00 24.90 25.00 24.70 26.80 27.20 27.90 24.80 27.70 24.60 24.80 25.10 24.90 24.80 25.30 25.00 * 24.20 24.30 24.30 24.30 25.40 26.10 25.70 24.20 25.60 24.10 24.30 24.10 24.10 24.00 23.90 23.90 * 0
2018-01-10 16:01:00 24.90 24.80 24.90 24.60 26.40 27.10 28.10 25.10 27.90 24.90 24.70 25.10 24.90 24.80 25.30 24.90 * 24.30 24.30 24.30 24.30 25.40 26.20 25.70 24.20 25.70 24.10 24.30 24.20 24.10 24.10 24.00 24.00 * 0
2018-01-10 16:01:00 24.90 24.80 25.00 24.60 26.40 27.10 27.90 25.20 27.80 25.00 24.70 25.10 24.90 24.80 25.30 25.00 * 24.20 24.20 24.30 24.30 25.40 26.20 25.70 24.10 25.80 24.20 24.40 24.30 24.20 24.20 24.00 24.10 * 0
2018-01-10 16:01:00 25.00 24.90 25.00 24.70 26.60 27.20 28.10 25.20 27.80 24.80 24.70 25.00 24.90 24.80 25.30 24.90 * 24.10 24.10 24.20 24.20 25.40 26.10 25.60 24.10 25.80 24.30 24.40 24.20 24.20 24.10 24.10 24.10 * 0
2018-01-10 16:01:01 25.00 24.90 25.00 24.70 26.70 27.20 28.20 25.00 27.80 24.70 24.70 25.00 24.80 24.80 25.30 24.90 * 24.10 24.10 24.20 24.30 25.40 26.10 25.60 24.10 25.80 24.30 24.40 24.30 24.20 24.10 24.10 24.10 * 0
2018-01-10 16:01:01 25.00 24.80 25.00 24.60 26.70 27.20 28.20 25.00 27.80 24.60 24.70 25.00 24.80 24.80 25.30 24.90 * 24.20 24.20 24.20 24.30 25.40 26.10 25.70 24.10 25.80 24.20 24.40 24.20 24.10 24.10 24.10 24.10 * 0
2018-01-10 16:01:01 25.00 24.80 25.00 24.70 27.10 27.20 28.20 24.90 27.70 24.50 24.70 25.00 24.90 24.80 25.30 24.90 * 24.20 24.30 24.30 24.40 25.40 26.10 25.70 24.20 25.80 24.20 24.40 24.20 24.10 24.10 24.10 24.00 * 0
2018-01-10 16:01:02 24.90 24.90 25.00 24.60 27.30 27.20 28.10 24.80 27.60 24.60 24.60 25.00 24.90 24.70 25.30 24.90 * 24.20 24.10 24.20 24.30 25.40 26.10 25.70 24.20 25.70 24.20 24.40 24.20 24.10 24.10 24.10 24.00 * 0
2018-01-10 16:01:02 25.00 24.90 25.00 24.70 27.30 27.20 28.10 24.90 27.60 24.50 24.70 25.00 24.80 24.70 25.30 24.90 * 24.10 24.10 24.20 24.30 25.40 26.20 25.60 24.10 25.60 24.10 24.40 24.20 24.10 24.10 24.10 24.00 * 0
2018-01-10 16:01:02 25.00 24.80 25.00 24.60 27.30 27.10 28.00 24.80 27.40 24.60 24.80 25.10 24.80 24.80 25.30 24.90 * 24.10 24.10 24.20 24.20 25.30 26.30 25.00 24.00 24.90 24.10 24.30 24.10 24.00 24.00 24.00 23.90 * 0
2018-01-10 16:01:02 24.90 24.80 25.00 24.70 27.50 27.00 27.70 24.80 27.20 24.50 24.70 25.00 24.80 24.70 25.20 24.80 * 24.10 24.10 24.20 24.20 25.30 26.10 24.30 24.00 24.20 24.10 24.20 24.10 24.00 24.00 23.90 23.80 * 0
2018-01-10 16:01:03 24.90 24.80 25.00 24.90 27.70 27.00 27.50 24.70 26.80 24.50 24.70 25.00 24.80 24.80 25.30 24.90 * 24.10 24.10 24.20 24.30 25.50 25.90 24.20 23.90 24.10 24.00 24.10 24.10 23.90 24.00 23.80 23.80 * 0
2018-01-10 16:01:03 25.00 24.90 25.10 26.00 27.60 27.00 26.40 24.50 25.80 24.50 24.70 25.00 24.80 24.70 25.20 24.80 * 24.20 24.20 24.30 25.30 24.80 26.00 24.30 24.00 24.20 24.10 24.20 24.10 24.00 24.00 23.90 23.80 * 0
2018-01-10 16:01:03 24.90 24.90 25.10 27.40 27.20 26.80 25.30 24.40 25.30 24.40 24.70 25.00 24.80 24.70 25.20 24.80 * 24.30 24.20 24.40 25.40 25.00 25.30 24.30 24.10 24.20 24.10 24.20 24.10 24.10 24.10 23.90 23.90 * 0
2018-01-10 16:01:03 24.80 24.70 25.90 27.60 26.90 26.10 24.30 24.10 24.70 24.40 24.60 25.00 24.70 24.70 25.20 24.80 * 24.30 24.30 24.50 25.50 25.50 24.60 24.30 24.10 24.20 24.20 24.30 24.20 24.10 24.00 24.00 24.00 * 0
2018-01-10 16:01:04 24.70 24.70 25.40 28.00 27.00 25.90 24.30 24.10 24.70 24.40 24.50 24.90 24.70 24.70 25.10 24.80 * 24.20 24.30 24.40 25.50 26.00 24.40 24.20 24.00 24.20 24.10 24.30 24.20 24.10 24.10 24.00 24.00 * 0
2018-01-10 16:01:04 24.60 24.70 25.00 27.20 27.60 26.30 24.40 24.10 24.70 24.40 24.60 24.90 24.80 24.70 25.10 24.80 * 24.10 24.20 24.20 24.90 25.80 24.40 24.20 24.00 24.10 24.10 24.30 24.20 24.10 24.10 23.90 24.00 * 0
2018-01-10 16:01:04 24.80 24.80 25.00 25.50 28.20 26.60 24.80 24.30 24.90 24.40 24.70 25.00 24.80 24.70 25.30 24.80 * 24.10 24.10 24.10 24.40 25.80 24.40 24.20 24.00 24.20 24.00 24.30 24.10 24.00 23.90 23.80 23.90 * 0
2018-01-10 16:01:04 24.80 24.80 25.00 25.70 28.20 26.90 25.60 24.40 25.90 24.60 24.60 25.00 24.90 24.70 25.30 24.80 * 24.20 24.10 24.10 24.30 25.70 24.50 24.20 23.90 24.20 24.00 24.20 24.10 24.00 23.90 23.80 23.90 * 0
2018-01-10 16:01:05 24.90 24.80 25.10 25.40 28.60 27.30 26.70 24.50 26.60 24.50 24.60 24.90 24.90 24.80 25.20 24.80 * 24.20 24.10 24.20 24.30 25.50 25.00 24.50 23.90 25.30 24.10 24.30 24.20 24.00 24.00 23.90 23.90 * 0
2018-01-10 16:01:05 24.90 24.80 25.10 25.20 28.80 27.40 27.20 24.80 27.10 24.80 24.70 25.00 24.90 24.80 25.20 24.90 * 24.20 24.20 24.30 24.30 25.40 24.60 25.70 24.20 25.50 24.20 24.30 24.20 24.10 24.10 24.00 24.00 * 0
2018-01-10 16:01:05 24.80 24.80 25.00 25.00 29.00 27.20 26.90 25.50 27.20 25.80 24.80 25.00 24.80 24.80 25.30 24.90 * 24.20 24.20 24.20 24.40 25.30 24.80 25.70 24.20 25.50 24.10 24.30 24.10 24.10 24.10 24.00 24.00 * 0
2018-01-10 16:01:06 24.80 24.70 24.90 24.60 26.70 27.40 26.80 27.70 27.20 27.40 24.80 25.00 24.80 24.80 25.30 24.80 * 24.10 24.20 24.20 24.30 25.00 25.40 25.80 24.20 25.50 24.10 24.30 24.10 24.10 24.00 24.00 24.00 * 0
2018-01-10 16:01:06 24.80 24.70 25.00 24.60 25.20 27.80 27.10 26.70 27.40 26.40 24.70 25.00 24.80 24.70 25.20 24.80 * 24.10 24.20 24.20 24.30 24.90 25.10 25.40 24.10 25.30 24.20 24.40 24.20 24.10 24.10 24.00 24.00 * 0
2018-01-10 16:01:06 24.90 24.80 25.00 24.60 25.20 28.00 27.30 26.20 27.50 26.70 24.80 25.00 24.80 24.80 25.20 24.80 * 24.10 24.10 24.10 24.30 25.00 25.00 25.10 24.30 25.10 24.80 24.30 24.20 24.10 24.00 24.00 24.00 * 0
2018-01-10 16:01:06 25.00 24.80 25.00 24.60 25.50 27.90 27.40 27.20 28.00 27.50 24.70 24.90 24.70 24.70 25.20 24.70 * 24.10 24.10 24.10 24.20 25.10 26.00 25.20 24.50 24.90 24.80 24.20 24.00 24.00 24.00 23.90 23.90 * 0
2018-01-10 16:01:07 24.90 24.80 25.00 24.60 24.80 28.50 27.70 27.70 28.10 27.80 24.70 24.90 24.80 24.70 25.20 24.70 * 24.10 24.10 24.20 24.20 25.10 26.20 25.10 24.50 25.00 24.90 24.30 24.10 24.00 24.00 23.90 23.80 * 0
2018-01-10 16:01:07 24.80 24.70 24.90 24.50 24.40 28.60 27.00 28.10 27.50 28.40 26.10 25.00 24.80 24.70 25.20 24.80 * 24.10 24.20 24.20 24.30 25.00 26.50 25.30 24.70 25.30 25.00 24.40 24.20 24.10 24.00 23.90 23.90 * 0
2018-01-10 16:01:07 24.80 24.70 24.80 24.50 24.40 28.50 26.90 28.00 27.80 28.10 25.40 25.00 24.80 24.70 25.20 24.80 * 24.20 24.20 24.30 24.30 25.00 26.70 25.50 24.80 25.50 25.10 24.40 24.30 24.10 24.10 24.00 24.00 * 0
2018-01-10 16:01:07 24.70 24.60 24.80 24.50 24.50 28.40 27.80 27.20 28.10 26.60 24.60 25.00 24.70 24.60 25.10 24.70 * 24.20 24.20 24.30 24.30 25.00 26.60 25.50 24.70 25.90 25.00 24.40 24.30 24.10 24.10 24.00 24.00 * 0
2018-01-10 16:01:08 24.70 24.60 24.80 24.50 24.60 28.30 28.20 25.80 27.90 25.30 24.60 24.90 24.70 24.60 25.10 24.70 * 24.10 24.10 24.10 24.10 24.70 26.60 26.20 24.90 26.30 25.40 24.40 24.20 24.10 24.10 24.00 24.10 * 0
2018-01-10 16:01:08 24.80 24.70 24.90 24.50 24.50 27.60 27.50 25.90 27.50 25.40 24.70 25.00 24.80 24.70 25.20 24.80 * 24.10 24.10 24.10 24.10 24.80 26.60 26.40 25.40 26.40 26.00 24.40 24.30 24.10 24.10 24.00 24.10 * 0
2018-01-10 16:01:08 24.80 24.70 24.90 24.50 24.40 26.00 27.90 26.50 28.10 26.70 24.80 25.00 24.80 24.70 25.20 24.80 * 24.10 24.10 24.10 24.20 24.70 26.50 26.30 25.60 26.30 26.10 24.40 24.30 24.10 24.10 24.00 24.00 * 0
2018-01-10 16:01:08 24.80 24.70 24.90 24.50 24.40 24.80 28.50 26.80 28.50 26.80 25.00 25.00 24.70 24.70 25.20 24.70 * 24.10 24.10 24.10 24.20 24.50 26.10 26.40 25.60 26.70 26.20 24.50 24.30 24.20 24.20 24.10 24.10 * 0
2018-01-10 16:01:09 24.80 24.80 24.90 24.50 24.40 25.10 28.10 26.70 27.90 26.60 24.90 25.00 24.80 24.80 25.20 24.70 * 24.10 24.20 24.20 24.30 24.40 25.40 26.60 25.70 26.60 26.00 24.40 24.20 24.10 24.10 24.00 24.00 * 0
2018-01-10 16:01:09 24.80 24.80 25.00 24.50 24.40 26.10 27.20 26.20 27.30 26.00 24.70 25.00 24.80 24.80 25.20 24.70 * 24.10 24.10 24.20 24.30 24.40 25.40 26.30 25.10 26.20 25.00 24.30 24.10 24.00 24.10 23.90 23.90 * 0
2018-01-10 16:01:09 24.80 24.70 24.90 24.50 25.30 26.80 26.70 25.00 27.10 24.80 24.70 25.00 24.90 24.70 25.20 24.80 * 24.20 24.10 24.20 24.30 24.90 25.70 25.70 24.30 25.70 24.20 24.30 24.10 24.00 24.00 23.90 23.90 * 0
2018-01-10 16:01:09 24.80 24.70 25.00 24.60 25.60 28.00 26.30 24.60 26.30 24.50 24.70 25.10 24.90 24.80 25.30 24.80 * 24.10 24.10 24.20 24.90 25.50 25.70 25.40 24.10 25.50 24.20 24.30 24.20 24.10 24.00 23.90 23.90 * 0
2018-01-10 16:01:10 24.80 24.70 24.90 24.70 27.10 27.60 25.30 24.30 25.20 24.50 24.70 25.00 24.80 24.70 25.30 24.80 * 24.10 24.10 24.20 25.50 25.60 25.40 25.00 24.00 24.40 24.10 24.30 24.10 24.00 24.10 23.90 23.90 * 0
2018-01-10 16:01:10 24.90 24.80 24.90 25.60 27.90 26.00 24.50 24.20 24.80 24.50 24.70 25.00 24.80 24.70 25.30 24.80 * 24.20 24.20 24.30 25.90 25.70 24.50 24.20 23.90 24.20 24.10 24.30 24.10 24.10 24.00 23.90 23.90 * 0
2018-01-10 16:01:10 24.90 24.80 25.00 26.70 27.30 25.10 24.40 24.20 24.80 24.50 24.70 25.00 24.80 24.70 25.20 24.80 * 24.20 24.20 24.20 26.10 25.50 24.30 24.20 24.00 24.20 24.00 24.30 24.10 24.00 23.90 23.90 23.90 * 0
2018-01-10 16:01:11 24.90 24.80 25.20 26.70 27.50 25.50 24.30 24.20 24.80 24.50 24.70 25.00 24.90 24.80 25.30 24.80 * 24.10 24.10 24.20 25.90 25.30 24.20 24.10 23.90 24.20 24.10 24.20 24.10 24.00 23.90 23.90 23.90 * 0
2018-01-10 16:01:11 24.80 24.80 25.50 26.50 26.90 26.30 24.40 24.20 24.80 24.50 24.70 25.00 24.90 24.80 25.30 24.80 * 24.10 24.10 24.20 25.80 25.30 24.20 24.10 23.80 24.20 24.20 24.20 24.10 24.00 24.00 23.90 24.00 * 0
2018-01-10 16:01:11 24.80 24.70 25.30 27.10 26.90 26.80 24.40 24.20 24.80 24.50 24.70 25.00 24.90 24.80 25.20 24.80 * 24.10 24.10 24.20 25.80 24.90 24.60 24.00 23.80 24.30 24.20 24.40 24.30 24.20 24.20 24.10 24.10 * 0
2018-01-10 16:01:11 24.80 24.70 25.00 27.40 27.10 27.10 24.70 24.20 25.20 24.50 24.70 25.00 24.80 24.80 25.20 24.80 * 24.00 24.10 24.20 25.40 24.90 24.70 24.10 23.90 24.40 24.30 24.50 24.40 24.30 24.30 24.20 24.20 * 0
2018-01-10 16:01:12 24.80 24.80 25.00 26.40 27.60 26.80 25.40 24.30 25.80 24.50 24.60 25.00 24.80 24.80 25.20 24.80 * 24.00 24.10 24.20 24.70 25.20 24.80 24.10 23.90 24.40 24.40 24.50 24.30 24.30 24.20 24.20 24.20 * 0
2018-01-10 16:01:12 24.80 24.70 24.90 25.10 27.90 27.00 26.00 24.30 26.00 24.50 24.60 25.00 24.80 24.70 25.30 24.80 * 24.10 24.10 24.20 24.50 25.30 24.90 24.10 24.00 24.30 24.30 24.40 24.20 24.20 24.10 24.10 24.10 * 0
2018-01-10 16:01:12 24.80 24.70 25.00 24.90 27.90 27.40 25.10 24.30 25.20 24.50 24.60 25.00 24.80 24.70 25.20 24.80 * 24.20 24.30 24.30 24.70 25.00 25.00 24.20 24.00 24.20 24.20 24.30 24.10 24.10 24.00 24.00 24.00 * 0
2018-01-10 16:01:12 24.80 24.80 25.00 25.20 28.00 27.50 25.40 24.30 25.90 24.40 24.60 24.90 24.70 24.60 25.10 24.70 * 24.30 24.30 24.30 25.10 25.50 25.20 24.30 24.10 24.10 24.00 24.20 24.00 24.00 23.90 23.80 23.90 * 0
2018-01-10 16:01:13 24.80 24.80 25.00 25.50 27.90 27.40 25.90 24.40 26.20 24.40 24.60 24.90 24.70 24.60 25.10 24.70 * 24.30 24.30 24.40 24.90 25.50 25.20 24.30 24.00 24.00 24.00 24.20 24.00 23.90 23.90 23.80 23.90 * 0
2018-01-10 16:01:13 24.80 24.70 24.90 25.10 28.00 27.30 25.20 24.30 25.50 24.50 24.70 25.00 24.90 24.70 25.20 24.90 * 24.20 24.30 24.30 24.70 25.90 25.20 24.30 24.00 24.00 24.00 24.20 24.10 23.90 23.90 23.80 23.90 * 0
2018-01-10 16:01:13 24.90 24.80 25.00 26.60 27.50 27.20 25.30 24.30 25.40 24.60 24.60 25.00 24.90 24.80 25.30 24.90 * 24.20 24.20 24.20 24.60 26.20 25.10 24.30 24.00 24.10 24.10 24.20 24.10 24.00 24.00 23.80 23.90 * 0
2018-01-10 16:01:13 24.80 24.80 25.10 26.90 27.10 27.30 24.80 24.30 24.90 24.60 24.70 25.00 24.90 24.70 25.30 24.90 * 24.10 24.10 24.20 24.50 26.20 24.80 24.10 23.90 24.20 24.10 24.20 24.10 24.00 24.00 23.90 23.90 * 0
2018-01-10 16:01:14 24.80 24.80 25.10 26.60 27.50 26.30 24.50 24.20 24.80 24.60 24.70 25.00 24.90 24.70 25.30 24.90 * 24.30 24.70 25.40 25.10 25.90 24.30 24.10 23.90 24.20 24.10 24.30 24.10 24.00 24.00 24.00 24.00 * 0
2018-01-10 16:01:14 24.90 24.80 25.20 26.80 28.00 25.00 24.40 24.20 24.80 24.50 24.60 25.00 24.90 24.70 25.20 24.80 * 24.40 25.50 25.70 24.70 25.60 24.30 24.20 24.00 24.30 24.20 24.40 24.20 24.10 24.20 24.10 24.10 * 0
2018-01-10 16:01:14 25.10 25.80 27.20 26.90 24.70 24.50 24.40 24.20 24.80 24.50 24.60 25.00 24.90 24.70 25.20 24.80 * 24.40 25.90 25.60 24.70 24.80 24.30 24.20 24.00 24.30 24.20 24.40 24.30 24.20 24.20 24.10 24.20 * 0
2018-01-10 16:01:14 25.40 26.70 27.00 25.10 24.50 24.50 24.30 24.10 24.80 24.50 24.60 25.00 24.80 24.70 25.20 24.80 * 25.20 26.10 25.60 24.40 24.40 24.20 24.20 23.90 24.30 24.20 24.40 24.30 24.20 24.10 24.10 24.20 * 0
2018-01-10 16:01:15 25.90 26.90 26.20 24.60 24.40 24.50 24.30 24.10 24.70 24.50 24.60 25.00 24.70 24.70 25.20 24.70 * 26.20 26.10 25.20 24.30 24.30 24.20 24.20 23.90 24.10 24.10 24.30 24.10 24.10 24.10 24.00 24.10 * 0
2018-01-10 16:01:15 26.00 27.00 25.40 24.60 24.40 24.50 24.30 24.20 24.80 24.50 24.70 25.00 24.80 24.70 25.30 24.90 * 26.40 25.80 24.20 24.30 24.30 24.20 24.10 23.90 24.20 24.20 24.30 24.20 24.10 24.10 24.00 24.00 * 0
2018-01-10 16:01:15 25.60 27.00 25.60 24.60 24.40 24.50 24.30 24.20 24.80 24.50 24.70 25.10 24.80 24.80 25.30 24.90 * 26.50 25.90 24.20 24.30 24.30 24.20 24.10 23.90 24.20 24.10 24.30 24.20 24.10 24.10 24.00 24.00 * 0
2018-01-10 16:01:16 25.80 26.90 26.60 24.70 24.40 24.60 24.40 24.20 24.70 24.40 24.60 24.90 24.80 24.70 25.20 24.80 * 26.50 25.90 24.30 24.30 24.40 24.30 24.10 24.00 24.20 24.10 24.20 24.10 24.10 24.00 23.90 23.90 * 0
2018-01-10 16:01:16 25.80 27.00 26.70 24.70 24.50 24.50 24.40 24.30 24.80 24.50 24.70 25.00 24.90 24.80 25.30 24.90 * 26.50 25.90 24.30 24.30 24.40 24.30 24.10 24.00 24.20 24.20 24.30 24.10 24.00 24.00 23.90 23.90 * 0
2018-01-10 16:01:16 25.70 26.90 26.80 24.70 24.40 24.50 24.40 24.20 24.80 24.60 24.70 25.00 24.90 24.90 25.30 24.90 * 26.60 26.00 24.40 24.40 24.40 24.40 24.40 24.00 24.10 24.10 24.30 24.10 24.00 24.10 23.90 24.00 * 0
2018-01-10 16:01:16 25.60 26.80 26.80 24.70 24.40 24.50 24.40 24.20 24.80 24.60 24.70 25.00 24.90 24.80 25.20 24.90 * 26.60 26.10 24.50 24.50 24.40 24.40 24.40 24.10 24.00 24.00 24.30 24.10 24.00 24.00 24.00 24.00 * 0
2018-01-10 16:01:17 25.80 26.70 26.70 24.70 24.40 24.40 24.20 24.10 24.80 24.50 24.60 25.00 24.70 24.70 25.20 24.80 * 26.60 26.00 24.40 24.30 24.40 24.30 24.20 24.00 24.10 24.10 24.30 24.10 24.00 24.10 24.00 24.00 * 0
