2018-01-11 12:27:23 26.60 26.10 25.70 25.10 25.10 25.00 25.00 25.40 25.30 25.50 25.30 25.80 25.80 26.40 25.60 25.90 * 25.10 25.10 25.30 27.00 27.60 26.90 25.40 25.10 25.20 25.10 24.80 25.00 24.60 24.50 24.50 24.50 * 1
2018-01-11 12:27:23 26.60 26.10 25.70 25.10 25.10 25.10 25.00 25.40 25.30 25.60 25.30 25.80 25.80 26.40 25.60 25.80 * 25.10 25.10 25.30 26.70 27.70 26.80 25.50 25.30 25.20 25.20 24.70 25.00 24.50 24.50 24.40 24.40 * 1
2018-01-11 12:27:23 26.50 26.00 25.60 25.00 25.00 25.10 25.00 25.30 25.30 25.60 25.30 25.70 25.80 26.40 25.70 25.80 * 25.20 25.10 25.30 26.50 27.80 27.00 25.50 25.60 25.20 25.40 24.90 24.90 24.50 24.40 24.40 24.40 * 1
2018-01-11 12:27:24 26.60 26.00 25.60 25.00 25.00 25.10 25.00 25.20 25.30 25.50 25.20 25.80 25.80 26.30 25.60 25.70 * 25.10 25.20 25.30 26.30 27.80 27.20 25.60 25.80 25.40 26.00 25.70 25.10 24.50 24.40 24.40 24.40 * 1
2018-01-11 12:27:24 26.60 26.10 25.70 25.00 25.00 25.40 25.10 25.30 25.20 25.50 25.20 25.80 25.70 26.40 25.60 25.70 * 25.10 25.10 25.30 26.10 27.80 27.30 25.70 26.00 25.40 26.10 26.00 25.20 24.50 24.40 24.30 24.40 * 1
2018-01-11 12:27:24 26.70 26.20 25.80 25.10 25.10 25.60 25.20 25.40 25.20 25.50 25.20 25.70 25.70 26.40 25.70 25.80 * 25.00 25.00 25.10 26.00 27.70 27.20 25.40 26.00 25.40 26.20 26.10 25.20 24.50 24.40 24.40 24.40 * 1
2018-01-11 12:27:24 26.70 26.10 25.70 25.10 25.10 25.60 25.10 25.40 25.30 25.50 25.20 25.70 25.70 26.40 25.60 25.80 * 25.10 25.00 25.20 25.90 27.80 27.30 25.50 26.20 25.40 26.40 26.60 25.60 24.50 24.40 24.50 24.50 * 1
2018-01-11 12:27:25 26.60 26.10 25.70 25.10 25.10 25.60 25.20 25.30 25.40 25.60 25.30 25.80 25.70 26.40 25.60 25.80 * 25.10 25.10 25.30 25.90 27.80 27.30 25.50 26.20 25.40 26.20 26.50 25.70 24.60 24.50 24.50 24.50 * 1
2018-01-11 12:27:25 26.60 26.10 25.60 25.10 25.10 25.70 25.20 25.30 25.50 25.50 25.30 25.80 25.80 26.40 25.60 25.80 * 25.10 25.10 25.30 26.00 27.80 27.40 25.40 25.90 25.50 25.70 26.20 25.70 24.70 24.50 24.50 24.50 * 1
2018-01-11 12:27:25 26.70 26.10 25.70 25.10 25.10 25.90 25.40 25.40 25.80 25.50 25.30 25.80 25.80 26.40 25.70 25.90 * 25.10 25.20 25.30 25.80 27.80 27.80 26.20 25.70 25.80 25.40 26.20 25.70 24.60 24.50 24.40 24.40 * 1
2018-01-11 12:27:25 26.60 25.90 25.60 25.00 25.00 25.80 25.70 25.40 26.50 25.50 25.20 25.80 25.80 26.40 25.70 25.80 * 25.20 25.20 25.30 25.80 27.90 27.80 26.40 25.90 26.10 25.50 26.30 25.80 24.70 24.50 24.50 24.40 * 1
2018-01-11 12:27:26 26.50 26.00 25.60 25.00 25.00 25.80 26.10 25.40 27.30 25.60 25.30 25.70 25.80 26.40 25.70 25.80 * 25.20 25.20 25.40 25.80 27.90 27.80 26.00 25.90 25.70 25.50 26.60 26.00 24.80 24.50 24.50 24.50 * 1
2018-01-11 12:27:26 26.40 25.90 25.50 24.90 24.90 26.40 26.10 25.30 27.10 25.60 25.30 25.80 25.80 26.40 25.70 25.90 * 25.20 25.20 25.30 25.80 27.80 27.70 25.80 25.70 25.60 25.50 26.60 26.40 25.10 24.50 24.40 24.50 * 1
2018-01-11 12:27:26 26.50 26.00 25.60 25.00 25.00 26.90 25.80 25.30 26.50 25.50 25.30 25.80 25.80 26.40 25.70 25.90 * 25.10 25.10 25.20 25.90 27.80 27.70 25.70 25.70 25.50 25.50 26.60 26.60 25.30 24.50 24.40 24.50 * 1
2018-01-11 12:27:27 26.60 26.10 25.70 25.10 25.10 27.20 25.50 25.30 26.10 25.60 25.30 25.80 25.80 26.50 25.80 25.90 * 25.10 25.10 25.20 25.90 27.80 27.60 25.60 25.70 25.50 25.60 26.70 26.60 25.20 24.60 24.60 24.50 * 1
2018-01-11 12:27:27 26.50 26.10 25.70 25.10 25.10 27.20 25.40 25.30 25.80 25.70 25.40 25.90 26.00 26.60 25.90 26.00 * 25.00 25.00 25.20 25.90 27.70 27.60 25.60 25.60 25.50 25.50 26.60 26.50 25.30 24.50 24.50 24.50 * 1
2018-01-11 12:27:27 26.60 26.20 25.70 25.20 25.20 27.50 25.40 25.50 25.90 25.70 25.40 25.90 26.00 26.60 25.90 26.00 * 25.00 25.00 25.20 25.80 27.70 27.60 25.60 25.50 25.50 25.50 26.60 26.60 25.40 24.50 24.40 24.50 * 1
2018-01-11 12:27:27 26.50 26.10 25.70 25.10 25.20 27.50 25.40 25.40 25.80 25.60 25.30 25.80 25.90 26.50 25.80 25.90 * 24.90 24.90 25.10 25.70 27.70 27.50 25.50 25.40 25.50 25.40 26.60 26.60 25.30 24.50 24.40 24.40 * 1
2018-01-11 12:27:28 26.50 26.00 25.60 24.90 25.00 27.40 25.30 25.40 25.80 25.60 25.30 25.80 25.90 26.50 25.80 25.90 * 25.10 25.10 25.20 25.90 27.80 27.70 25.70 25.40 25.60 25.30 26.50 26.60 25.40 24.60 24.50 24.40 * 1
2018-01-11 12:27:28 26.50 26.00 25.50 24.90 25.00 27.30 25.30 25.30 25.80 25.60 25.30 25.80 25.90 26.40 25.80 25.90 * 25.20 25.20 25.30 25.90 27.90 27.80 25.90 25.30 25.60 25.10 26.30 26.60 25.50 24.60 24.40 24.50 * 1
2018-01-11 12:27:28 26.40 25.90 25.50 25.00 24.90 27.00 25.50 25.30 26.80 25.40 25.20 25.60 25.70 26.30 25.60 25.80 * 25.20 25.20 25.30 25.90 27.90 27.80 26.00 25.40 25.80 25.20 26.20 26.70 25.70 24.50 24.40 24.40 * 1
2018-01-11 12:27:28 26.50 26.10 25.70 25.10 25.10 25.50 26.20 25.40 27.00 25.40 25.20 25.70 25.70 26.30 25.60 25.80 * 25.30 25.30 25.40 25.90 28.00 28.00 26.20 25.70 26.00 25.20 26.40 26.70 25.60 24.50 24.40 24.40 * 1
2018-01-11 12:27:29 26.50 26.10 25.60 25.10 25.00 25.20 26.00 25.50 27.00 25.40 25.30 25.80 25.80 26.30 25.70 25.80 * 25.20 25.30 25.40 25.90 28.00 28.00 26.40 25.80 26.20 25.30 26.50 26.70 25.60 24.50 24.40 24.40 * 1
2018-01-11 12:27:29 26.50 26.10 25.60 25.10 25.00 25.20 26.00 25.50 27.00 25.50 25.20 25.70 25.80 26.30 25.70 25.80 * 25.20 25.20 25.30 25.80 28.00 28.10 26.50 25.70 26.10 25.30 26.50 26.70 25.60 24.50 24.40 24.40 * 1
2018-01-11 12:27:29 26.60 26.00 25.60 25.00 25.00 25.30 26.40 25.50 27.40 25.50 25.20 25.70 25.70 26.30 25.60 25.80 * 25.10 25.10 25.30 25.70 27.90 28.00 26.30 25.50 26.10 25.20 26.40 26.70 25.60 24.50 24.40 24.40 * 1
2018-01-11 12:27:30 26.50 26.10 25.60 25.00 25.00 25.40 26.60 25.60 27.60 25.50 25.20 25.70 25.70 26.30 25.60 25.80 * 25.10 25.10 25.20 25.70 27.90 27.90 26.30 25.40 26.10 25.20 26.40 26.70 25.80 24.70 24.40 24.40 * 1
2018-01-11 12:27:30 26.50 26.10 25.60 25.00 25.00 25.40 26.70 25.60 27.60 25.60 25.20 25.70 25.80 26.30 25.70 25.90 * 25.10 25.10 25.30 25.70 27.90 27.90 26.20 25.40 26.20 25.30 26.50 26.80 26.00 24.80 24.50 24.50 * 1
2018-01-11 12:27:30 26.60 26.10 25.70 25.00 25.00 25.50 26.60 25.60 27.60 25.60 25.20 25.70 25.80 26.40 25.70 25.90 * 25.10 25.10 25.30 25.70 28.00 28.00 26.20 25.50 26.10 25.30 26.40 26.80 25.90 24.70 24.50 24.50 * 1
2018-01-11 12:27:30 26.50 26.00 25.60 25.00 25.00 25.60 26.50 25.50 27.40 25.60 25.40 25.80 25.90 26.40 25.80 25.90 * 25.10 25.10 25.30 25.70 28.00 28.00 26.20 25.50 26.10 25.30 26.50 26.80 25.80 24.60 24.40 24.50 * 1
2018-01-11 12:27:31 26.60 26.10 25.70 25.10 25.10 26.40 26.40 25.50 27.30 25.60 25.30 25.80 25.90 26.40 25.80 25.90 * 25.10 25.10 25.30 25.80 27.90 27.90 26.30 25.50 26.20 25.30 26.50 26.80 25.80 24.60 24.50 24.50 * 1
2018-01-11 12:27:31 26.60 26.10 25.70 25.10 25.10 27.20 26.50 25.60 27.40 25.60 25.30 25.90 25.90 26.50 25.80 25.90 * 25.10 25.20 25.30 25.70 27.90 27.90 26.20 25.50 26.20 25.30 26.40 26.80 25.90 24.60 24.50 24.50 * 1
2018-01-11 12:27:31 26.70 26.20 25.80 25.20 25.20 28.00 26.50 25.50 26.90 25.50 25.20 25.70 25.80 26.30 25.60 25.80 * 25.10 25.10 25.30 25.70 28.00 28.00 26.20 25.50 26.10 25.30 26.50 26.70 25.80 24.60 24.40 24.30 * 1
2018-01-11 12:27:31 26.70 26.10 25.80 25.10 25.20 28.50 26.20 25.60 26.60 25.40 25.20 25.60 25.70 26.30 25.60 25.80 * 25.10 25.10 25.30 25.70 28.00 28.00 26.30 25.60 26.10 25.30 26.40 26.80 25.80 24.60 24.50 24.40 * 1
2018-01-11 12:27:32 26.70 26.20 25.80 25.20 25.20 28.60 26.10 25.60 26.50 25.40 25.20 25.60 25.70 26.30 25.60 25.70 * 25.10 25.10 25.30 25.80 28.00 28.00 26.20 25.50 26.10 25.20 26.30 26.70 25.80 24.60 24.50 24.40 * 1
2018-01-11 12:27:32 26.60 26.10 25.60 25.10 25.10 28.20 25.90 25.50 26.40 25.40 25.30 25.70 25.70 26.30 25.60 25.70 * 25.20 25.10 25.30 25.70 28.10 27.90 26.10 25.50 26.00 25.30 26.30 26.80 25.80 24.60 24.50 24.50 * 1
2018-01-11 12:27:32 26.50 26.10 25.60 25.10 25.00 27.60 25.80 25.40 26.40 25.50 25.30 25.80 25.70 26.30 25.70 25.80 * 25.20 25.20 25.40 25.80 28.10 28.00 26.00 25.50 25.90 25.30 26.20 26.80 25.80 24.60 24.40 24.50 * 1
2018-01-11 12:27:33 26.50 26.00 25.50 25.00 25.00 27.40 25.90 25.40 26.40 25.50 25.30 25.80 25.80 26.40 25.70 25.90 * 25.40 25.30 25.30 25.80 28.00 27.90 25.90 25.50 25.80 25.50 26.40 26.80 25.80 24.60 24.60 24.60 * 1
2018-01-11 12:27:33 26.40 26.00 25.60 25.00 25.10 28.60 25.60 25.30 26.30 25.60 25.40 25.80 25.80 26.50 25.70 26.00 * 25.90 25.60 25.30 25.80 28.00 27.80 25.70 25.40 25.70 25.40 26.40 26.70 25.50 24.60 24.50 24.60 * 1
2018-01-11 12:27:33 26.50 26.00 25.60 25.00 25.20 28.90 25.50 25.40 26.00 25.70 25.40 25.90 25.90 26.60 25.70 26.00 * 26.30 26.10 25.30 25.80 28.00 27.70 25.60 25.40 25.50 25.40 26.50 26.70 25.30 24.60 24.50 24.50 * 1
2018-01-11 12:27:33 26.50 26.00 25.60 25.10 25.40 29.00 25.40 25.40 25.70 25.60 25.30 25.90 25.90 26.50 25.70 25.90 * 26.30 26.60 25.20 25.60 27.90 27.50 25.40 25.30 25.50 25.40 26.60 26.80 25.40 24.60 24.50 24.50 * 1
2018-01-11 12:27:34 26.60 26.10 25.70 25.10 25.60 29.00 25.40 25.40 25.60 25.50 25.20 25.80 25.70 26.30 25.60 25.80 * 26.40 26.70 25.30 25.70 27.90 27.60 25.40 25.30 25.50 25.50 26.70 26.90 25.60 24.70 24.60 24.60 * 1
2018-01-11 12:27:34 26.60 26.20 25.70 25.10 25.60 29.00 25.50 25.50 25.50 25.50 25.20 25.80 25.70 26.40 25.60 25.80 * 26.50 26.80 25.40 25.80 27.90 27.70 25.50 25.40 25.50 25.60 26.70 26.90 25.70 24.70 24.70 24.60 * 1
2018-01-11 12:27:34 26.60 26.20 25.70 25.10 25.60 28.90 25.50 25.40 25.50 25.50 25.20 25.70 25.80 26.40 25.60 25.80 * 26.50 26.90 25.40 25.80 28.00 27.70 25.60 25.50 25.50 25.50 26.70 26.80 25.60 24.60 24.60 24.50 * 1
2018-01-11 12:27:34 26.60 26.10 25.70 25.10 25.60 28.90 25.40 25.40 25.50 25.50 25.20 25.70 25.80 26.30 25.60 25.80 * 26.60 26.90 25.50 25.90 28.10 27.80 25.60 25.60 25.50 25.40 26.60 26.80 25.50 24.60 24.50 24.50 * 1
2018-01-11 12:27:35 26.50 26.00 25.60 25.00 25.60 28.80 25.30 25.40 25.50 25.40 25.20 25.80 25.80 26.30 25.60 25.80 * 26.70 26.80 25.50 26.00 28.10 27.80 25.70 25.60 25.50 25.40 26.60 26.80 25.60 24.60 24.50 24.50 * 1
2018-01-11 12:27:35 26.50 26.00 25.60 25.00 25.80 28.10 25.20 25.30 25.50 25.60 25.40 25.90 25.90 26.50 25.70 25.90 * 26.90 26.40 25.50 26.00 28.20 27.80 25.70 25.70 25.40 25.50 26.60 26.60 25.30 24.50 24.40 24.40 * 1
2018-01-11 12:27:35 26.50 26.10 25.60 25.10 26.60 25.50 25.10 25.30 25.40 25.60 25.40 25.80 25.90 26.40 25.70 25.90 * 27.00 26.00 25.40 26.00 28.10 27.50 25.50 25.60 25.30 25.40 26.40 26.60 25.10 24.50 24.50 24.40 * 1
2018-01-11 12:27:35 26.50 26.10 25.60 25.10 26.70 25.10 25.10 25.30 25.30 25.60 25.40 25.80 25.90 26.50 25.70 25.90 * 26.80 25.80 25.30 26.10 28.00 27.30 25.40 25.60 25.30 25.50 26.60 26.70 25.10 24.50 24.50 24.40 * 1
2018-01-11 12:27:36 26.60 26.20 25.70 25.20 27.20 25.10 25.10 25.40 25.40 25.60 25.40 25.80 25.90 26.50 25.80 25.90 * 26.60 25.50 25.30 26.20 27.80 27.10 25.50 26.00 25.50 26.00 27.30 27.00 25.00 24.50 24.40 24.40 * 1
2018-01-11 12:27:36 26.60 26.10 25.70 25.30 28.00 25.20 25.10 25.40 25.40 25.60 25.40 25.80 25.90 26.50 25.80 25.90 * 26.60 25.40 25.30 26.30 27.80 27.00 25.80 26.40 25.80 26.50 27.90 26.90 24.80 24.50 24.40 24.50 * 1
2018-01-11 12:27:36 26.60 26.10 25.70 25.50 28.40 25.20 25.00 25.30 25.30 25.60 25.30 25.80 25.90 26.40 25.70 25.90 * 26.60 25.40 25.30 26.40 27.90 26.90 26.20 26.60 26.50 27.00 28.00 26.50 24.60 24.50 24.50 24.50 * 1
2018-01-11 12:27:36 26.70 26.20 26.50 27.40 27.70 25.10 25.10 25.40 25.40 25.50 25.30 25.80 25.80 26.40 25.70 25.90 * 26.60 25.40 25.30 26.50 28.00 27.00 26.60 26.80 26.80 27.10 28.00 26.40 24.60 24.50 24.50 24.50 * 1
2018-01-11 12:27:37 26.70 27.00 27.00 28.90 26.70 25.00 25.00 25.30 25.30 25.50 25.30 25.70 25.80 26.40 25.70 25.90 * 26.80 25.50 25.40 26.90 28.30 28.20 27.50 27.20 27.10 27.20 28.00 26.40 24.60 24.50 24.40 24.40 * 1
2018-01-11 12:27:37 26.70 27.80 26.40 29.60 25.80 24.90 25.00 25.20 25.30 25.60 25.40 25.80 25.90 26.40 25.70 25.90 * 26.90 25.50 25.40 27.00 28.40 28.50 27.60 27.30 27.20 27.30 27.90 26.30 24.70 24.50 24.50 24.40 * 1
2018-01-11 12:27:37 27.10 28.20 26.50 29.70 25.30 25.00 25.00 25.40 25.20 25.50 25.20 25.70 25.80 26.30 25.60 25.70 * 26.90 25.50 25.40 27.10 28.40 28.40 27.50 27.30 27.30 27.30 27.90 26.30 24.60 24.50 24.50 24.50 * 1
2018-01-11 12:27:38 27.10 28.20 26.60 28.90 25.20 25.00 25.10 25.40 25.20 25.40 25.20 25.60 25.80 26.30 25.60 25.60 * 26.80 25.50 25.40 27.10 28.40 28.40 27.50 27.30 27.30 27.30 27.90 26.30 24.60 24.50 24.50 24.50 * 1
2018-01-11 12:27:58 26.60 26.10 25.60 25.10 25.50 26.90 28.30 27.90 28.30 28.60 26.40 26.60 25.80 26.50 25.70 25.90 * 25.10 25.10 25.20 25.30 26.80 25.90 25.50 25.50 25.70 26.30 25.80 25.20 24.70 24.60 24.60 24.60 * 1
2018-01-11 12:27:59 26.70 26.10 25.70 25.10 25.10 25.40 26.70 28.10 26.90 28.40 28.40 27.90 26.50 26.60 25.70 26.00 * 25.10 25.10 25.20 25.30 26.60 25.90 25.60 26.30 25.80 26.70 26.40 25.30 24.70 24.70 24.70 24.60 * 1
2018-01-11 12:27:59 26.70 26.20 25.70 25.10 25.10 25.00 25.20 26.70 25.50 26.70 28.70 28.80 27.40 27.00 26.40 26.10 * 25.10 25.10 25.30 25.30 25.40 25.40 25.60 26.60 25.80 26.70 26.60 25.50 24.80 24.70 24.70 24.60 * 1
2018-01-11 12:27:59 26.60 26.10 25.60 25.10 25.10 25.00 25.10 25.50 25.30 25.60 25.70 28.20 28.90 28.20 26.80 26.70 * 25.10 25.10 25.30 25.30 25.40 25.30 25.40 26.50 25.40 26.10 26.20 26.50 25.10 24.70 24.60 24.60 * 1
2018-01-11 12:27:59 26.60 26.10 25.70 25.10 25.10 25.00 25.10 25.50 25.20 25.50 25.30 27.30 29.00 29.10 28.20 26.40 * 25.10 25.10 25.20 25.30 25.40 25.30 25.30 25.70 25.10 25.20 25.40 26.40 25.30 25.00 24.50 24.60 * 1
2018-01-11 12:28:00 26.80 26.30 25.80 25.30 25.30 25.20 25.30 25.60 25.20 25.50 25.50 26.90 28.20 29.10 28.80 26.30 * 25.10 25.10 25.20 25.30 25.40 25.30 25.10 25.00 25.10 25.00 24.90 26.40 25.60 25.90 24.60 24.60 * 1
2018-01-11 12:28:00 26.80 26.30 25.80 25.30 25.30 25.20 25.30 25.60 25.20 25.50 25.60 26.80 26.90 28.70 28.90 26.40 * 25.20 25.10 25.10 25.30 25.40 25.30 25.10 25.00 25.00 25.00 24.90 26.40 25.70 26.60 24.80 24.70 * 1
2018-01-11 12:28:00 26.90 26.30 25.90 25.30 25.30 25.20 25.20 25.60 25.10 25.50 25.40 26.50 26.70 28.40 28.70 26.90 * 25.10 25.00 25.10 25.20 25.30 25.20 25.10 24.90 25.00 25.00 24.90 26.10 26.20 26.80 24.80 24.60 * 1
2018-01-11 12:28:01 26.70 26.20 25.80 25.10 25.10 25.10 25.20 25.50 25.20 25.50 25.20 25.70 25.80 26.60 29.20 28.20 * 25.00 25.00 25.20 25.20 25.30 25.20 25.10 24.80 25.00 25.00 25.00 25.70 26.80 26.70 24.90 24.70 * 1
2018-01-11 12:28:01 26.60 26.10 25.70 25.10 25.10 25.00 25.10 25.40 25.10 25.40 25.20 25.70 25.80 26.50 29.20 28.20 * 25.10 25.10 25.20 25.30 25.40 25.30 25.20 25.00 25.10 25.00 25.00 25.60 26.90 26.70 25.00 24.70 * 1
2018-01-11 12:28:01 26.60 26.10 25.70 25.10 25.10 25.00 25.10 25.40 25.10 25.50 25.30 25.70 25.80 27.40 29.40 28.20 * 25.10 25.10 25.20 25.30 25.40 25.30 25.10 24.90 25.10 25.10 25.00 26.10 27.00 26.80 25.00 24.80 * 1
2018-01-11 12:28:01 26.60 26.00 25.60 25.00 25.10 25.00 25.00 25.30 25.20 25.50 25.30 25.80 27.10 28.80 28.30 26.90 * 25.00 24.90 25.00 25.10 25.30 25.30 25.00 24.80 25.10 25.00 25.00 26.20 26.90 26.00 24.70 24.60 * 1
2018-01-11 12:28:02 26.60 26.10 25.60 25.00 25.00 25.00 25.00 25.30 25.30 25.50 25.40 26.40 27.30 28.20 28.30 26.50 * 25.00 24.90 25.10 25.20 25.30 25.30 25.10 24.90 25.00 25.00 25.20 26.50 26.90 25.10 24.70 24.60 * 1
2018-01-11 12:28:02 26.60 26.10 25.70 25.10 25.10 25.00 25.10 25.40 25.30 25.60 25.40 27.30 27.00 28.40 28.00 26.20 * 25.00 25.00 25.20 25.20 25.30 25.30 25.10 25.00 25.00 25.40 26.00 26.60 26.90 24.80 24.60 24.60 * 1
2018-01-11 12:28:02 26.60 26.10 25.70 25.10 25.10 24.90 25.10 25.30 25.40 25.60 25.50 27.70 27.80 28.30 27.00 26.00 * 25.00 25.00 25.10 25.20 25.30 25.20 25.10 25.90 25.10 26.00 26.40 26.30 26.80 24.70 24.50 24.60 * 1
2018-01-11 12:28:02 26.60 26.10 25.70 25.00 25.10 24.90 25.00 25.30 25.40 25.70 26.50 27.60 28.30 27.90 26.10 25.90 * 24.90 24.90 25.00 25.10 25.20 25.10 25.00 25.90 25.10 26.10 26.20 26.30 26.10 24.60 24.50 24.60 * 1
2018-01-11 12:28:03 26.60 26.00 25.60 25.00 25.00 24.90 25.00 25.80 25.40 26.40 27.30 28.50 27.40 26.70 25.90 26.00 * 24.80 24.80 25.00 25.10 25.20 25.00 25.00 25.80 25.20 26.20 26.30 25.30 24.70 24.70 24.60 24.70 * 1
2018-01-11 12:28:03 26.50 26.00 25.60 25.00 25.00 24.90 25.00 26.70 25.70 27.50 28.60 28.00 26.30 26.60 25.80 26.00 * 24.80 24.90 25.00 25.10 25.20 25.20 25.10 25.90 25.40 26.20 26.00 25.20 24.80 24.70 24.70 24.70 * 1
2018-01-11 12:28:03 26.50 26.00 25.60 25.00 25.10 25.20 26.00 27.60 26.90 28.20 27.70 26.60 25.90 26.50 25.80 25.90 * 25.00 25.00 25.20 25.40 25.40 26.00 25.30 25.20 25.30 25.50 25.20 25.20 24.70 24.60 24.70 24.60 * 1
2018-01-11 12:28:03 26.40 26.00 25.60 25.00 25.20 25.60 27.20 27.30 27.70 27.20 25.60 25.80 25.80 26.40 25.70 25.90 * 25.00 25.00 25.50 25.60 25.40 25.80 25.10 24.90 25.00 25.00 24.90 25.10 24.70 24.60 24.50 24.60 * 1
2018-01-11 12:28:04 26.50 26.00 25.70 25.50 27.10 27.70 26.60 25.50 26.80 25.60 25.40 25.80 25.90 26.50 25.70 25.90 * 25.00 25.00 25.60 25.70 25.30 25.40 25.00 24.80 25.10 25.00 25.00 25.20 24.70 24.60 24.60 24.70 * 1
2018-01-11 12:28:04 26.50 26.00 25.70 25.40 27.80 27.80 25.90 25.30 26.20 25.50 25.30 25.80 25.80 26.40 25.70 25.90 * 25.10 25.10 25.60 25.90 25.40 25.20 25.00 24.80 25.10 25.00 24.90 25.10 24.60 24.50 24.50 24.60 * 1
2018-01-11 12:28:04 26.60 26.20 25.70 25.70 27.80 28.10 25.60 25.40 26.00 25.50 25.30 25.80 25.80 26.40 25.60 25.80 * 25.10 25.10 25.50 26.20 25.40 25.30 25.10 24.90 25.00 24.90 24.80 25.10 24.50 24.50 24.50 24.50 * 1
2018-01-11 12:28:05 26.60 26.20 25.70 25.70 29.10 28.20 25.50 25.40 26.00 25.60 25.40 25.80 25.90 26.50 25.80 25.90 * 25.00 25.00 25.40 26.50 26.70 25.90 25.00 24.70 25.00 24.90 24.80 25.10 24.60 24.50 24.50 24.60 * 1
