2018-01-11 12:47:21 26.90 26.40 26.00 25.40 25.30 25.30 25.60 25.60 25.70 25.90 25.50 26.10 26.10 26.80 26.00 26.20 * 25.30 25.40 25.40 26.60 27.60 27.70 26.90 25.90 27.00 26.20 25.40 25.40 24.90 24.90 24.80 24.90 * 1
2018-01-11 12:47:22 26.90 26.30 25.90 25.30 25.20 25.20 25.50 25.60 25.70 25.90 25.50 26.10 26.10 26.80 26.10 26.20 * 25.30 25.40 25.50 26.60 27.70 27.80 26.90 26.10 27.00 26.20 25.40 25.40 24.90 24.90 24.90 25.00 * 1
2018-01-11 12:47:22 26.90 26.30 25.90 25.40 25.30 25.30 25.60 25.60 25.70 25.90 25.50 26.10 26.10 26.80 26.00 26.20 * 25.30 25.40 25.60 26.70 27.70 27.80 27.00 26.10 27.10 26.20 25.50 25.40 25.00 24.90 24.90 25.00 * 1
2018-01-11 12:47:22 26.90 26.30 25.80 25.30 25.30 25.20 25.50 25.60 25.70 25.80 25.50 26.00 26.10 26.70 26.00 26.10 * 25.20 25.30 25.50 26.60 27.70 27.70 26.90 26.10 27.20 26.40 25.60 25.40 25.00 25.00 24.90 25.00 * 1
2018-01-11 12:47:23 26.90 26.30 25.80 25.30 25.30 25.20 25.40 25.50 25.70 25.80 25.40 26.00 26.10 26.70 26.00 26.20 * 25.20 25.40 25.40 26.60 27.70 27.70 26.90 26.10 27.10 26.30 25.50 25.40 25.00 24.90 24.90 25.00 * 1
2018-01-11 12:47:23 26.80 26.20 25.80 25.20 25.20 25.10 25.40 25.50 25.70 25.70 25.40 26.00 26.10 26.70 26.00 26.20 * 25.40 25.40 25.50 26.60 27.80 27.80 27.00 25.90 27.00 26.10 25.40 25.40 25.00 24.90 24.90 25.00 * 1
2018-01-11 12:47:23 26.90 26.40 26.00 25.40 25.30 25.20 25.50 25.70 25.80 25.80 25.50 26.10 26.10 26.80 26.10 26.20 * 25.40 25.50 25.60 26.40 27.70 27.80 27.00 26.00 27.00 26.10 25.60 25.40 24.90 24.90 24.90 25.00 * 1
2018-01-11 12:47:23 26.90 26.40 26.00 25.40 25.40 25.20 25.60 25.70 25.70 25.90 25.40 26.00 26.00 26.70 26.00 26.20 * 25.40 25.50 25.60 26.30 27.70 27.80 27.00 26.10 27.10 26.10 25.90 25.30 24.90 24.80 24.80 24.90 * 1
2018-01-11 12:47:24 27.00 26.30 26.00 25.40 25.40 25.30 25.60 25.70 25.70 25.90 25.50 26.00 26.10 26.80 26.00 26.20 * 25.30 25.50 25.50 26.20 27.70 27.90 27.00 25.90 27.20 25.90 25.90 25.30 24.90 24.80 24.80 24.80 * 1
2018-01-11 12:47:24 27.00 26.30 25.90 25.40 25.30 25.30 25.60 25.70 25.70 25.90 25.50 26.00 26.00 26.90 26.10 26.20 * 25.30 25.50 25.50 26.10 27.60 28.10 27.10 25.70 27.20 25.80 25.60 25.30 24.90 24.80 24.80 24.80 * 1
2018-01-11 12:47:24 27.00 26.30 25.90 25.30 25.30 25.30 25.60 25.60 25.80 25.90 25.50 26.00 26.10 26.80 26.10 26.20 * 25.30 25.40 25.60 26.50 27.50 28.20 27.20 25.60 27.20 25.60 25.30 25.30 24.90 24.80 24.80 24.80 * 1
2018-01-11 12:47:24 26.90 26.30 25.90 25.40 25.30 25.20 25.50 25.60 25.80 25.90 25.50 26.10 26.10 26.80 26.10 26.20 * 25.30 25.40 25.70 26.90 27.60 28.10 27.20 25.60 27.20 25.60 25.30 25.30 24.90 24.90 24.80 24.90 * 1
2018-01-11 12:47:25 26.90 26.30 25.90 25.40 25.30 25.20 25.50 25.60 25.80 25.90 25.50 26.00 26.10 26.80 26.00 26.20 * 25.30 25.40 25.80 27.00 27.50 28.10 27.30 25.70 27.50 26.00 25.50 25.50 25.00 25.00 25.00 25.00 * 1
2018-01-11 12:47:25 26.90 26.40 26.00 25.40 25.30 25.20 25.50 25.60 25.80 25.90 25.50 26.00 26.00 26.80 26.00 26.10 * 25.30 25.40 25.70 27.00 27.40 28.20 27.30 25.80 27.50 26.10 25.40 25.50 25.00 25.00 25.00 25.00 * 1
2018-01-11 12:47:25 26.90 26.30 25.90 25.40 25.30 25.30 25.50 25.60 25.80 25.90 25.50 26.00 26.10 26.80 26.00 26.10 * 25.20 25.40 25.70 27.00 27.20 27.70 27.30 26.10 27.50 26.30 25.60 25.40 25.00 24.90 24.90 25.00 * 1
2018-01-11 12:47:25 26.90 26.30 25.90 25.40 25.30 25.20 25.50 25.60 25.80 25.90 25.50 26.10 26.10 26.80 26.00 26.20 * 25.20 25.40 25.70 26.90 27.20 27.50 27.30 26.20 27.50 26.50 25.80 25.40 25.00 24.90 24.80 25.00 * 1
2018-01-11 12:47:26 26.90 26.30 25.90 25.40 25.40 25.20 25.60 25.60 25.70 25.80 25.50 26.00 26.10 26.80 26.00 26.10 * 25.30 25.40 25.70 26.90 27.20 27.50 27.30 26.30 27.60 26.60 26.20 25.60 25.00 25.00 25.00 25.00 * 1
2018-01-11 12:47:26 27.00 26.40 26.00 25.50 25.50 25.30 25.70 25.70 25.70 25.90 25.50 26.00 26.10 26.90 26.00 26.10 * 25.30 25.40 25.70 26.90 27.20 27.50 27.30 26.30 27.50 26.60 26.20 25.50 25.00 24.90 24.90 25.00 * 1
2018-01-11 12:47:26 27.00 26.40 26.00 25.40 25.40 25.30 25.60 25.70 25.70 25.80 25.50 26.00 26.10 26.80 26.00 26.10 * 25.20 25.40 25.70 27.00 27.20 27.50 27.30 26.30 27.50 26.60 26.20 25.40 25.00 24.90 24.90 25.00 * 1
2018-01-11 12:47:27 27.00 26.40 26.00 25.40 25.40 25.30 25.60 25.70 25.80 25.80 25.50 26.00 26.10 26.80 26.00 26.10 * 25.20 25.40 25.70 26.90 27.20 27.40 27.30 26.30 27.50 26.60 26.50 25.40 24.90 24.90 24.90 24.90 * 1
2018-01-11 12:47:27 27.00 26.50 26.00 25.50 25.40 25.30 25.60 25.70 25.90 25.90 25.60 26.10 26.20 26.90 26.10 26.30 * 25.30 25.40 25.70 26.90 27.20 27.40 27.30 26.40 27.50 26.60 26.60 25.40 24.90 24.90 24.90 24.90 * 1
2018-01-11 12:47:27 27.00 26.40 26.00 25.40 25.30 25.30 25.60 25.70 25.80 25.90 25.50 26.10 26.10 26.80 26.00 26.20 * 25.30 25.40 25.70 26.90 27.20 27.40 27.30 26.40 27.50 26.70 26.80 25.50 24.90 24.90 24.90 25.00 * 1
2018-01-11 12:47:27 26.90 26.30 25.90 25.40 25.30 25.20 25.50 25.60 25.80 25.90 25.50 26.10 26.10 26.90 26.10 26.20 * 25.20 25.30 25.70 26.80 27.10 27.40 27.30 26.40 27.50 26.80 26.90 25.60 25.00 25.00 25.00 25.00 * 1
2018-01-11 12:47:28 26.80 26.30 25.90 25.30 25.30 25.20 25.50 25.60 25.80 25.90 25.50 26.10 26.10 26.90 26.00 26.20 * 25.20 25.30 25.70 26.80 27.10 27.40 27.30 26.40 27.50 26.80 26.90 25.60 25.00 24.90 24.90 25.00 * 1
2018-01-11 12:47:28 26.80 26.30 25.90 25.30 25.30 25.20 25.50 25.50 25.70 25.90 25.50 26.00 26.10 26.90 26.00 26.20 * 25.20 25.40 25.70 26.80 27.10 27.30 27.20 26.40 27.40 26.70 26.90 25.50 25.00 24.90 24.90 25.00 * 1
2018-01-11 12:47:28 26.90 26.40 25.90 25.40 25.30 25.30 25.50 25.60 25.70 25.90 25.40 26.00 26.00 26.80 26.00 26.10 * 25.30 25.40 25.70 26.90 27.20 27.40 27.30 26.50 27.40 26.70 26.90 25.50 24.90 24.80 24.90 24.90 * 1
2018-01-11 12:47:28 26.90 26.40 26.00 25.40 25.40 25.30 25.60 25.70 25.70 25.80 25.40 26.00 26.00 26.70 25.90 26.00 * 25.30 25.50 25.70 26.90 27.20 27.40 27.30 26.50 27.40 26.70 26.90 25.50 24.90 24.90 24.90 25.00 * 1
2018-01-11 12:47:29 27.00 26.40 26.00 25.40 25.40 25.30 25.60 25.70 25.60 25.80 25.40 26.00 26.00 26.70 25.90 26.00 * 25.30 25.50 25.70 27.00 27.30 27.40 27.30 26.50 27.40 26.70 26.90 25.50 24.90 24.90 24.90 25.00 * 1
2018-01-11 12:47:29 26.90 26.40 26.00 25.40 25.40 25.20 25.60 25.60 25.60 25.80 25.40 26.00 26.00 26.70 25.90 26.00 * 25.40 25.50 25.80 27.00 27.30 27.40 27.40 26.50 27.40 26.70 27.00 25.50 25.00 25.00 24.90 25.00 * 1
2018-01-11 12:47:29 26.80 26.30 25.90 25.30 25.30 25.20 25.50 25.50 25.70 25.80 25.50 26.00 26.00 26.70 26.00 26.10 * 25.40 25.60 25.80 27.00 27.20 27.50 27.40 26.60 27.50 26.80 26.90 25.50 25.00 24.90 25.00 25.00 * 1
2018-01-11 12:47:29 26.80 26.30 25.90 25.30 25.30 25.20 25.50 25.50 25.70 25.80 25.50 26.00 26.00 26.70 26.00 26.20 * 25.40 25.50 25.80 27.00 27.20 27.40 27.30 26.50 27.60 26.80 27.00 25.60 25.00 24.90 24.90 25.00 * 1
2018-01-11 12:47:30 26.90 26.30 25.80 25.30 25.30 25.20 25.50 25.60 25.80 25.90 25.50 26.00 26.00 26.80 26.00 26.20 * 25.30 25.50 25.70 26.90 27.20 27.40 27.30 26.50 27.50 26.80 27.00 25.50 25.00 24.90 24.90 25.00 * 1
2018-01-11 12:47:30 26.90 26.30 25.90 25.30 25.30 25.20 25.50 25.60 25.80 25.90 25.50 26.10 26.10 26.90 26.10 26.20 * 25.30 25.40 25.70 26.90 27.20 27.40 27.30 26.50 27.50 26.70 26.80 25.50 24.90 24.90 24.90 25.00 * 1
2018-01-11 12:47:30 26.80 26.30 25.90 25.40 25.30 25.20 25.50 25.60 25.80 26.00 25.50 26.10 26.10 26.90 26.10 26.20 * 25.20 25.40 25.70 26.90 27.10 27.50 27.30 26.50 27.50 26.70 26.60 25.60 24.80 24.90 24.90 25.00 * 1
2018-01-11 12:47:31 26.90 26.30 25.90 25.40 25.30 25.20 25.50 25.60 25.80 25.90 25.50 26.00 26.10 26.90 26.10 26.20 * 25.20 25.40 25.60 26.90 27.10 27.60 27.30 26.60 27.60 26.90 26.20 25.60 24.90 24.90 24.80 24.90 * 1
2018-01-11 12:47:31 27.00 26.30 25.90 25.40 25.40 25.30 25.50 25.60 25.80 25.90 25.50 26.00 26.10 26.90 26.10 26.20 * 25.20 25.40 25.50 26.90 27.20 27.90 27.30 26.60 27.60 26.90 26.20 25.60 24.90 24.90 24.90 25.00 * 1
2018-01-11 12:47:31 27.00 26.30 26.00 25.50 25.40 25.30 25.60 25.60 25.80 25.90 25.50 26.10 26.10 26.90 26.10 26.20 * 25.20 25.40 25.50 27.00 27.30 28.00 27.30 26.50 27.50 26.70 26.10 25.50 25.00 24.90 24.90 25.00 * 1
2018-01-11 12:47:31 26.90 26.30 26.00 25.30 25.40 25.20 25.60 25.60 25.90 25.90 25.50 26.10 26.10 26.80 26.00 26.30 * 25.30 25.40 25.60 27.40 27.80 28.10 27.10 25.90 27.40 26.20 25.40 25.40 25.00 25.00 25.00 25.10 * 1
2018-01-11 12:47:32 26.90 26.30 25.90 25.40 25.40 25.20 25.60 25.70 25.80 25.90 25.50 26.00 26.10 26.80 26.00 26.30 * 25.30 25.40 25.70 27.50 27.90 28.10 27.10 26.00 27.20 26.50 25.30 25.40 25.10 25.00 25.00 25.10 * 1
2018-01-11 12:47:32 26.90 26.40 25.90 25.40 25.40 25.30 25.60 25.70 25.70 25.80 25.50 26.00 26.10 26.80 26.00 26.20 * 25.30 25.50 25.60 27.50 28.00 28.00 26.90 26.10 26.80 26.40 25.30 25.40 25.00 25.00 25.00 25.10 * 1
2018-01-11 12:47:32 26.90 26.40 25.90 25.40 25.30 25.30 25.50 25.70 25.80 25.90 25.50 26.10 26.10 26.80 26.00 26.10 * 25.30 25.40 25.90 27.40 28.30 27.20 26.40 26.10 26.50 26.40 25.30 25.40 25.00 24.90 25.00 25.00 * 1
2018-01-11 12:47:32 26.90 26.30 25.90 25.30 25.40 25.30 25.50 25.60 25.70 25.90 25.50 26.00 26.10 26.80 26.00 26.10 * 25.30 25.50 26.20 27.60 28.40 27.10 26.40 26.00 26.30 26.30 25.20 25.40 24.90 24.90 24.90 25.00 * 1
2018-01-11 12:47:33 26.90 26.30 25.90 25.30 25.40 25.30 25.50 25.60 25.70 25.90 25.50 26.00 26.10 26.80 26.00 26.10 * 25.30 25.60 26.70 27.70 28.10 26.70 26.30 25.80 26.20 25.60 25.10 25.30 24.90 24.80 24.80 24.90 * 1
2018-01-11 12:47:33 26.90 26.40 26.00 25.40 25.40 25.30 25.60 25.70 25.70 25.90 25.50 26.00 26.10 26.80 26.00 26.20 * 25.40 25.70 27.10 27.70 27.30 26.30 26.20 25.40 26.10 25.30 25.10 25.30 24.90 24.90 24.80 24.90 * 1
2018-01-11 12:47:33 26.90 26.40 26.00 25.40 25.40 25.30 25.60 25.60 25.80 25.90 25.50 26.00 26.10 26.80 26.00 26.20 * 25.50 26.20 27.50 27.80 26.40 26.20 25.90 25.20 26.00 25.20 25.10 25.30 24.90 24.90 24.80 25.00 * 1
2018-01-11 12:47:34 26.90 26.30 26.00 25.50 25.40 25.30 25.60 25.60 25.70 25.90 25.50 26.00 26.10 26.80 26.00 26.10 * 25.50 26.30 27.40 27.80 26.30 26.00 25.80 25.20 25.90 25.30 25.10 25.30 24.90 24.90 24.80 25.00 * 1
2018-01-11 12:47:34 26.90 26.40 25.90 25.80 25.50 25.30 25.50 25.50 25.70 25.90 25.50 26.10 26.10 26.80 26.00 26.10 * 25.60 26.70 27.20 27.70 26.40 26.10 25.70 25.10 25.90 25.20 25.10 25.30 24.90 24.90 25.00 25.00 * 1
2018-01-11 12:47:34 26.90 26.40 25.90 26.60 25.70 25.30 25.50 25.50 25.70 25.90 25.60 26.10 26.10 26.80 26.10 26.20 * 25.90 27.00 27.20 27.50 26.70 26.20 25.70 25.10 25.80 25.30 25.20 25.30 24.90 24.90 25.00 25.00 * 1
2018-01-11 12:47:34 26.90 26.30 26.00 28.00 25.70 25.20 25.50 25.50 25.70 25.90 25.50 26.10 26.10 26.80 26.00 26.20 * 26.00 26.90 27.20 27.30 26.80 26.20 25.60 25.10 25.60 25.30 25.20 25.30 25.00 24.90 25.00 25.00 * 1
2018-01-11 12:47:35 26.90 26.60 26.90 29.20 25.40 25.20 25.50 25.60 25.80 25.90 25.50 26.10 26.10 26.80 26.00 26.10 * 26.20 26.30 27.30 27.00 26.90 26.70 25.50 25.10 25.60 25.30 25.20 25.30 25.00 24.90 24.90 25.00 * 1
2018-01-11 12:47:35 27.00 27.40 28.00 28.30 25.40 25.30 25.50 25.60 25.90 25.90 25.50 26.20 26.20 26.90 26.10 26.20 * 26.30 26.30 27.30 27.00 26.90 26.70 25.60 25.20 25.60 25.30 25.20 25.40 25.00 24.90 24.90 25.00 * 1
2018-01-11 12:47:35 27.30 28.10 28.80 27.70 25.50 25.40 25.70 25.70 26.00 26.00 25.60 26.20 26.20 26.90 26.10 26.30 * 26.40 26.40 27.30 27.10 26.90 26.80 25.70 25.20 25.80 25.30 25.30 25.40 25.10 25.10 25.00 25.10 * 1
2018-01-11 12:47:35 27.30 28.00 29.20 27.30 25.50 25.30 25.70 25.70 25.90 25.90 25.60 26.10 26.10 26.90 26.10 26.20 * 26.30 26.40 27.20 27.10 26.90 26.80 25.60 25.10 25.80 25.30 25.30 25.40 25.10 25.10 25.00 25.20 * 1
2018-01-11 12:47:36 27.20 27.70 29.30 27.00 25.40 25.30 25.60 25.60 25.80 26.00 25.60 26.20 26.20 27.00 26.10 26.30 * 26.30 26.40 27.30 27.20 27.00 26.90 25.70 25.20 25.90 25.40 25.30 25.40 25.10 25.10 25.00 25.20 * 1
2018-01-11 12:47:36 27.40 28.00 29.50 26.80 25.40 25.30 25.60 25.70 25.80 26.00 25.60 26.20 26.20 27.00 26.10 26.30 * 26.20 26.20 27.30 27.10 26.90 26.90 25.50 25.10 25.70 25.40 25.20 25.40 25.00 25.00 25.00 25.10 * 1
2018-01-11 12:47:36 27.30 27.70 29.40 26.70 25.40 25.20 25.50 25.60 25.70 25.70 25.40 26.00 26.00 26.70 26.00 26.10 * 26.20 26.10 27.30 27.00 26.80 27.00 25.50 25.00 25.60 25.30 25.10 25.40 25.00 25.00 25.00 25.10 * 1
2018-01-11 12:47:36 27.30 27.70 29.40 26.80 25.40 25.20 25.50 25.50 25.70 25.70 25.40 25.90 26.00 26.70 25.90 26.10 * 26.10 26.00 27.40 27.00 26.80 26.90 25.40 25.00 25.70 25.30 25.10 25.40 25.00 24.90 24.90 25.00 * 1
2018-01-11 12:47:37 27.30 27.80 29.40 26.80 25.40 25.30 25.60 25.60 25.70 25.70 25.40 25.90 26.00 26.70 25.90 26.10 * 26.10 25.90 27.40 27.00 26.80 26.90 25.40 25.00 25.60 25.20 25.10 25.30 24.90 24.80 24.80 24.90 * 1
2018-01-11 12:47:37 27.40 27.80 29.40 27.00 25.40 25.30 25.60 25.70 25.80 25.90 25.50 26.00 26.10 26.80 26.00 26.10 * 26.20 26.00 27.40 27.10 26.90 26.90 25.50 25.00 25.50 25.20 25.10 25.30 24.90 24.80 24.80 24.90 * 1
2018-01-11 12:47:37 27.20 27.60 29.10 27.70 25.40 25.30 25.50 25.70 25.80 25.90 25.50 26.00 26.10 26.80 26.00 26.20 * 26.10 26.00 27.40 27.10 26.90 26.80 25.40 25.00 25.40 25.10 25.00 25.20 24.90 24.80 24.80 24.80 * 1
2018-01-11 12:47:38 27.00 27.00 28.90 27.30 25.40 25.30 25.50 25.60 25.80 25.90 25.50 26.10 26.20 26.90 26.10 26.10 * 26.10 26.00 27.50 27.20 26.90 26.80 25.40 25.00 25.60 25.20 25.20 25.40 25.00 24.90 24.90 25.00 * 1
2018-01-11 12:47:38 27.00 26.60 28.40 26.60 25.40 25.30 25.60 25.60 25.80 25.90 25.60 26.10 26.20 26.90 26.10 26.20 * 26.20 26.50 27.50 27.20 26.90 26.90 25.50 25.00 25.70 25.30 25.20 25.40 25.00 25.00 24.90 25.00 * 1
2018-01-11 12:47:38 27.00 26.40 27.70 26.40 25.40 25.30 25.50 25.60 25.90 25.90 25.60 26.10 26.20 26.90 26.10 26.30 * 26.30 26.80 27.50 27.20 27.00 26.90 25.50 25.00 25.60 25.20 25.10 25.40 25.00 24.90 24.90 25.00 * 1
2018-01-11 12:48:24 27.00 26.30 26.90 29.10 27.90 25.30 25.50 25.60 25.80 25.80 25.50 26.00 26.00 26.80 26.00 26.10 * 25.20 25.60 25.80 25.50 25.40 25.40 25.10 24.80 25.50 25.30 25.20 25.40 25.00 25.00 25.00 25.10 * 1
2018-01-11 12:48:24 27.00 26.50 26.60 28.50 28.30 25.70 25.50 25.60 25.80 25.80 25.50 26.00 26.10 26.80 26.00 26.10 * 25.30 25.60 26.10 25.70 25.50 25.50 25.20 25.00 25.40 25.30 25.20 25.40 25.00 25.00 25.00 25.10 * 1
2018-01-11 12:48:25 27.10 26.50 26.40 27.90 28.10 26.20 25.60 25.70 25.80 25.90 25.50 26.10 26.10 26.90 26.10 26.20 * 25.40 25.70 26.20 25.80 25.60 25.60 25.30 25.00 25.40 25.30 25.30 25.40 25.10 25.00 25.00 25.10 * 1
2018-01-11 12:48:25 27.00 26.40 26.20 27.50 27.80 26.20 25.60 25.70 25.90 25.90 25.50 26.10 26.10 26.90 26.10 26.30 * 25.40 25.80 26.10 25.80 25.60 25.60 25.30 25.00 25.40 25.30 25.30 25.40 25.00 25.00 25.00 25.10 * 1
2018-01-11 12:48:25 26.90 26.30 26.10 28.20 27.20 25.50 25.50 25.50 25.80 26.00 25.50 26.10 26.10 26.90 26.10 26.20 * 25.50 25.80 26.10 25.70 25.60 25.50 25.30 25.00 25.40 25.30 25.20 25.40 25.00 25.00 24.90 25.00 * 1
2018-01-11 12:48:25 26.90 26.40 26.40 28.40 26.80 25.20 25.40 25.60 25.80 26.00 25.50 26.10 26.10 26.90 26.10 26.20 * 25.50 25.80 26.20 25.70 25.60 25.50 25.30 25.10 25.40 25.30 25.20 25.40 25.00 25.00 24.90 25.00 * 1
2018-01-11 12:48:26 26.90 26.30 26.80 28.30 26.40 25.20 25.40 25.60 25.80 25.90 25.50 26.10 26.10 26.80 26.10 26.20 * 25.50 25.90 26.30 25.60 25.60 25.60 25.30 25.00 25.40 25.20 25.20 25.40 25.00 24.90 25.00 25.00 * 1
2018-01-11 12:48:26 26.90 26.30 26.70 28.30 26.20 25.20 25.40 25.50 25.70 25.80 25.40 26.00 26.00 26.80 26.00 26.10 * 25.50 25.90 26.30 25.60 25.60 25.50 25.30 25.00 25.40 25.20 25.20 25.40 25.00 24.90 24.90 25.00 * 1
2018-01-11 12:48:26 26.90 26.30 26.30 28.30 26.40 25.20 25.40 25.50 25.60 25.80 25.40 26.00 26.00 26.70 26.00 26.00 * 25.40 25.80 26.30 25.70 25.50 25.50 25.30 25.00 25.40 25.20 25.20 25.40 25.00 24.90 24.90 25.00 * 1
2018-01-11 12:48:26 26.90 26.30 26.00 27.20 27.20 25.60 25.50 25.60 25.70 25.80 25.40 26.00 26.10 26.80 26.00 26.10 * 25.40 25.70 26.30 25.60 25.50 25.50 25.30 24.90 25.40 25.30 25.20 25.40 25.00 25.00 25.00 25.00 * 1
2018-01-11 12:48:27 27.00 26.30 26.00 26.50 27.50 25.50 25.50 25.70 25.70 25.90 25.50 26.10 26.10 26.80 26.00 26.20 * 25.30 25.40 26.20 25.60 25.50 25.50 25.30 25.00 25.40 25.30 25.20 25.40 25.10 25.00 25.00 25.10 * 1
2018-01-11 12:48:27 26.90 26.30 26.00 26.30 27.80 25.50 25.50 25.60 25.80 25.90 25.40 26.10 26.10 26.90 26.00 26.10 * 25.20 25.40 26.20 25.60 25.50 25.40 25.30 25.00 25.40 25.30 25.20 25.40 25.00 25.00 25.00 25.00 * 1
2018-01-11 12:48:27 26.90 26.30 25.90 26.10 27.90 25.60 25.50 25.60 25.70 25.80 25.40 26.00 26.00 26.80 26.00 26.20 * 25.30 25.50 26.20 25.60 25.50 25.50 25.20 25.00 25.30 25.20 25.10 25.40 24.90 24.90 24.90 25.00 * 1
2018-01-11 12:48:27 26.80 26.20 25.90 25.70 28.10 25.80 25.40 25.50 25.70 25.80 25.50 26.00 26.00 26.80 26.00 26.20 * 25.30 25.50 26.30 25.70 25.50 25.50 25.20 25.00 25.30 25.10 25.10 25.30 24.90 24.90 24.90 25.00 * 1
2018-01-11 12:48:28 26.80 26.10 25.80 25.60 28.30 26.20 25.40 25.50 25.70 25.70 25.40 26.00 26.10 26.80 26.00 26.10 * 25.30 25.50 26.20 25.80 25.50 25.50 25.30 25.00 25.30 25.10 25.20 25.30 25.00 24.90 24.90 25.10 * 1
2018-01-11 12:48:28 26.80 26.20 25.90 25.50 28.30 26.50 25.50 25.50 25.70 25.80 25.40 26.00 26.10 26.80 26.00 26.20 * 25.40 25.50 26.20 26.20 25.50 25.50 25.30 25.00 25.40 25.20 25.20 25.40 25.00 25.00 24.90 25.10 * 1
2018-01-11 12:48:28 26.90 26.20 26.00 25.40 27.90 26.80 25.60 25.60 25.90 25.90 25.50 26.10 26.10 26.80 26.00 26.20 * 25.40 25.50 26.00 26.30 25.50 25.50 25.30 25.10 25.40 25.20 25.10 25.30 25.00 24.90 24.90 25.00 * 1
