2018-01-11 12:49:42 27.00 26.30 25.90 25.40 25.40 25.30 27.40 27.80 28.20 28.30 27.70 26.40 26.30 27.00 26.20 26.40 * 25.40 25.40 25.60 25.60 25.60 25.90 26.20 25.30 26.30 25.40 25.20 25.40 25.10 25.00 24.90 25.00 * 1
2018-01-11 12:49:42 27.00 26.30 25.90 25.40 25.40 25.80 28.20 28.10 28.40 27.80 26.50 26.10 26.20 26.90 26.10 26.30 * 25.40 25.50 26.00 26.10 25.60 25.90 26.40 25.30 26.50 25.20 25.10 25.30 24.90 24.90 24.80 24.90 * 1
2018-01-11 12:49:42 26.90 26.20 25.90 25.30 25.40 26.30 26.10 25.80 27.10 26.40 25.60 26.10 26.20 26.90 26.10 26.30 * 25.30 25.40 26.50 26.80 25.80 26.00 26.50 25.30 26.10 25.20 25.00 25.20 24.80 24.80 24.70 24.90 * 1
2018-01-11 12:49:43 27.00 26.30 26.00 25.40 25.40 25.30 25.60 25.60 26.00 26.00 25.60 26.20 26.20 26.90 26.10 26.30 * 25.30 25.50 26.70 27.10 26.00 26.20 26.10 25.20 25.90 25.10 25.00 25.20 24.80 24.80 24.70 24.90 * 1
2018-01-11 12:49:43 27.00 26.30 26.00 25.40 25.40 25.40 25.60 25.70 26.00 26.00 25.70 26.20 26.20 27.00 26.20 26.40 * 25.40 25.50 27.10 27.10 26.60 26.30 25.80 25.10 25.90 25.10 25.00 25.20 24.90 24.80 24.80 24.80 * 1
2018-01-11 12:49:43 27.00 26.40 26.00 25.50 25.40 25.40 25.70 25.80 25.80 25.90 25.50 26.10 26.10 26.90 26.10 26.20 * 25.30 25.60 27.30 27.10 26.80 26.30 25.60 25.10 25.70 25.10 25.00 25.30 24.80 24.80 24.80 24.80 * 1
2018-01-11 12:49:43 27.00 26.30 26.00 25.50 25.40 25.30 25.60 25.80 25.80 25.90 25.50 26.00 26.10 26.90 26.10 26.20 * 25.30 25.60 27.20 27.10 26.80 26.30 25.50 25.00 25.70 25.30 25.20 25.40 25.00 25.00 24.90 25.00 * 1
2018-01-11 12:49:44 27.00 26.40 26.00 25.40 25.50 25.30 25.60 25.80 25.80 25.90 25.50 26.10 26.10 26.90 26.10 26.20 * 25.40 25.90 27.10 27.10 26.80 26.20 25.50 25.00 25.70 25.30 25.20 25.40 25.00 24.90 24.90 25.00 * 1
2018-01-11 12:49:44 27.10 26.50 26.10 25.50 25.60 25.40 25.70 25.90 25.80 25.90 25.50 26.10 26.10 26.90 26.10 26.20 * 25.40 26.20 27.20 27.10 26.70 26.20 25.50 25.00 25.70 25.30 25.20 25.40 25.00 24.90 24.90 25.00 * 1
2018-01-11 12:49:44 27.10 26.40 26.00 25.50 25.50 25.40 25.70 25.80 25.70 25.90 25.50 26.00 26.10 26.80 26.00 26.20 * 25.40 26.50 27.30 27.10 26.80 26.20 25.60 25.00 25.90 25.30 25.20 25.40 25.00 25.00 24.90 25.10 * 1
2018-01-11 12:49:44 26.90 26.30 25.90 25.40 25.40 25.20 25.60 25.60 25.80 25.80 25.40 26.00 26.10 26.80 26.00 26.20 * 25.50 26.70 27.30 27.20 27.10 26.20 25.70 25.00 25.90 25.30 25.20 25.40 25.00 25.00 25.00 25.10 * 1
2018-01-11 12:49:45 26.90 26.20 25.90 25.40 25.30 25.20 25.50 25.50 25.80 25.80 25.40 26.00 26.10 26.80 26.10 26.20 * 25.50 26.60 27.30 27.30 27.30 26.20 25.70 25.10 25.90 25.30 25.10 25.40 25.00 24.90 24.90 25.00 * 1
2018-01-11 12:49:45 26.90 26.20 25.90 25.40 25.30 25.20 25.40 25.50 25.70 25.80 25.40 26.10 26.10 26.80 26.10 26.30 * 25.50 26.60 27.30 27.30 27.40 26.30 25.80 25.20 25.90 25.30 25.20 25.40 25.00 24.90 24.90 25.00 * 1
2018-01-11 12:49:45 26.90 26.30 25.90 25.40 25.30 25.20 25.50 25.60 25.80 25.90 25.50 26.10 26.20 26.90 26.10 26.30 * 25.50 26.70 27.30 27.30 27.30 26.30 25.80 25.20 26.00 25.30 25.30 25.50 25.10 25.00 25.00 25.10 * 1
2018-01-11 12:49:46 27.00 26.30 25.90 25.40 25.30 25.20 25.60 25.60 25.70 25.90 25.40 26.10 26.20 26.90 26.00 26.20 * 25.50 26.70 27.30 27.30 27.20 26.30 25.80 25.10 26.00 25.30 25.20 25.50 25.10 25.00 25.00 25.10 * 1
2018-01-11 12:49:46 27.00 26.30 26.00 25.40 25.40 25.30 25.50 25.60 25.70 25.90 25.50 26.10 26.10 26.90 26.00 26.20 * 25.60 26.70 27.30 27.30 27.40 26.30 25.80 25.10 26.00 25.30 25.10 25.40 24.90 24.90 24.90 25.00 * 1
2018-01-11 12:49:46 27.00 26.30 26.00 25.40 25.40 25.30 25.60 25.60 25.70 25.80 25.40 26.00 26.10 26.80 26.00 26.20 * 25.50 26.50 27.20 27.30 27.40 26.20 25.80 25.10 25.90 25.10 25.00 25.20 24.80 24.80 24.80 24.90 * 1
2018-01-11 12:49:46 27.00 26.40 26.00 25.50 25.40 25.30 25.60 25.70 25.70 25.70 25.40 26.00 26.00 26.70 26.00 26.10 * 25.40 26.40 27.10 27.30 27.40 26.20 25.80 25.00 26.00 25.20 25.10 25.30 24.90 24.90 24.80 25.00 * 1
2018-01-11 12:49:47 27.00 26.40 26.00 25.50 25.40 25.30 25.60 25.80 25.80 25.80 25.40 26.00 26.00 26.70 26.00 26.10 * 25.40 26.40 27.10 27.30 27.40 26.20 25.80 25.00 26.00 25.30 25.10 25.30 24.90 24.90 24.90 25.00 * 1
2018-01-11 12:49:47 27.00 26.40 26.00 25.50 25.50 25.40 25.70 25.80 25.80 25.90 25.50 26.00 26.00 26.80 26.00 26.10 * 25.40 26.30 27.20 27.30 27.50 26.20 25.80 25.10 26.20 25.40 25.10 25.40 25.00 25.00 25.00 25.00 * 1
2018-01-11 12:49:47 27.10 26.40 26.10 25.60 25.50 25.40 25.70 25.80 25.80 25.90 25.50 26.00 26.10 26.90 26.00 26.20 * 25.50 26.30 27.30 27.30 27.60 26.20 26.00 25.10 26.20 25.40 25.20 25.40 25.00 25.00 24.90 25.00 * 1
2018-01-11 12:49:47 27.00 26.40 26.00 25.50 25.40 25.30 25.60 25.80 25.70 25.90 25.50 26.10 26.10 26.90 26.10 26.20 * 25.60 26.30 27.30 27.40 27.70 26.10 26.20 25.20 26.10 25.30 25.20 25.40 24.90 25.00 24.90 25.00 * 1
2018-01-11 12:49:48 27.00 26.40 26.00 25.40 25.40 25.30 25.70 25.70 25.70 25.90 25.50 26.10 26.10 26.90 26.10 26.20 * 25.60 26.40 27.30 27.40 27.70 26.10 26.30 25.30 26.30 25.40 25.20 25.40 25.00 25.00 24.90 25.00 * 1
2018-01-11 12:49:48 27.00 26.30 25.90 25.40 25.30 25.30 25.60 25.70 25.80 25.90 25.50 26.10 26.10 26.90 26.10 26.20 * 25.60 26.40 27.30 27.40 27.70 26.20 26.40 25.40 26.30 25.50 25.20 25.40 25.00 25.00 25.00 25.10 * 1
2018-01-11 12:49:48 27.00 26.30 25.90 25.40 25.30 25.20 25.50 25.70 25.90 26.00 25.60 26.10 26.20 26.90 26.20 26.30 * 25.50 26.40 27.30 27.40 27.60 26.10 26.30 25.30 26.30 25.40 25.20 25.40 25.00 25.00 25.00 25.00 * 1
2018-01-11 12:49:48 27.00 26.40 26.10 25.40 25.40 25.30 25.60 25.80 25.80 25.90 25.50 26.10 26.20 26.90 26.10 26.20 * 25.50 26.30 27.20 27.30 27.50 26.00 26.20 25.30 26.30 25.40 25.20 25.40 25.00 25.00 25.00 25.00 * 1
2018-01-11 12:49:49 27.00 26.40 26.10 25.50 25.40 25.30 25.70 25.80 25.70 25.90 25.50 26.10 26.10 26.90 26.00 26.20 * 25.40 26.30 27.20 27.30 27.50 26.00 26.20 25.30 26.40 25.50 25.30 25.50 25.10 25.00 25.00 25.10 * 1
2018-01-11 12:49:49 26.90 26.30 26.00 25.40 25.40 25.30 25.60 25.70 25.70 25.90 25.50 26.10 26.10 26.80 26.00 26.20 * 25.40 26.20 27.10 27.30 27.50 26.10 26.20 25.20 26.40 25.40 25.20 25.40 25.00 25.00 24.90 25.10 * 1
2018-01-11 12:49:49 27.00 26.40 26.00 25.40 25.40 25.30 25.60 25.70 25.70 25.80 25.40 26.10 26.10 26.80 26.00 26.20 * 25.50 26.20 27.20 27.30 27.50 26.10 26.30 25.20 26.30 25.40 25.10 25.40 25.00 25.00 24.90 25.10 * 1
2018-01-11 12:49:50 27.00 26.40 26.00 25.50 25.40 25.30 25.60 25.70 25.70 25.90 25.50 26.10 26.10 26.90 26.10 26.20 * 25.50 26.30 27.30 27.40 27.60 26.10 26.30 25.30 26.30 25.40 25.20 25.40 25.00 24.90 24.90 25.00 * 1
2018-01-11 12:49:50 27.00 26.40 26.00 25.40 25.40 25.30 25.60 25.70 25.80 25.90 25.60 26.10 26.10 27.00 26.10 26.30 * 25.60 26.40 27.40 27.40 27.70 26.10 26.30 25.30 26.30 25.40 25.20 25.40 25.00 25.00 24.90 25.00 * 1
2018-01-11 12:49:50 27.00 26.30 26.00 25.40 25.40 25.20 25.60 25.70 25.80 25.90 25.60 26.10 26.10 26.90 26.10 26.30 * 25.60 26.40 27.30 27.40 27.70 26.20 26.40 25.40 26.30 25.40 25.20 25.30 24.90 24.90 24.80 25.00 * 1
2018-01-11 12:49:50 27.00 26.30 26.00 25.40 25.40 25.20 25.60 25.70 25.70 25.90 25.60 26.10 26.10 26.90 26.10 26.20 * 25.60 26.40 27.30 27.40 27.80 26.20 26.40 25.40 26.30 25.30 25.20 25.30 24.90 24.80 24.90 24.90 * 1
2018-01-11 12:49:51 27.00 26.30 26.00 25.40 25.30 25.20 25.50 25.60 25.80 25.90 25.50 26.10 26.10 26.90 26.00 26.10 * 25.60 26.50 27.30 27.50 27.80 26.20 26.50 25.40 26.30 25.30 25.10 25.30 24.90 24.80 24.90 24.90 * 1
2018-01-11 12:49:51 27.00 26.30 26.00 25.30 25.30 25.20 25.50 25.60 25.70 25.80 25.40 26.00 26.10 26.90 26.00 26.20 * 25.60 26.40 27.30 27.40 27.80 26.20 26.40 25.40 26.30 25.40 25.10 25.40 24.90 24.90 24.90 24.90 * 1
2018-01-11 12:49:51 27.00 26.40 26.00 25.50 25.50 25.30 25.70 25.70 25.70 25.80 25.40 26.00 26.10 26.80 26.00 26.20 * 25.50 26.30 27.20 27.40 27.70 26.00 26.30 25.30 26.40 25.40 25.20 25.40 25.00 25.00 24.90 25.00 * 1
2018-01-11 12:49:51 27.10 26.40 26.10 25.50 25.50 25.40 25.70 25.80 25.60 25.80 25.40 26.00 26.00 26.80 26.00 26.20 * 25.50 26.30 27.20 27.30 27.60 26.00 26.30 25.20 26.40 25.50 25.30 25.50 25.10 25.00 25.00 25.10 * 1
2018-01-11 12:49:52 27.10 26.50 26.10 25.50 25.50 25.40 25.70 25.80 25.60 25.80 25.40 26.00 26.00 26.80 26.00 26.10 * 25.50 26.30 27.20 27.40 27.60 26.10 26.30 25.30 26.40 25.50 25.20 25.40 25.00 25.00 25.00 25.10 * 1
2018-01-11 12:49:52 27.10 26.50 26.10 25.50 25.60 25.40 25.70 25.80 25.80 25.90 25.50 26.10 26.10 26.90 26.00 26.10 * 25.50 26.30 27.30 27.40 27.70 26.10 26.30 25.30 26.40 25.50 25.20 25.40 25.00 25.00 25.00 25.00 * 1
2018-01-11 12:49:52 27.10 26.50 26.10 25.50 25.50 25.40 25.80 25.80 25.70 25.90 25.40 26.00 26.10 26.80 26.10 26.10 * 25.50 26.30 27.30 27.40 27.60 26.10 26.40 25.30 26.40 25.50 25.30 25.40 25.00 25.00 25.00 25.10 * 1
2018-01-11 12:49:52 26.90 26.30 26.00 25.40 25.30 25.30 25.60 25.60 25.70 25.80 25.40 26.00 26.10 26.80 26.00 26.10 * 25.60 26.30 27.30 27.40 27.60 26.10 26.30 25.20 26.50 25.50 25.20 25.50 25.00 25.00 25.00 25.10 * 1
2018-01-11 12:49:53 26.90 26.30 26.00 25.40 25.30 25.30 25.60 25.60 25.70 25.80 25.40 26.00 26.10 26.80 26.00 26.20 * 25.60 26.30 27.30 27.40 27.70 26.10 26.30 25.30 26.50 25.50 25.20 25.50 25.00 25.00 25.00 25.10 * 1
2018-01-11 12:49:53 27.00 26.30 26.00 25.40 25.30 25.30 25.60 25.70 25.80 25.90 25.50 26.10 26.10 26.80 26.00 26.20 * 25.50 26.30 27.30 27.50 27.70 26.20 26.40 25.40 26.50 25.60 25.30 25.50 25.00 25.00 25.00 25.10 * 1
2018-01-11 12:49:53 27.00 26.30 25.90 25.30 25.30 25.20 25.50 25.60 25.80 25.90 25.50 26.10 26.20 26.90 26.10 26.30 * 25.50 26.40 27.30 27.50 27.70 26.20 26.30 25.30 26.40 25.50 25.30 25.50 25.00 25.00 25.00 25.10 * 1
2018-01-11 12:49:54 26.90 26.20 25.90 25.30 25.30 25.20 25.50 25.60 25.80 25.90 25.50 26.10 26.20 27.00 26.10 26.30 * 25.50 26.30 27.20 27.40 27.70 26.10 26.30 25.30 26.40 25.50 25.20 25.40 25.10 25.00 25.00 25.10 * 1
2018-01-11 12:49:54 26.90 26.30 25.90 25.40 25.30 25.20 25.60 25.60 25.80 25.90 25.50 26.10 26.20 26.90 26.00 26.20 * 25.50 26.30 27.20 27.40 27.70 26.10 26.30 25.30 26.30 25.50 25.20 25.40 25.10 25.00 25.00 25.10 * 1
2018-01-11 12:49:54 27.00 26.40 26.00 25.40 25.40 25.30 25.70 25.70 25.80 25.90 25.40 26.00 26.10 26.80 26.00 26.20 * 25.50 26.30 27.20 27.40 27.60 26.10 26.30 25.30 26.30 25.50 25.20 25.40 25.10 25.00 25.00 25.10 * 1
2018-01-11 12:49:54 27.10 26.40 26.10 25.50 25.50 25.30 25.70 25.80 25.70 25.80 25.40 26.00 26.00 26.80 26.00 26.10 * 25.40 26.20 27.20 27.40 27.60 26.00 26.30 25.20 26.40 25.50 25.20 25.40 25.00 25.00 24.90 25.10 * 1
2018-01-11 12:49:55 27.10 26.40 26.00 25.50 25.50 25.30 25.60 25.80 25.70 25.80 25.40 26.10 26.00 26.80 26.00 26.00 * 25.40 26.20 27.20 27.40 27.60 26.00 26.30 25.10 26.40 25.40 25.20 25.40 25.00 24.90 25.00 25.10 * 1
2018-01-11 12:49:55 27.00 26.40 26.00 25.50 25.50 25.30 25.60 25.70 25.70 25.90 25.40 26.10 26.10 26.80 26.00 26.10 * 25.50 26.30 27.20 27.40 27.60 26.00 26.30 25.20 26.30 25.40 25.20 25.40 25.00 24.90 25.00 25.10 * 1
2018-01-11 12:49:55 27.00 26.30 26.00 25.50 25.50 25.30 25.60 25.70 25.80 25.90 25.40 26.10 26.10 26.80 26.00 26.10 * 25.50 26.30 27.30 27.40 27.70 26.10 26.30 25.30 26.30 25.40 25.20 25.40 25.00 24.90 24.90 25.10 * 1
2018-01-11 12:49:55 27.00 26.30 26.00 25.40 25.40 25.20 25.60 25.70 25.90 26.00 25.50 26.10 26.10 26.90 26.10 26.20 * 25.50 26.40 27.30 27.50 27.70 26.10 26.30 25.40 26.30 25.30 25.20 25.40 24.90 24.90 24.90 25.00 * 1
2018-01-11 12:49:56 26.90 26.30 26.00 25.40 25.40 25.20 25.60 25.60 25.80 25.90 25.50 26.10 26.20 26.90 26.10 26.20 * 25.60 26.40 27.30 27.40 27.70 26.10 26.40 25.40 26.10 25.30 25.00 25.30 24.80 24.80 24.80 24.80 * 1
2018-01-11 12:49:56 26.90 26.20 25.90 25.30 25.30 25.20 25.60 25.60 25.80 25.90 25.50 26.10 26.20 26.90 26.10 26.30 * 25.60 26.30 27.30 27.40 27.70 26.10 26.30 25.30 26.20 25.30 25.10 25.30 24.80 24.80 24.80 24.90 * 1
2018-01-11 12:49:56 27.00 26.30 25.90 25.40 25.40 25.20 25.60 25.70 25.90 26.00 25.50 26.10 26.20 26.90 26.10 26.30 * 25.50 26.30 27.20 27.40 27.70 26.10 26.30 25.30 26.30 25.40 25.20 25.40 24.90 24.80 24.90 25.00 * 1
2018-01-11 12:49:56 27.00 26.30 25.90 25.40 25.40 25.20 25.60 25.70 25.80 25.90 25.60 26.10 26.20 26.90 26.10 26.30 * 25.40 26.20 27.10 27.30 27.60 26.00 26.30 25.20 26.30 25.40 25.20 25.40 24.90 24.80 24.90 25.00 * 1
2018-01-11 12:49:57 26.90 26.30 25.90 25.40 25.30 25.20 25.50 25.60 25.80 25.90 25.50 26.10 26.10 26.90 26.10 26.20 * 25.40 26.20 27.20 27.30 27.60 26.00 26.20 25.20 26.30 25.30 25.20 25.30 24.90 24.90 24.80 25.00 * 1
2018-01-11 12:49:57 26.90 26.30 26.00 25.40 25.30 25.30 25.60 25.70 25.70 25.90 25.50 26.10 26.10 26.80 26.10 26.10 * 25.30 26.20 27.10 27.30 27.60 26.10 26.10 25.10 26.40 25.30 25.20 25.40 25.00 24.90 25.00 25.10 * 1
2018-01-11 12:49:57 27.10 26.40 26.10 25.40 25.50 25.30 25.60 25.70 25.70 25.90 25.50 26.00 26.00 26.80 26.00 26.10 * 25.40 26.20 27.10 27.30 27.50 26.20 26.10 25.10 26.40 25.30 25.10 25.40 24.90 24.90 24.90 25.00 * 1
2018-01-11 12:49:58 27.00 26.30 26.00 25.40 25.40 25.20 25.50 25.70 25.70 25.80 25.40 26.00 26.00 26.80 25.90 26.10 * 25.50 26.40 27.10 27.40 27.40 26.40 26.20 25.10 26.40 25.30 25.10 25.40 24.90 24.90 24.90 25.00 * 1
2018-01-11 12:49:58 26.90 26.30 25.90 25.40 25.30 25.20 25.50 25.70 25.70 25.80 25.40 26.00 26.00 26.80 26.00 26.10 * 25.60 26.90 27.40 27.50 27.40 26.80 26.30 25.20 26.40 25.30 25.10 25.40 25.00 24.90 24.90 25.00 * 1
2018-01-11 12:49:58 27.00 26.40 26.00 25.50 25.40 25.30 25.60 25.70 25.80 25.90 25.60 26.10 26.20 26.90 26.00 26.30 * 25.60 27.00 27.50 27.50 27.30 26.90 26.40 25.20 26.50 25.30 25.20 25.40 25.00 24.90 24.90 25.00 * 1
2018-01-11 12:49:58 27.00 26.20 25.90 25.30 25.30 25.20 25.50 25.60 25.80 25.80 25.50 26.10 26.10 26.80 26.00 26.20 * 25.60 26.80 27.50 27.50 27.30 26.80 26.30 25.20 26.60 25.30 25.30 25.40 25.00 25.00 25.00 25.10 * 1
2018-01-11 12:49:59 27.00 26.20 25.90 25.40 25.30 25.20 25.50 25.60 25.90 25.90 25.50 26.10 26.10 26.90 26.00 26.20 * 25.50 26.60 27.50 27.50 27.30 26.80 26.30 25.10 26.60 25.30 25.20 25.40 25.00 24.90 24.90 25.10 * 1
2018-01-11 12:49:59 26.90 26.20 25.90 25.40 25.30 25.20 25.50 25.50 25.80 26.00 25.50 26.10 26.10 26.90 26.00 26.20 * 25.40 26.50 27.50 27.50 27.20 26.70 26.20 25.00 26.50 25.40 25.20 25.40 25.00 24.90 25.00 25.00 * 1
2018-01-11 12:49:59 26.90 26.30 25.90 25.40 25.30 25.20 25.50 25.50 25.80 25.90 25.50 26.10 26.10 26.90 26.10 26.20 * 25.40 26.50 27.50 27.50 27.20 26.70 26.20 25.00 26.50 25.30 25.20 25.30 25.00 25.00 25.00 25.00 * 1
2018-01-11 12:49:59 27.00 26.30 26.00 25.40 25.40 25.30 25.50 25.60 25.80 25.80 25.50 26.10 26.10 26.90 26.10 26.20 * 25.40 26.50 27.50 27.50 27.20 26.80 26.30 25.00 26.50 25.30 25.10 25.30 25.00 24.90 24.90 25.00 * 1
2018-01-11 12:50:00 26.90 26.30 26.00 25.40 25.30 25.20 25.50 25.60 25.80 25.80 25.40 26.00 26.10 26.90 26.10 26.10 * 25.40 26.40 27.50 27.50 27.20 26.80 26.30 25.00 26.50 25.30 25.10 25.40 25.00 24.90 24.90 24.90 * 1
2018-01-11 12:50:00 26.90 26.30 26.00 25.40 25.40 25.20 25.60 25.60 25.80 25.90 25.40 26.00 26.10 26.90 26.10 26.20 * 25.50 26.50 27.50 27.60 27.30 26.90 26.30 25.10 26.50 25.30 25.20 25.40 25.00 24.90 24.90 25.00 * 1
2018-01-11 12:50:00 26.90 26.30 26.00 25.40 25.30 25.20 25.60 25.60 25.70 25.90 25.50 26.00 26.10 26.80 26.00 26.20 * 25.60 26.70 27.60 27.60 27.30 26.90 26.40 25.10 26.60 25.30 25.10 25.40 25.00 25.00 25.00 25.00 * 1
2018-01-11 12:50:01 26.90 26.30 26.00 25.40 25.40 25.20 25.60 25.60 25.80 25.90 25.50 26.10 26.10 26.90 26.00 26.20 * 25.60 26.70 27.60 27.60 27.30 26.90 26.30 25.10 26.50 25.30 25.10 25.40 25.00 25.00 24.90 25.00 * 1
2018-01-11 12:50:01 27.00 26.30 26.00 25.40 25.40 25.30 25.60 25.70 25.80 25.90 25.50 26.10 26.10 26.90 26.00 26.20 * 25.60 26.70 27.50 27.60 27.30 26.90 26.30 25.10 26.50 25.30 25.20 25.40 25.00 24.90 24.90 25.00 * 1
2018-01-11 12:50:01 27.10 26.40 26.10 25.50 25.50 25.30 25.70 25.80 25.70 25.90 25.60 26.00 26.10 26.90 26.10 26.20 * 25.50 26.80 27.50 27.60 27.30 26.80 26.30 25.10 26.50 25.30 25.20 25.40 25.00 24.90 24.90 25.10 * 1
2018-01-11 12:50:01 27.10 26.40 26.00 25.50 25.40 25.30 25.60 25.80 25.70 25.90 25.50 26.00 26.10 26.80 26.10 26.20 * 25.50 26.80 27.50 27.60 27.30 26.80 26.30 25.00 26.50 25.30 25.20 25.40 25.00 24.90 25.00 25.10 * 1
2018-01-11 12:50:02 27.00 26.40 26.00 25.50 25.40 25.30 25.60 25.70 25.80 25.80 25.40 26.10 26.10 26.80 26.10 26.20 * 25.50 26.70 27.50 27.50 27.30 26.80 26.30 25.00 26.60 25.30 25.20 25.40 25.00 25.00 25.00 25.10 * 1
2018-01-11 12:50:02 27.10 26.40 26.00 25.50 25.50 25.30 25.60 25.70 25.80 25.90 25.50 26.00 26.10 26.80 26.10 26.20 * 25.50 26.70 27.50 27.50 27.30 26.80 26.30 25.10 26.60 25.40 25.20 25.40 25.00 25.00 25.00 25.10 * 1
2018-01-11 12:50:02 27.00 26.30 26.00 25.40 25.40 25.30 25.60 25.70 25.70 25.90 25.50 26.00 26.10 26.80 26.00 26.10 * 25.50 26.80 27.60 27.60 27.30 26.90 26.40 25.10 26.60 25.40 25.20 25.40 25.00 25.00 25.00 25.10 * 1
2018-01-11 12:50:02 27.00 26.30 26.00 25.40 25.40 25.30 25.60 25.70 25.70 25.90 25.50 26.10 26.10 26.90 26.00 26.20 * 25.70 26.80 27.70 27.80 27.40 27.00 26.50 25.30 26.50 25.30 25.20 25.40 25.00 24.90 24.90 25.10 * 1
2018-01-11 12:50:03 27.00 26.30 26.00 25.40 25.40 25.30 25.50 25.60 25.70 25.90 25.50 26.10 26.10 26.90 26.10 26.20 * 25.60 26.80 27.70 27.80 27.40 27.00 26.50 25.30 26.50 25.30 25.20 25.30 24.90 24.90 24.90 25.00 * 1
2018-01-11 12:50:03 26.90 26.30 25.90 25.30 25.30 25.20 25.50 25.60 25.80 25.90 25.50 26.10 26.10 26.90 26.10 26.20 * 25.60 26.90 27.70 27.80 27.50 27.00 26.40 25.30 26.40 25.20 25.10 25.30 24.90 24.90 24.90 25.00 * 1
