2018-01-11 12:46:11 26.90 26.30 26.00 25.40 25.30 25.30 25.50 25.60 25.90 25.90 25.60 26.10 26.10 26.80 26.10 26.20 * 25.40 26.00 26.70 26.60 27.00 26.60 26.50 25.60 26.70 25.80 25.40 25.40 25.00 24.90 25.00 25.00 * 1
2018-01-11 12:46:11 26.90 26.40 26.00 25.40 25.40 25.30 25.50 25.60 25.80 25.90 25.60 26.10 26.10 26.80 26.00 26.20 * 25.40 25.90 26.80 26.60 27.00 26.70 26.60 25.60 26.80 25.90 25.50 25.40 25.00 25.00 25.00 25.00 * 1
2018-01-11 12:46:12 26.90 26.40 26.00 25.40 25.30 25.20 25.50 25.60 25.90 25.90 25.50 26.10 26.10 26.80 26.10 26.20 * 25.40 25.90 26.80 26.60 27.00 26.70 26.60 25.60 26.80 25.90 25.60 25.50 25.10 25.00 25.00 25.10 * 1
2018-01-11 12:46:12 26.90 26.30 26.00 25.30 25.30 25.20 25.50 25.60 25.80 25.90 25.50 26.10 26.10 26.80 26.10 26.20 * 25.30 25.90 26.70 26.50 27.00 26.60 26.50 25.60 26.80 25.90 25.60 25.40 25.00 25.00 25.00 25.10 * 1
2018-01-11 12:46:12 26.80 26.30 25.90 25.30 25.30 25.20 25.50 25.60 25.80 25.90 25.50 26.00 26.10 26.80 26.10 26.20 * 25.40 26.10 26.30 26.50 27.00 26.70 26.50 25.60 26.80 25.80 25.50 25.40 25.00 24.90 24.90 25.10 * 1
2018-01-11 12:46:13 26.90 26.40 26.00 25.50 25.60 25.30 25.60 25.60 25.90 25.90 25.50 26.10 26.10 26.80 26.10 26.20 * 25.40 26.10 25.90 26.50 27.00 26.60 26.30 25.40 26.10 25.30 25.20 25.30 24.90 24.90 24.80 24.90 * 1
2018-01-11 12:46:13 26.90 26.30 26.00 25.70 26.10 25.50 25.60 25.70 25.90 25.90 25.50 26.20 26.20 26.90 26.10 26.20 * 25.40 26.10 25.70 26.50 27.00 26.40 26.00 25.20 25.80 25.20 25.10 25.30 24.90 24.90 24.80 24.90 * 1
2018-01-11 12:46:13 26.90 26.30 26.00 25.90 26.70 25.60 25.50 25.60 25.90 25.90 25.60 26.20 26.20 26.90 26.00 26.30 * 25.40 26.10 25.70 26.70 27.00 26.20 25.70 25.10 25.60 25.10 25.00 25.30 24.80 24.80 24.80 24.80 * 1
2018-01-11 12:46:13 26.90 26.40 26.10 26.40 27.00 25.60 25.60 25.60 25.80 25.90 25.60 26.10 26.20 26.90 26.10 26.30 * 25.40 26.20 25.60 27.10 26.90 26.20 25.60 25.10 25.50 25.00 25.00 25.30 24.80 24.80 24.80 24.80 * 1
2018-01-11 12:46:14 26.90 26.40 26.20 27.90 27.20 25.50 25.60 25.60 25.90 25.90 25.50 26.10 26.10 26.80 26.10 26.30 * 25.40 26.10 25.70 27.10 26.90 26.40 25.80 25.10 25.70 25.10 25.10 25.30 24.90 24.80 24.90 24.90 * 1
2018-01-11 12:46:14 26.80 26.30 26.30 29.70 28.10 26.10 25.50 25.50 25.90 26.00 25.60 26.10 26.20 26.80 26.10 26.30 * 25.30 25.80 25.70 27.10 26.90 26.60 26.20 25.20 26.40 25.30 25.20 25.40 24.90 24.90 24.90 25.00 * 1
2018-01-11 12:46:14 26.80 26.30 26.10 29.30 28.80 27.20 25.60 25.50 26.00 26.00 25.50 26.10 26.20 26.80 26.00 26.30 * 25.30 25.60 25.60 27.20 27.00 26.80 26.40 25.20 26.50 25.30 25.20 25.40 24.90 24.90 24.90 25.00 * 1
2018-01-11 12:46:15 26.80 26.80 26.30 27.70 28.70 27.90 25.70 25.50 26.20 25.90 25.50 26.10 26.20 26.80 26.00 26.20 * 25.20 25.40 25.50 27.30 27.00 26.80 26.30 25.00 26.60 25.40 25.20 25.40 25.00 25.00 25.00 25.10 * 1
2018-01-11 12:46:15 27.30 27.90 27.00 28.20 28.20 28.50 25.90 25.70 26.20 25.90 25.50 26.10 26.20 26.70 26.00 26.20 * 25.30 25.50 25.60 27.30 27.10 26.80 26.30 25.20 26.60 25.40 25.20 25.40 25.00 25.00 25.00 25.10 * 1
2018-01-11 12:46:15 27.60 27.90 27.00 28.30 28.30 28.50 25.90 25.70 26.10 25.90 25.60 26.10 26.10 26.90 26.10 26.20 * 25.30 25.50 25.70 27.40 27.20 26.90 26.40 25.30 26.40 25.30 25.20 25.40 24.90 24.90 24.90 25.00 * 1
2018-01-11 12:46:15 27.90 28.00 27.10 28.30 28.30 28.50 25.90 25.70 26.10 25.80 25.50 26.10 26.10 26.90 26.00 26.20 * 25.20 25.30 25.60 27.30 27.10 26.80 26.30 25.10 26.40 25.30 25.10 25.40 24.90 24.90 24.90 25.00 * 1
2018-01-11 12:46:16 27.90 28.00 27.10 28.40 28.30 28.50 25.80 25.70 26.10 25.80 25.50 26.10 26.00 26.80 26.00 26.20 * 25.20 25.30 25.60 27.30 27.00 26.70 26.20 25.00 26.40 25.30 25.10 25.40 25.00 25.00 24.90 25.00 * 1
2018-01-11 12:46:16 27.80 28.00 27.10 28.40 28.20 28.40 25.80 25.70 26.10 25.90 25.50 26.00 26.00 26.80 26.00 26.20 * 25.20 25.30 25.90 27.30 27.00 26.70 26.20 25.00 26.50 25.30 25.20 25.40 25.00 25.00 25.00 25.00 * 1
2018-01-11 12:46:16 27.70 27.90 27.20 28.90 28.20 28.30 25.70 25.70 26.10 25.90 25.50 26.00 26.10 26.70 26.00 26.20 * 25.40 25.80 26.00 27.40 27.10 26.90 26.30 25.10 26.50 25.30 25.20 25.40 25.00 25.00 25.00 25.00 * 1
2018-01-11 12:46:16 27.70 27.90 27.20 29.20 28.10 28.10 25.70 25.60 26.10 25.80 25.50 26.10 26.10 26.90 26.10 26.10 * 25.50 26.20 25.80 27.40 27.10 26.90 26.30 25.20 26.60 25.30 25.20 25.50 25.00 25.00 25.00 25.10 * 1
2018-01-11 12:46:28 27.10 26.30 26.00 25.40 25.40 27.10 28.40 26.10 28.40 25.90 25.50 26.10 26.00 26.80 26.00 26.20 * 25.10 25.30 25.40 25.60 25.70 25.70 25.10 24.90 25.40 25.20 25.10 25.30 24.90 24.90 24.90 25.00 * 1
2018-01-11 12:46:28 27.10 26.40 26.00 25.40 25.40 26.30 28.50 26.60 28.50 26.30 25.50 26.10 26.10 26.90 26.00 26.20 * 25.20 25.40 25.40 25.50 25.70 25.70 25.20 24.90 25.40 25.30 25.20 25.40 25.10 25.00 25.00 25.10 * 1
2018-01-11 12:46:28 27.10 26.40 26.00 25.40 25.40 25.70 28.30 27.00 28.20 27.10 25.60 26.10 26.20 26.90 26.10 26.30 * 25.20 25.30 25.40 25.40 25.80 25.70 25.20 24.90 25.40 25.30 25.30 25.40 25.10 25.00 25.00 25.10 * 1
2018-01-11 12:46:29 27.10 26.30 26.00 25.40 25.40 25.50 28.30 27.00 28.10 27.00 25.60 26.10 26.10 26.90 26.10 26.30 * 25.10 25.30 25.40 25.40 25.80 25.70 25.20 24.90 25.50 25.40 25.30 25.50 25.10 25.00 25.00 25.20 * 1
2018-01-11 12:46:29 27.00 26.30 26.00 25.40 25.40 25.40 28.30 26.80 28.00 26.70 25.60 26.10 26.10 26.80 26.10 26.30 * 25.20 25.30 25.40 25.50 25.90 25.80 25.20 24.90 25.50 25.30 25.20 25.40 25.00 25.00 25.00 25.10 * 1
2018-01-11 12:46:29 26.90 26.20 25.90 25.30 25.30 25.50 28.10 26.40 28.00 26.50 25.50 26.10 26.10 26.80 26.00 26.20 * 25.20 25.30 25.40 25.50 25.90 25.80 25.20 24.90 25.40 25.30 25.10 25.40 25.00 25.00 24.90 25.10 * 1
2018-01-11 12:46:29 27.00 26.30 25.90 25.40 25.30 25.70 28.10 26.60 27.80 26.80 25.50 26.00 26.10 26.80 26.00 26.10 * 25.20 25.40 25.40 25.50 25.90 25.80 25.20 24.90 25.40 25.20 25.10 25.30 25.00 25.00 24.90 25.00 * 1
2018-01-11 12:46:30 27.00 26.30 25.90 25.40 25.30 25.60 27.90 26.90 27.50 27.30 25.40 26.00 26.00 26.70 26.00 26.10 * 25.20 25.40 25.40 25.50 25.80 25.70 25.20 25.00 25.40 25.10 25.10 25.30 24.90 24.90 24.80 24.90 * 1
2018-01-11 12:46:30 27.00 26.30 25.90 25.50 25.40 25.30 27.40 27.30 27.00 27.70 25.50 26.00 26.00 26.70 26.00 26.10 * 25.20 25.30 25.40 25.50 25.80 25.70 25.30 25.00 25.40 25.10 25.00 25.20 24.90 24.80 24.80 24.90 * 1
2018-01-11 12:46:30 27.10 26.30 25.90 25.50 25.40 25.30 27.00 27.60 26.60 28.00 25.50 26.00 26.10 26.70 26.00 26.10 * 25.20 25.40 25.40 25.40 25.50 25.90 25.40 25.00 25.50 25.20 25.10 25.30 24.90 24.90 24.90 25.00 * 1
2018-01-11 12:46:30 27.00 26.30 25.90 25.30 25.30 25.20 26.50 27.50 26.40 28.10 25.60 26.00 26.10 26.70 26.00 26.10 * 25.20 25.40 25.40 25.50 25.50 26.00 25.40 25.00 25.50 25.20 25.10 25.30 24.90 24.90 24.90 25.00 * 1
2018-01-11 12:46:31 27.00 26.20 25.80 25.30 25.30 25.10 26.50 27.50 26.50 28.30 25.70 26.00 26.10 26.70 26.00 26.20 * 25.20 25.30 25.40 25.50 25.50 25.90 25.30 25.00 25.60 25.30 25.20 25.40 25.00 25.00 25.00 25.10 * 1
2018-01-11 12:46:31 26.90 26.10 25.80 25.30 25.30 25.10 26.40 27.60 26.50 28.30 25.80 26.00 26.10 26.70 26.00 26.30 * 25.20 25.30 25.40 25.50 25.50 25.80 25.30 25.00 25.60 25.30 25.20 25.30 25.00 25.00 24.90 25.00 * 1
2018-01-11 12:46:31 26.90 26.10 25.80 25.30 25.30 25.10 26.30 27.60 26.30 28.40 26.00 26.10 26.10 26.70 26.00 26.30 * 25.20 25.40 25.40 25.50 25.40 25.80 25.40 25.00 25.70 25.30 25.20 25.40 25.10 25.10 25.00 25.00 * 1
2018-01-11 12:46:31 26.90 26.30 25.90 25.30 25.30 25.20 26.00 27.90 26.40 28.50 26.30 26.10 26.10 26.80 26.10 26.20 * 25.20 25.40 25.40 25.40 25.40 25.70 25.40 25.00 25.60 25.10 25.10 25.30 24.90 24.90 24.90 24.90 * 1
2018-01-11 12:46:32 27.00 26.30 25.90 25.40 25.30 25.20 26.10 28.00 26.60 28.60 26.20 26.10 26.10 26.80 26.10 26.20 * 25.20 25.30 25.40 25.40 25.40 25.90 25.40 25.00 25.50 25.10 25.10 25.20 24.90 24.90 24.80 24.90 * 1
2018-01-11 12:46:32 26.90 26.30 25.90 25.30 25.30 25.20 26.40 28.00 26.70 28.60 26.00 26.00 26.00 26.80 26.00 26.20 * 25.20 25.30 25.40 25.40 25.40 25.90 25.40 25.00 25.60 25.10 25.10 25.30 24.90 24.80 24.90 25.00 * 1
2018-01-11 12:46:32 26.90 26.30 25.90 25.30 25.30 25.20 26.50 28.00 26.60 28.60 26.00 26.00 26.00 26.80 26.00 26.20 * 25.20 25.40 25.40 25.50 25.40 26.00 25.40 24.90 25.70 25.30 25.20 25.40 25.00 24.90 24.90 25.10 * 1
2018-01-11 12:46:33 27.00 26.30 25.90 25.40 25.30 25.30 26.60 27.90 26.50 28.50 26.00 26.00 26.00 26.80 26.00 26.20 * 25.20 25.40 25.40 25.40 25.40 25.90 25.40 24.90 25.70 25.30 25.20 25.40 25.00 25.00 24.90 25.10 * 1
2018-01-11 12:46:33 27.00 26.30 25.90 25.30 25.30 25.40 26.70 27.70 27.00 28.10 26.10 26.20 26.10 26.70 26.00 26.20 * 25.20 25.40 25.40 25.40 25.70 26.00 25.50 24.90 26.10 25.30 25.20 25.50 25.10 25.10 25.10 25.10 * 1
2018-01-11 12:46:33 27.00 26.30 25.90 25.30 25.30 25.80 27.00 27.80 27.70 28.30 26.60 26.20 26.10 26.70 26.00 26.10 * 25.20 25.30 25.40 25.50 26.40 26.40 25.70 25.00 26.30 25.30 25.10 25.40 25.00 25.00 25.00 25.10 * 1
2018-01-11 12:46:33 27.00 26.30 25.90 25.40 25.40 25.90 27.80 28.60 28.80 28.90 26.30 26.00 26.10 26.70 26.00 26.10 * 25.50 26.40 25.60 25.50 27.00 26.80 26.60 25.70 26.70 25.60 25.10 25.40 25.00 24.90 24.80 25.00 * 1
2018-01-11 12:46:34 27.10 26.40 26.00 25.40 25.40 25.40 26.80 26.70 26.10 25.90 25.50 26.00 26.10 26.80 26.00 26.20 * 25.70 27.40 25.80 25.70 26.90 26.90 27.10 26.20 27.30 26.30 25.20 25.40 25.00 24.90 24.90 25.00 * 1
2018-01-11 12:46:34 27.00 26.20 25.90 25.30 25.30 25.20 25.50 25.60 25.80 25.90 25.50 26.00 26.10 26.80 26.10 26.20 * 25.70 27.50 25.90 26.50 26.90 27.10 27.00 26.20 27.40 26.20 25.20 25.40 25.00 25.00 24.90 25.10 * 1
2018-01-11 12:46:34 27.00 26.20 25.90 25.30 25.30 25.20 25.50 25.60 25.80 25.90 25.50 26.00 26.10 26.80 26.00 26.20 * 25.80 27.60 26.50 27.40 27.30 27.30 27.20 26.10 27.60 26.10 25.20 25.40 25.00 24.90 24.90 25.10 * 1
2018-01-11 12:46:34 26.90 26.30 25.90 25.40 25.30 25.30 25.50 25.60 25.90 25.90 25.50 26.00 26.10 26.80 26.00 26.20 * 25.90 28.00 30.00 28.70 27.80 27.40 27.60 26.20 27.60 26.00 25.20 25.40 25.00 24.90 24.90 25.00 * 1
2018-01-11 12:46:35 26.90 26.20 25.90 25.30 25.30 25.20 25.50 25.60 25.90 25.90 25.60 26.10 26.10 26.80 26.00 26.10 * 26.00 28.50 31.50 29.00 27.90 27.40 27.70 26.20 27.80 26.00 25.30 25.40 25.00 25.00 25.00 25.10 * 1
2018-01-11 12:46:35 26.90 26.20 25.90 25.40 25.30 25.20 25.50 25.60 25.80 25.90 25.50 26.10 26.20 26.80 26.00 26.20 * 26.10 28.80 31.90 29.20 27.90 27.40 27.80 26.20 27.80 25.90 25.30 25.30 24.80 24.90 24.90 24.90 * 1
2018-01-11 12:46:35 27.00 26.30 25.90 25.30 25.30 25.20 25.50 25.50 25.80 25.90 25.60 26.10 26.20 26.80 26.00 26.20 * 26.20 28.80 32.00 29.20 28.00 27.50 27.90 26.20 27.80 25.90 25.20 25.30 24.80 24.90 24.90 24.90 * 1
2018-01-11 12:46:35 26.90 26.20 25.80 25.30 25.30 25.20 25.40 25.50 25.80 25.90 25.50 26.10 26.10 26.80 26.00 26.20 * 26.30 28.90 32.00 29.30 27.90 27.50 27.90 26.20 27.90 25.90 25.20 25.40 24.90 24.90 24.90 25.00 * 1
2018-01-11 12:46:36 26.90 26.20 25.80 25.30 25.30 25.10 25.40 25.60 25.80 25.90 25.50 26.10 26.20 26.90 26.10 26.30 * 26.30 29.10 32.20 29.40 28.00 27.50 28.10 26.30 28.00 26.00 25.30 25.40 24.90 25.00 24.90 25.10 * 1
2018-01-11 12:46:36 26.80 26.20 25.70 25.20 25.10 25.10 25.30 25.50 25.90 26.00 25.60 26.10 26.20 26.80 26.10 26.20 * 26.30 29.10 32.20 29.40 28.00 27.50 28.10 26.30 28.00 26.00 25.30 25.40 25.00 25.00 24.90 25.00 * 1
2018-01-11 12:46:36 26.80 26.20 25.70 25.20 25.10 25.10 25.30 25.50 25.70 25.90 25.50 26.10 26.10 26.80 26.10 26.20 * 26.30 29.10 32.20 29.50 28.00 27.50 28.10 26.30 28.10 26.10 25.40 25.50 25.10 25.10 25.00 25.10 * 1
2018-01-11 12:46:37 26.90 26.20 25.80 25.20 25.20 25.10 25.40 25.50 25.70 25.90 25.50 26.00 26.10 26.80 26.00 26.10 * 26.20 29.10 32.20 29.50 28.00 27.50 28.10 26.30 28.10 26.00 25.40 25.50 25.10 25.00 25.00 25.20 * 1
2018-01-11 12:46:37 26.90 26.20 25.90 25.30 25.30 25.10 25.40 25.50 25.70 25.90 25.50 26.00 26.10 26.80 26.00 26.10 * 26.20 29.10 32.30 29.60 28.00 27.50 28.10 26.30 28.10 26.00 25.30 25.50 25.00 25.00 25.00 25.20 * 1
2018-01-11 12:46:37 26.90 26.20 25.90 25.30 25.30 25.20 25.40 25.60 25.80 25.90 25.50 26.10 26.10 26.80 26.10 26.20 * 26.30 29.20 32.30 29.80 28.00 27.50 28.10 26.30 28.10 26.10 25.30 25.50 25.00 25.00 25.00 25.10 * 1
2018-01-11 12:46:37 27.00 26.30 25.90 25.40 25.30 25.30 25.60 25.60 25.80 25.90 25.50 26.10 26.10 26.80 26.10 26.20 * 26.30 29.20 32.30 29.80 28.00 27.50 28.10 26.30 28.20 26.10 25.30 25.50 25.10 25.10 25.00 25.20 * 1
2018-01-11 12:46:38 27.00 26.30 25.90 25.40 25.30 25.30 25.60 25.60 25.70 25.90 25.50 26.10 26.10 26.80 26.10 26.20 * 26.30 29.20 32.30 29.80 28.10 27.50 28.10 26.30 28.20 26.10 25.40 25.50 25.10 25.10 25.10 25.30 * 1
2018-01-11 12:46:38 27.00 26.30 25.90 25.40 25.30 25.30 25.60 25.60 25.80 25.90 25.60 26.10 26.10 26.80 26.10 26.20 * 26.30 29.20 32.30 29.80 28.10 27.50 28.10 26.30 28.20 26.10 25.40 25.50 25.10 25.10 25.00 25.20 * 1
2018-01-11 12:46:38 27.00 26.30 25.90 25.40 25.30 25.30 25.50 25.60 25.80 25.90 25.50 26.10 26.10 26.80 26.10 26.20 * 26.30 29.20 32.30 29.80 28.00 27.50 28.10 26.20 28.10 26.10 25.30 25.50 25.10 25.00 25.00 25.10 * 1
2018-01-11 12:46:38 27.00 26.30 25.90 25.40 25.40 25.30 25.60 25.60 25.80 25.90 25.50 26.10 26.10 26.90 26.10 26.20 * 26.30 29.10 32.20 29.80 28.00 27.50 28.10 26.20 28.10 26.00 25.30 25.40 25.10 25.00 25.00 25.10 * 1
2018-01-11 12:46:39 27.00 26.30 26.00 25.40 25.40 25.30 25.60 25.60 25.80 25.90 25.50 26.10 26.10 26.80 26.10 26.20 * 26.30 29.10 32.20 29.80 28.00 27.50 28.10 26.30 28.10 26.10 25.30 25.40 25.10 25.00 25.00 25.10 * 1
2018-01-11 12:46:39 27.00 26.30 25.90 25.40 25.40 25.30 25.60 25.70 25.80 25.90 25.60 26.10 26.10 26.80 26.10 26.20 * 26.30 29.20 32.20 29.80 28.00 27.50 28.10 26.30 28.10 26.10 25.40 25.40 25.10 25.00 25.00 25.10 * 1
2018-01-11 12:46:39 27.00 26.30 25.90 25.40 25.30 25.30 25.60 25.70 25.80 25.90 25.60 26.10 26.10 26.80 26.10 26.30 * 26.20 29.20 32.30 30.00 28.00 27.50 28.10 26.20 28.10 26.20 25.40 25.50 25.10 25.00 25.00 25.10 * 1
2018-01-11 12:46:40 27.00 26.30 25.90 25.30 25.30 25.20 25.60 25.60 25.70 25.90 25.60 26.00 26.10 26.80 26.00 26.20 * 26.30 29.20 32.40 30.00 28.00 27.50 28.10 26.30 28.20 26.20 25.40 25.50 25.10 25.10 25.10 25.20 * 1
2018-01-11 12:46:40 27.00 26.20 25.90 25.30 25.30 25.20 25.60 25.60 25.70 25.90 25.50 26.00 26.10 26.80 26.00 26.20 * 26.30 29.20 32.40 30.00 28.00 27.50 28.10 26.30 28.30 26.10 25.30 25.50 25.10 25.10 25.10 25.30 * 1
2018-01-11 12:46:40 27.00 26.20 25.90 25.40 25.40 25.20 25.60 25.60 25.70 25.90 25.50 26.10 26.10 26.80 26.10 26.20 * 26.20 29.30 32.40 30.00 28.00 27.50 28.10 26.30 28.20 26.10 25.30 25.50 25.00 25.00 25.10 25.20 * 1
2018-01-11 12:46:40 27.00 26.30 26.00 25.40 25.40 25.30 25.60 25.70 25.70 25.90 25.50 26.10 26.10 26.80 26.00 26.10 * 26.30 29.30 32.40 29.90 28.10 27.60 28.20 26.30 28.10 26.10 25.30 25.50 25.00 25.00 25.00 25.10 * 1
2018-01-11 12:46:41 27.00 26.40 26.00 25.50 25.40 25.30 25.60 25.70 25.70 25.80 25.50 26.00 26.10 26.80 26.00 26.10 * 26.30 29.30 32.40 29.90 28.10 27.50 28.10 26.30 28.10 26.00 25.30 25.40 25.00 25.00 25.00 25.10 * 1
2018-01-11 12:46:41 27.00 26.30 26.00 25.40 25.40 25.30 25.60 25.70 25.80 25.80 25.50 26.00 26.10 26.80 26.00 26.20 * 26.30 29.20 32.30 29.90 28.10 27.50 28.10 26.30 28.10 26.00 25.30 25.40 25.10 25.00 25.00 25.10 * 1
2018-01-11 12:46:41 26.90 26.20 25.90 25.30 25.30 25.20 25.50 25.50 25.80 25.90 25.50 26.00 26.10 26.80 26.00 26.20 * 26.30 29.10 32.30 29.90 28.10 27.50 28.20 26.30 28.20 26.10 25.30 25.40 25.10 25.00 25.00 25.10 * 1
2018-01-11 12:46:41 26.90 26.20 25.80 25.30 25.20 25.10 25.40 25.50 25.80 25.90 25.50 26.00 26.10 26.80 26.00 26.20 * 26.20 28.90 32.20 30.30 28.20 27.60 28.20 26.20 28.30 26.20 25.30 25.50 25.10 25.00 25.00 25.20 * 1
2018-01-11 12:46:42 26.90 26.20 25.80 25.30 25.20 25.20 25.40 25.60 25.80 25.90 25.50 26.00 26.10 26.80 26.00 26.20 * 26.00 28.20 30.70 30.90 28.70 28.20 28.40 26.20 28.40 26.10 25.30 25.50 25.00 25.00 25.00 25.20 * 1
2018-01-11 12:46:42 26.90 26.30 25.90 25.30 25.30 25.20 25.40 25.60 25.70 25.80 25.40 26.00 26.00 26.70 25.90 26.10 * 26.00 28.10 30.00 31.00 29.10 28.50 28.50 26.30 28.40 26.00 25.30 25.50 25.00 25.00 25.00 25.10 * 1
2018-01-11 12:46:42 26.90 26.30 25.90 25.30 25.30 25.20 25.40 25.60 25.80 26.00 25.60 26.10 26.10 26.90 26.10 26.30 * 26.00 28.10 30.20 31.20 29.20 28.60 28.50 26.30 28.40 26.00 25.30 25.40 25.00 24.90 24.90 25.10 * 1
2018-01-11 12:46:42 26.90 26.30 25.90 25.30 25.30 25.20 25.50 25.60 25.80 25.90 25.60 26.00 26.10 26.80 26.00 26.30 * 25.90 28.10 30.50 31.20 29.20 28.60 28.40 26.30 28.40 26.10 25.30 25.40 25.10 25.00 25.00 25.10 * 1
2018-01-11 12:46:43 27.00 26.30 26.00 25.40 25.40 25.30 25.60 25.60 25.80 25.90 25.50 26.00 26.10 26.80 26.00 26.20 * 26.00 28.20 31.20 31.30 29.10 28.60 28.50 26.20 28.40 26.00 25.30 25.40 25.10 25.00 25.00 25.10 * 1
2018-01-11 12:46:43 26.90 26.30 26.00 25.40 25.30 25.30 25.50 25.60 25.80 25.90 25.50 26.00 26.10 26.90 26.00 26.20 * 26.00 28.30 31.40 31.40 29.00 28.60 28.40 26.20 28.40 26.00 25.20 25.40 25.00 25.00 25.00 25.00 * 1
2018-01-11 12:46:43 27.00 26.30 26.00 25.40 25.30 25.30 25.50 25.60 25.70 25.90 25.40 26.00 26.10 26.80 26.00 26.20 * 26.00 28.20 31.50 31.50 29.10 28.60 28.40 26.20 28.30 26.00 25.20 25.40 25.00 24.90 24.90 25.00 * 1
2018-01-11 12:46:43 27.00 26.30 26.00 25.40 25.40 25.30 25.60 25.60 25.60 25.80 25.40 26.00 26.00 26.70 25.90 26.10 * 26.00 28.10 31.10 31.10 29.00 28.50 28.40 26.20 28.30 26.10 25.30 25.50 25.00 25.00 25.00 25.10 * 1
