2018-01-11 12:49:12 27.00 26.30 25.90 25.40 25.60 27.90 27.00 25.90 27.20 25.70 25.30 25.90 26.00 26.80 26.00 26.10 * 25.30 25.50 25.60 25.80 26.10 25.60 25.30 25.10 25.40 25.20 25.10 25.40 24.90 25.00 24.90 25.10 * 1
2018-01-11 12:49:13 27.00 26.40 26.00 25.50 25.60 27.90 27.20 26.00 27.20 25.70 25.30 25.90 25.90 26.70 26.00 26.00 * 25.30 25.40 25.50 25.80 26.10 25.50 25.30 25.00 25.30 25.20 25.20 25.40 25.00 25.00 25.00 25.10 * 1
2018-01-11 12:49:13 27.10 26.50 26.10 25.60 25.70 27.90 27.40 26.10 27.40 25.80 25.40 26.00 26.00 26.80 26.00 26.10 * 25.30 25.40 25.50 25.80 26.10 25.50 25.30 25.00 25.30 25.30 25.20 25.40 25.00 25.00 25.00 25.10 * 1
2018-01-11 12:49:13 27.10 26.50 26.10 25.60 25.70 28.10 27.30 26.00 27.30 25.80 25.40 26.00 26.00 26.80 25.90 26.00 * 25.20 25.30 25.70 25.90 25.90 25.40 25.20 25.00 25.40 25.20 25.20 25.30 25.00 25.00 25.00 25.10 * 1
2018-01-11 12:49:13 27.10 26.40 26.10 25.50 26.20 28.20 26.80 25.90 26.40 25.90 25.50 26.10 26.20 26.90 26.10 26.20 * 25.20 25.40 26.00 25.80 25.80 25.40 25.20 25.00 25.30 25.20 25.20 25.40 25.00 24.90 24.90 25.00 * 1
2018-01-11 12:49:14 27.00 26.30 26.10 25.60 27.10 27.80 26.10 25.80 26.10 25.90 25.40 26.00 26.10 26.80 26.00 26.10 * 25.20 25.50 26.20 25.70 25.60 25.40 25.20 25.00 25.40 25.20 25.20 25.40 25.00 25.00 25.00 25.00 * 1
2018-01-11 12:49:14 27.00 26.40 26.10 25.80 27.90 27.70 26.70 25.80 26.70 25.90 25.50 26.10 26.10 26.80 26.00 26.20 * 25.30 25.50 26.30 25.60 25.60 25.40 25.20 25.00 25.40 25.20 25.20 25.40 25.00 25.00 25.00 25.10 * 1
2018-01-11 12:49:14 27.00 26.40 26.10 25.80 27.30 28.80 26.70 25.80 27.00 26.00 25.60 26.10 26.20 26.90 26.10 26.30 * 25.40 25.60 26.40 25.70 25.60 26.10 25.40 25.00 25.60 25.20 25.20 25.40 25.00 24.90 24.90 25.00 * 1
2018-01-11 12:49:14 27.00 26.40 26.10 25.60 26.10 27.30 26.60 25.90 26.90 26.20 25.60 26.10 26.30 27.00 26.20 26.30 * 25.30 25.40 26.50 26.40 27.10 27.60 26.40 25.20 26.30 25.30 25.20 25.40 25.00 24.90 24.90 25.00 * 1
2018-01-11 12:49:15 27.00 26.40 26.00 25.40 25.50 25.40 26.10 25.90 25.90 26.00 25.60 26.10 26.20 26.90 26.10 26.30 * 25.20 25.40 26.10 26.40 27.50 28.00 27.30 25.40 28.00 25.80 25.30 25.40 25.00 25.00 25.00 25.00 * 1
2018-01-11 12:49:15 27.10 26.50 26.10 25.50 25.50 25.40 25.70 25.80 25.80 25.90 25.60 26.10 26.20 26.90 26.10 26.30 * 25.20 25.30 25.60 25.90 27.20 27.90 27.90 25.80 28.40 26.50 25.30 25.40 25.00 25.00 25.00 25.10 * 1
2018-01-11 12:49:15 27.10 26.40 26.10 25.50 25.50 25.30 25.70 25.80 25.90 26.00 25.60 26.20 26.20 27.00 26.20 26.30 * 25.30 25.30 25.50 25.80 27.40 27.90 28.10 26.20 28.50 27.00 25.30 25.40 25.00 25.00 25.00 25.10 * 1
2018-01-11 12:49:15 27.10 26.40 26.00 25.50 25.50 25.30 25.70 25.70 25.90 26.00 25.60 26.20 26.30 27.00 26.20 26.30 * 25.30 25.40 26.00 26.70 27.90 28.10 28.20 26.50 28.50 27.10 25.30 25.40 25.00 25.00 25.00 25.10 * 1
2018-01-11 12:49:16 27.00 26.40 26.00 25.50 25.50 25.30 25.60 25.70 25.80 25.90 25.60 26.10 26.20 26.90 26.10 26.40 * 25.30 25.40 26.30 26.70 27.80 28.30 28.20 26.20 28.30 26.30 25.20 25.40 25.00 24.90 24.90 25.00 * 1
2018-01-11 12:49:16 27.00 26.40 26.00 25.40 25.50 25.40 25.60 25.70 25.90 26.00 25.60 26.10 26.20 27.00 26.20 26.30 * 25.30 25.60 26.60 26.80 27.80 28.30 28.10 26.00 28.30 26.30 25.20 25.40 25.00 24.90 24.90 25.00 * 1
2018-01-11 12:49:16 27.00 26.30 26.00 25.40 25.40 25.30 25.60 25.70 25.90 26.00 25.60 26.10 26.20 27.00 26.10 26.30 * 25.30 25.70 26.70 26.90 27.90 28.00 28.10 26.10 28.30 26.60 25.20 25.40 24.90 24.90 24.90 25.00 * 1
2018-01-11 12:49:17 27.00 26.40 26.00 25.40 25.40 25.30 25.60 25.70 25.80 25.90 25.60 26.10 26.20 26.90 26.10 26.30 * 25.40 25.70 26.70 27.00 28.00 27.90 28.10 26.30 28.30 26.90 25.20 25.40 24.90 25.00 24.90 25.00 * 1
2018-01-11 12:49:17 27.00 26.40 26.00 25.40 25.40 25.30 25.60 25.70 25.90 26.00 25.70 26.20 26.30 27.00 26.20 26.40 * 25.50 25.90 26.80 27.10 28.10 27.80 28.30 26.90 28.40 27.20 25.30 25.40 25.00 25.00 24.90 25.00 * 1
2018-01-11 12:49:17 27.00 26.40 26.10 25.50 25.40 25.30 25.60 25.70 26.00 26.10 25.60 26.20 26.20 27.00 26.20 26.40 * 25.40 25.80 26.80 27.10 28.10 27.70 28.30 27.00 28.50 27.30 25.40 25.40 25.10 25.00 25.00 25.10 * 1
2018-01-11 12:49:17 27.10 26.50 26.10 25.50 25.50 25.40 25.70 25.80 25.90 26.00 25.60 26.20 26.20 26.90 26.20 26.30 * 25.30 25.60 26.70 27.00 28.00 27.60 28.20 26.80 28.50 27.20 25.40 25.40 25.10 25.00 25.00 25.10 * 1
2018-01-11 12:49:18 27.10 26.40 26.10 25.50 25.50 25.40 25.70 25.80 25.90 26.00 25.60 26.20 26.20 26.90 26.10 26.30 * 25.40 25.50 26.60 27.00 28.00 27.60 28.20 26.70 28.40 27.10 25.30 25.30 25.00 24.90 24.90 25.00 * 1
2018-01-11 12:49:18 27.10 26.50 26.10 25.50 25.50 25.40 25.70 25.80 25.90 26.00 25.60 26.20 26.20 26.90 26.10 26.30 * 25.40 25.50 26.60 27.00 28.00 27.50 28.20 26.70 28.40 27.00 25.30 25.40 25.00 24.90 25.00 25.00 * 1
2018-01-11 12:49:18 27.10 26.50 26.10 25.60 25.60 25.50 25.80 25.80 25.80 25.90 25.50 26.10 26.10 26.90 26.10 26.20 * 25.40 25.60 26.70 27.20 28.10 27.50 28.30 26.80 28.40 27.10 25.30 25.40 25.00 24.90 25.00 25.00 * 1
2018-01-11 12:49:18 27.10 26.50 26.10 25.50 25.50 25.40 25.80 25.80 25.90 25.90 25.60 26.10 26.20 26.90 26.10 26.30 * 25.40 25.60 26.60 27.10 28.10 27.50 28.40 26.90 28.60 27.50 25.50 25.40 25.00 25.00 25.00 25.00 * 1
2018-01-11 12:49:19 27.00 26.40 26.00 25.40 25.40 25.30 25.70 25.80 25.90 26.00 25.60 26.20 26.20 26.90 26.10 26.30 * 25.40 25.60 26.60 27.10 28.20 27.70 28.30 27.10 28.50 27.70 25.60 25.50 25.10 25.10 25.10 25.10 * 1
2018-01-11 12:49:19 26.90 26.20 25.90 25.30 25.30 25.20 25.50 25.60 25.90 26.00 25.60 26.20 26.20 26.90 26.10 26.30 * 25.50 25.90 26.80 27.40 28.30 27.90 28.30 27.90 28.50 28.10 25.70 25.50 25.10 25.10 25.10 25.20 * 1
2018-01-11 12:49:19 26.90 26.20 25.90 25.30 25.30 25.20 25.50 25.60 25.90 25.90 25.50 26.10 26.10 26.90 26.10 26.20 * 25.60 26.00 26.90 27.40 28.40 27.90 28.50 28.30 28.70 28.50 25.90 25.60 25.20 25.10 25.10 25.20 * 1
2018-01-11 12:49:19 26.90 26.20 25.90 25.30 25.30 25.20 25.40 25.60 25.80 25.90 25.50 26.10 26.10 26.90 26.10 26.20 * 25.60 25.90 26.90 27.40 28.40 27.80 28.50 28.50 28.70 28.80 26.50 25.60 25.10 25.10 25.10 25.10 * 1
2018-01-11 12:49:20 26.90 26.30 25.90 25.30 25.30 25.20 25.50 25.60 25.80 25.90 25.50 26.10 26.10 26.90 26.10 26.20 * 25.50 25.90 26.80 27.40 28.40 27.90 28.50 28.50 28.70 28.70 26.50 25.60 25.10 25.10 25.00 25.10 * 1
2018-01-11 12:49:20 27.00 26.40 25.90 25.40 25.40 25.30 25.60 25.70 25.80 26.00 25.50 26.10 26.10 26.90 26.10 26.30 * 25.40 25.80 26.70 27.30 28.30 27.90 28.40 28.40 28.80 28.70 26.40 25.60 25.10 25.10 25.00 25.10 * 1
2018-01-11 12:49:20 27.10 26.40 26.00 25.50 25.50 25.30 25.70 25.80 25.80 26.00 25.50 26.00 26.10 26.90 26.10 26.30 * 25.40 25.80 26.70 27.30 28.20 27.90 28.30 28.30 28.70 28.70 26.50 25.60 25.10 25.10 25.10 25.20 * 1
2018-01-11 12:49:20 27.10 26.40 26.00 25.40 25.50 25.30 25.70 25.80 25.80 25.90 25.50 26.00 26.10 26.90 26.00 26.30 * 25.40 25.80 26.70 27.20 28.10 27.80 28.30 28.20 28.70 28.70 26.70 25.50 25.00 25.00 25.00 25.10 * 1
2018-01-11 12:49:21 27.10 26.40 26.10 25.50 25.50 25.40 25.70 25.80 25.90 25.90 25.50 26.10 26.10 26.90 26.00 26.30 * 25.40 25.80 26.70 27.30 28.10 27.90 28.30 28.40 28.80 28.70 26.80 25.50 25.00 25.10 25.00 25.20 * 1
2018-01-11 12:49:21 27.10 26.50 26.10 25.50 25.50 25.40 25.80 25.80 25.80 25.90 25.40 26.10 26.10 26.90 26.00 26.20 * 25.50 25.80 26.70 27.40 28.30 28.00 28.40 28.50 28.80 28.80 26.90 25.60 25.10 25.10 25.00 25.10 * 1
2018-01-11 12:49:21 27.00 26.30 26.00 25.40 25.40 25.30 25.60 25.70 25.90 26.00 25.50 26.20 26.20 27.00 26.10 26.30 * 25.60 25.90 26.80 27.50 28.40 28.10 28.60 28.60 28.70 28.70 26.90 25.40 25.00 25.00 24.90 25.00 * 1
2018-01-11 12:49:22 26.90 26.20 25.90 25.40 25.30 25.20 25.50 25.60 25.90 26.10 25.60 26.20 26.20 27.00 26.20 26.40 * 25.60 26.00 26.90 27.50 28.50 28.10 28.60 28.70 28.70 28.90 27.10 25.50 25.00 25.00 25.00 25.10 * 1
2018-01-11 12:49:22 26.90 26.30 25.90 25.40 25.30 25.20 25.50 25.60 26.00 26.00 25.70 26.20 26.30 27.00 26.30 26.40 * 25.50 26.00 26.90 27.40 28.40 28.00 28.50 28.70 28.80 28.90 27.10 25.50 25.10 25.00 25.00 25.10 * 1
2018-01-11 12:49:22 26.90 26.30 25.90 25.40 25.30 25.20 25.50 25.60 26.00 26.00 25.70 26.30 26.30 27.00 26.30 26.40 * 25.50 25.80 26.80 27.40 28.20 28.00 28.40 28.60 28.80 28.90 27.10 25.50 25.10 25.00 25.00 25.10 * 1
2018-01-11 12:49:22 26.90 26.40 26.00 25.40 25.30 25.20 25.60 25.70 26.00 26.10 25.70 26.20 26.30 27.10 26.20 26.40 * 25.50 25.80 26.80 27.40 28.30 28.10 28.50 28.60 28.80 28.90 27.10 25.50 25.00 25.10 25.00 25.10 * 1
2018-01-11 12:49:23 27.00 26.40 26.00 25.40 25.40 25.30 25.60 25.70 25.90 25.90 25.60 26.10 26.10 26.90 26.10 26.30 * 25.50 26.00 26.80 27.50 28.30 28.00 28.50 28.60 28.80 28.90 27.10 25.50 25.00 25.00 25.10 25.10 * 1
2018-01-11 12:49:23 27.00 26.40 26.10 25.40 25.50 25.30 25.60 25.80 25.80 26.00 25.60 26.10 26.10 27.00 26.20 26.30 * 25.50 25.90 26.90 27.50 28.40 28.10 28.50 28.50 28.90 28.80 27.10 25.50 25.10 25.10 25.00 25.10 * 1
2018-01-11 12:49:23 26.90 26.30 25.90 25.40 25.30 25.20 25.60 25.70 25.90 26.00 25.70 26.20 26.20 27.10 26.30 26.40 * 25.50 25.80 26.80 27.40 28.30 28.00 28.50 28.40 28.90 28.80 27.10 25.50 25.10 25.00 25.00 25.10 * 1
2018-01-11 12:49:23 26.80 26.20 25.90 25.30 25.30 25.20 25.50 25.60 26.00 26.00 25.70 26.20 26.20 27.10 26.30 26.50 * 25.40 25.80 26.80 27.40 28.30 28.00 28.50 28.50 29.00 28.80 27.20 25.50 25.10 25.00 25.10 25.20 * 1
2018-01-11 12:49:24 26.80 26.20 25.90 25.30 25.30 25.20 25.40 25.60 26.00 26.00 25.60 26.20 26.10 27.00 26.10 26.40 * 25.40 25.80 26.80 27.50 28.30 28.00 28.50 28.60 28.90 28.90 27.20 25.50 25.10 25.10 25.10 25.30 * 1
2018-01-11 12:49:24 26.90 26.20 25.90 25.30 25.30 25.20 25.50 25.60 25.90 25.90 25.60 26.10 26.20 27.00 26.00 26.30 * 25.50 25.90 26.90 27.60 28.40 28.10 28.60 28.60 28.90 28.90 27.10 25.50 25.10 25.10 25.10 25.20 * 1
2018-01-11 12:49:24 26.90 26.30 26.00 25.40 25.40 25.20 25.50 25.70 25.80 25.90 25.50 26.10 26.10 26.90 26.00 26.20 * 25.50 25.90 26.90 27.60 28.40 28.10 28.60 28.10 28.60 27.80 25.50 25.40 25.00 25.00 25.00 25.10 * 1
2018-01-11 12:49:24 27.10 26.50 26.10 25.50 25.50 25.40 25.70 25.80 25.70 25.90 25.40 26.10 26.00 26.80 26.00 26.10 * 25.40 25.60 26.50 27.40 28.30 28.10 28.40 27.10 28.30 26.60 25.20 25.50 25.00 25.00 25.00 25.10 * 1
2018-01-11 12:49:25 27.10 26.40 26.10 25.50 25.40 25.40 25.70 25.90 25.80 25.90 25.40 26.10 26.00 26.90 26.10 26.10 * 25.40 25.40 26.00 27.30 28.30 28.00 27.90 26.00 27.80 25.80 25.30 25.50 25.10 25.10 25.00 25.10 * 1
2018-01-11 12:49:25 27.10 26.40 26.10 25.50 25.40 25.50 26.00 25.90 26.30 26.00 25.50 26.10 26.20 26.90 26.20 26.30 * 25.60 25.60 26.10 27.70 28.60 28.40 26.80 25.50 26.50 25.40 25.30 25.50 25.00 25.00 25.00 25.10 * 1
2018-01-11 12:49:25 27.00 26.40 26.00 25.50 25.40 26.20 26.00 25.90 26.90 26.00 25.50 26.10 26.10 26.90 26.00 26.20 * 25.60 25.60 26.60 27.90 27.90 27.80 26.10 25.50 25.90 25.40 25.20 25.50 25.00 25.00 25.00 25.10 * 1
2018-01-11 12:49:26 27.00 26.40 26.00 25.50 25.80 28.50 26.80 25.90 27.30 26.00 25.50 26.10 26.10 26.90 26.10 26.20 * 25.60 25.70 27.40 28.00 26.70 27.20 25.80 25.30 25.70 25.30 25.10 25.40 24.90 24.90 24.90 25.00 * 1
2018-01-11 12:49:26 26.90 26.30 26.00 25.70 28.70 28.90 26.20 25.80 26.60 26.00 25.50 26.10 26.10 26.90 26.10 26.20 * 25.50 26.00 28.00 28.00 26.00 26.90 25.60 25.20 25.50 25.30 25.10 25.30 24.90 24.80 24.90 24.90 * 1
2018-01-11 12:49:26 26.90 26.40 26.00 27.10 31.40 27.60 25.80 25.70 26.10 26.10 25.70 26.30 26.30 27.00 26.30 26.50 * 25.50 26.40 27.30 27.90 25.70 25.70 25.50 25.20 25.50 25.20 25.10 25.30 24.90 24.90 24.90 24.90 * 1
2018-01-11 12:49:26 27.10 27.10 26.40 29.20 30.00 26.10 25.70 25.80 26.00 26.10 25.70 26.20 26.20 27.00 26.20 26.40 * 25.40 26.40 26.80 27.70 25.70 25.50 25.30 25.10 25.40 25.30 25.10 25.30 24.90 24.90 24.80 24.90 * 1
2018-01-11 12:49:27 27.70 28.10 27.80 29.10 27.70 25.40 25.60 25.70 26.00 26.00 25.60 26.20 26.10 27.00 26.10 26.30 * 25.40 26.40 26.70 27.60 25.60 25.50 25.30 25.00 25.40 25.30 25.20 25.40 25.00 25.00 24.90 25.00 * 1
2018-01-11 12:49:27 27.90 28.20 28.20 28.90 27.20 25.30 25.60 25.70 25.90 26.00 25.60 26.20 26.10 26.90 26.10 26.30 * 25.50 26.60 26.70 27.60 25.60 25.50 25.30 25.10 25.50 25.30 25.20 25.40 25.00 25.00 24.90 25.00 * 1
2018-01-11 12:49:27 28.00 28.20 28.30 28.90 27.00 25.30 25.60 25.70 25.90 26.00 25.70 26.20 26.10 26.90 26.10 26.30 * 25.70 26.80 27.00 27.70 25.80 25.70 25.50 25.30 25.50 25.30 25.20 25.40 25.00 25.00 25.00 25.10 * 1
2018-01-11 12:49:27 28.00 28.20 28.40 28.90 27.00 25.40 25.70 25.80 25.90 25.90 25.60 26.10 26.20 26.90 26.10 26.30 * 25.70 26.80 27.00 27.80 25.80 25.80 25.50 25.30 25.50 25.30 25.20 25.30 25.00 24.90 25.00 25.10 * 1
2018-01-11 12:49:28 28.00 28.10 28.40 28.80 27.00 25.30 25.60 25.60 25.80 25.80 25.50 26.00 26.10 26.80 26.10 26.20 * 25.60 26.70 26.90 27.70 25.70 25.70 25.50 25.20 25.50 25.30 25.10 25.30 25.00 24.90 25.00 25.00 * 1
2018-01-11 12:49:28 28.00 28.20 28.50 28.80 27.10 25.30 25.60 25.60 25.70 25.80 25.40 26.00 26.00 26.70 26.00 26.10 * 25.60 26.80 26.80 27.70 25.70 25.60 25.40 25.10 25.50 25.30 25.20 25.40 25.00 25.00 25.00 25.10 * 1
2018-01-11 12:49:28 28.00 28.30 28.60 28.80 27.30 25.30 25.60 25.70 25.70 25.80 25.40 26.00 26.00 26.70 26.00 26.10 * 25.70 26.90 26.80 27.70 25.70 25.50 25.40 25.20 25.50 25.30 25.10 25.40 25.00 25.00 24.90 25.00 * 1
2018-01-11 12:49:29 28.10 28.40 28.60 28.80 27.40 25.30 25.60 25.70 25.80 25.90 25.40 26.00 26.00 26.70 26.10 26.10 * 25.80 27.10 26.90 27.80 25.70 25.60 25.40 25.20 25.50 25.40 25.10 25.40 24.90 24.90 24.90 25.00 * 1
2018-01-11 12:49:37 26.90 26.30 26.00 25.40 25.70 28.00 27.80 26.10 28.80 26.40 25.50 26.10 26.10 26.90 26.00 26.20 * 25.40 25.60 25.60 25.70 26.20 25.90 25.40 25.10 25.40 25.20 25.10 25.30 24.90 24.80 24.90 24.90 * 1
2018-01-11 12:49:37 26.90 26.30 26.00 25.40 25.30 26.50 28.80 26.30 28.80 27.10 25.60 26.10 26.10 26.90 26.10 26.20 * 25.50 25.60 25.70 25.70 26.30 26.00 25.70 25.30 25.70 25.20 25.10 25.30 24.90 24.80 24.80 25.00 * 1
2018-01-11 12:49:37 27.00 26.30 26.00 25.40 25.40 25.40 27.60 27.90 28.00 28.20 25.80 26.00 26.10 26.90 26.10 26.30 * 25.50 25.60 25.70 25.80 26.20 25.80 25.80 25.30 25.80 25.30 25.20 25.40 24.90 24.90 24.90 25.00 * 1
2018-01-11 12:49:38 26.90 26.30 25.90 25.40 25.40 25.30 26.60 28.20 27.00 28.70 26.30 26.20 26.10 26.90 26.10 26.30 * 25.50 25.60 25.60 25.70 25.90 25.90 25.80 25.30 25.90 25.40 25.20 25.40 25.00 25.00 24.90 25.10 * 1
2018-01-11 12:49:38 26.90 26.30 25.90 25.40 25.40 25.30 26.10 28.30 26.60 28.90 26.80 26.60 26.20 27.00 26.20 26.30 * 25.40 25.50 25.60 25.60 25.60 25.80 26.00 25.20 26.00 25.40 25.20 25.40 25.00 25.00 24.90 25.10 * 1
2018-01-11 12:49:38 27.00 26.30 26.00 25.40 25.40 25.30 25.90 28.20 26.20 28.30 27.20 26.10 26.10 26.90 26.10 26.20 * 25.40 25.50 25.60 25.60 25.70 25.70 26.00 25.20 26.10 25.30 25.20 25.40 25.00 24.90 24.90 25.00 * 1
2018-01-11 12:49:39 27.00 26.30 26.00 25.40 25.40 25.20 25.80 27.80 26.20 27.90 27.40 26.10 26.10 26.90 26.10 26.20 * 25.40 25.50 25.60 25.60 25.60 25.60 26.00 25.20 26.10 25.30 25.30 25.40 25.00 25.10 25.00 25.10 * 1
2018-01-11 12:49:39 26.90 26.20 25.90 25.30 25.30 25.20 25.70 27.40 26.20 27.80 27.80 26.30 26.10 27.00 26.10 26.30 * 25.40 25.50 25.60 25.60 25.50 25.60 26.00 25.20 26.20 25.50 25.30 25.50 25.10 25.10 25.00 25.10 * 1
2018-01-11 12:49:39 26.80 26.20 25.80 25.30 25.20 25.20 25.50 27.30 26.00 27.70 28.30 26.40 26.10 26.90 26.10 26.20 * 25.50 25.50 25.60 25.60 25.60 25.70 26.10 25.30 26.20 25.70 25.30 25.50 25.10 25.00 25.10 25.10 * 1
2018-01-11 12:49:39 26.80 26.20 25.80 25.20 25.20 25.10 25.40 27.10 25.90 27.30 28.60 26.50 26.00 26.80 26.00 26.20 * 25.50 25.50 25.60 25.60 25.60 25.70 25.90 25.50 26.20 25.80 25.30 25.50 25.10 25.00 25.00 25.10 * 1
2018-01-11 12:49:40 26.90 26.20 25.80 25.20 25.30 25.10 25.50 26.80 25.90 26.60 28.90 26.80 26.10 26.80 26.10 26.10 * 25.40 25.50 25.60 25.60 25.60 25.60 25.90 25.50 26.10 25.80 25.30 25.40 25.10 25.10 25.00 25.10 * 1
2018-01-11 12:49:40 26.90 26.20 25.90 25.30 25.30 25.10 25.50 26.50 25.90 26.60 29.00 26.90 26.10 26.80 26.10 26.20 * 25.40 25.40 25.50 25.60 25.60 25.60 26.00 25.40 26.00 25.80 25.20 25.40 25.00 25.00 25.00 25.10 * 1
2018-01-11 12:49:40 27.00 26.30 25.90 25.40 25.30 25.30 25.50 26.70 25.80 26.70 28.90 26.70 26.10 26.80 26.10 26.20 * 25.30 25.40 25.50 25.60 25.50 25.50 26.00 25.40 26.00 25.70 25.10 25.40 25.00 25.00 24.90 25.10 * 1
2018-01-11 12:49:40 27.00 26.30 26.00 25.40 25.30 25.30 25.60 27.10 25.80 27.00 28.90 26.50 26.10 26.90 26.10 26.20 * 25.30 25.40 25.50 25.50 25.50 25.50 25.90 25.30 26.00 25.70 25.20 25.40 25.00 25.00 24.90 25.10 * 1
2018-01-11 12:49:41 26.90 26.40 26.00 25.40 25.40 25.30 25.60 27.30 25.80 27.30 28.80 26.50 26.00 26.90 26.10 26.20 * 25.30 25.30 25.50 25.50 25.50 25.50 26.00 25.30 26.00 25.60 25.20 25.40 25.00 25.00 25.00 25.10 * 1
2018-01-11 12:49:41 27.00 26.40 26.00 25.40 25.40 25.30 25.60 27.50 26.00 27.60 28.70 26.60 26.00 26.80 26.00 26.20 * 25.20 25.30 25.40 25.40 25.40 25.50 26.00 25.20 26.30 25.30 25.20 25.40 25.10 25.00 24.90 25.10 * 1
2018-01-11 12:49:41 27.10 26.40 26.10 25.50 25.40 25.30 25.70 27.50 26.30 27.90 28.50 26.60 26.10 26.80 26.00 26.30 * 25.20 25.30 25.40 25.50 25.50 25.50 26.20 25.20 26.40 25.30 25.20 25.40 25.00 25.00 25.00 25.10 * 1
2018-01-11 12:49:41 27.00 26.30 26.00 25.40 25.40 25.30 26.80 27.60 27.00 28.00 28.40 26.60 26.10 26.90 26.10 26.30 * 25.40 25.40 25.50 25.50 25.60 25.70 26.20 25.20 26.40 25.40 25.20 25.40 25.00 25.00 25.00 25.10 * 1
