2018-01-11 12:45:41 26.70 26.10 25.80 25.20 26.30 27.90 26.50 25.90 26.10 25.80 25.40 25.90 26.00 26.70 25.90 26.10 * 25.30 25.50 26.10 26.70 26.00 26.10 25.30 25.00 25.50 25.20 25.20 25.40 25.00 25.00 25.00 25.00 * 1
2018-01-11 12:45:42 26.70 26.10 25.80 25.20 25.40 27.00 27.70 26.70 28.30 27.90 25.90 26.00 26.10 26.70 26.00 26.20 * 25.30 25.40 25.90 27.10 26.40 27.00 25.30 25.00 25.80 25.40 25.20 25.40 25.00 25.00 25.00 25.00 * 1
2018-01-11 12:45:42 26.70 26.20 25.80 25.20 25.20 25.50 27.30 27.90 27.20 28.80 28.90 27.60 26.10 26.70 26.00 26.10 * 25.30 25.40 25.60 27.00 26.50 27.80 25.80 25.20 26.30 25.40 25.10 25.30 24.90 24.80 24.90 25.00 * 1
2018-01-11 12:45:42 26.70 26.20 25.80 25.20 25.20 25.10 25.90 27.70 26.20 28.10 30.70 30.00 26.20 26.70 26.00 26.10 * 25.30 25.50 25.50 26.50 27.30 28.40 26.70 25.30 26.60 25.30 25.10 25.30 24.90 24.80 24.90 25.00 * 1
2018-01-11 12:45:42 26.80 26.20 25.90 25.30 25.30 25.10 25.60 26.80 26.10 27.60 29.80 30.70 26.20 26.80 26.00 26.00 * 25.30 25.40 25.50 26.60 27.70 28.40 26.80 25.30 26.60 25.30 25.10 25.30 24.90 24.80 24.80 24.90 * 1
2018-01-11 12:45:43 26.90 26.30 25.90 25.30 25.30 25.30 25.60 26.90 26.10 27.70 30.00 30.50 26.20 26.80 26.00 26.00 * 25.30 25.40 25.50 26.70 27.80 28.40 26.80 25.30 26.60 25.30 25.10 25.30 24.90 24.90 24.90 25.00 * 1
2018-01-11 12:45:43 26.90 26.30 25.90 25.30 25.30 25.20 25.60 26.70 26.00 27.40 29.40 30.80 26.40 26.70 26.00 26.10 * 25.20 25.40 25.50 26.60 27.70 28.50 26.80 25.30 26.60 25.30 25.10 25.30 24.90 24.90 24.80 25.00 * 1
2018-01-11 12:45:43 26.80 26.20 25.80 25.30 25.20 25.10 25.50 26.40 25.80 26.90 28.80 30.90 26.70 26.60 25.90 26.00 * 25.20 25.40 25.50 26.50 27.70 28.50 26.80 25.30 26.70 25.40 25.20 25.40 25.00 24.90 24.90 25.10 * 1
2018-01-11 12:45:43 26.80 26.20 25.80 25.30 25.20 25.10 25.40 26.10 25.80 26.80 28.50 30.80 26.90 26.70 25.90 26.10 * 25.30 25.40 25.50 26.50 27.60 28.50 26.80 25.30 26.80 25.40 25.20 25.40 25.00 24.90 24.90 25.00 * 1
2018-01-11 12:45:44 26.70 26.30 25.80 25.20 25.10 25.10 25.40 26.00 25.90 27.00 28.60 30.90 26.80 26.80 26.00 26.10 * 25.30 25.50 25.50 26.60 27.60 28.60 26.80 25.30 26.70 25.40 25.10 25.40 25.00 24.90 24.90 25.00 * 1
2018-01-11 12:45:44 26.60 26.20 25.80 25.10 25.10 25.10 25.40 26.50 26.10 27.30 29.30 30.90 26.50 26.90 26.00 26.20 * 25.40 25.60 25.60 26.70 27.70 28.60 26.80 25.40 26.70 25.30 25.10 25.40 25.00 24.90 24.90 25.00 * 1
2018-01-11 12:45:44 26.60 26.10 25.70 25.10 25.10 25.10 25.40 26.60 26.30 27.80 30.30 30.40 26.30 26.90 26.00 26.20 * 25.30 25.50 25.60 26.80 27.70 28.60 26.80 25.40 26.70 25.30 25.10 25.40 25.00 25.00 24.90 25.00 * 1
2018-01-11 12:45:45 26.70 26.10 25.70 25.20 25.10 25.10 25.50 26.70 26.20 27.90 30.30 30.40 26.20 26.80 26.00 26.10 * 25.30 25.50 25.60 26.80 27.70 28.60 26.90 25.40 26.70 25.30 25.10 25.30 25.00 24.90 24.90 25.00 * 1
2018-01-11 12:45:45 26.80 26.20 25.80 25.20 25.20 25.20 25.50 26.80 26.20 27.90 30.20 30.50 26.20 26.80 26.00 26.20 * 25.40 25.50 25.60 26.80 27.90 28.70 27.00 25.50 26.60 25.30 25.10 25.20 24.90 24.80 24.80 24.90 * 1
2018-01-11 12:45:45 26.90 26.30 25.80 25.30 25.30 25.20 25.60 26.80 26.30 27.90 30.30 30.60 26.30 26.90 26.10 26.30 * 25.30 25.50 25.60 26.70 27.80 28.70 26.90 25.40 26.60 25.20 25.00 25.30 24.80 24.70 24.70 24.80 * 1
2018-01-11 12:45:45 26.80 26.30 25.80 25.30 25.30 25.20 25.60 26.80 26.30 27.80 30.10 30.60 26.30 26.90 26.10 26.20 * 25.30 25.50 25.60 26.70 27.80 28.70 26.80 25.30 26.60 25.20 25.00 25.30 24.80 24.80 24.80 24.90 * 1
2018-01-11 12:45:46 26.80 26.20 25.80 25.30 25.20 25.20 25.60 26.70 26.30 27.70 29.80 30.70 26.30 26.80 26.10 26.20 * 25.30 25.40 25.60 26.70 27.70 28.70 26.90 25.30 26.60 25.30 25.00 25.30 24.90 24.80 24.80 24.90 * 1
2018-01-11 12:45:46 26.70 26.20 25.80 25.30 25.20 25.20 25.60 26.70 26.20 27.70 29.40 30.80 26.40 26.80 26.10 26.20 * 25.30 25.40 25.60 26.70 27.70 28.70 26.90 25.40 26.70 25.40 25.10 25.30 24.90 24.90 24.90 25.00 * 1
2018-01-11 12:45:46 26.70 26.20 25.80 25.20 25.20 25.10 25.50 26.40 26.10 27.60 28.90 31.00 26.60 26.90 26.00 26.10 * 25.30 25.40 25.60 26.80 27.80 28.80 26.90 25.40 26.60 25.30 25.10 25.30 24.90 24.80 24.90 24.90 * 1
2018-01-11 12:45:46 26.70 26.20 25.80 25.20 25.20 25.10 25.50 26.30 26.20 27.30 28.00 30.90 27.20 26.80 26.00 26.20 * 25.30 25.50 25.60 26.80 27.80 28.90 26.90 25.40 26.60 25.20 25.10 25.30 24.90 24.80 24.80 24.90 * 1
2018-01-11 12:45:47 26.70 26.20 25.80 25.20 25.20 25.20 25.50 26.30 26.10 27.30 27.90 30.80 27.20 26.70 26.00 26.10 * 25.30 25.50 25.60 26.50 27.90 29.00 27.00 25.30 26.60 25.20 25.10 25.20 24.80 24.80 24.80 24.90 * 1
2018-01-11 12:45:47 26.70 26.20 25.90 25.30 25.20 25.20 25.50 26.30 26.10 27.20 27.90 30.60 27.30 26.70 26.00 26.10 * 25.40 25.50 25.50 26.30 28.00 29.00 26.90 25.40 26.70 25.20 25.00 25.20 24.80 24.80 24.80 24.80 * 1
2018-01-11 12:45:47 26.80 26.20 25.80 25.30 25.20 25.20 25.50 26.10 26.00 26.70 27.20 29.00 26.70 26.80 26.00 26.10 * 25.40 25.50 25.50 26.30 27.80 29.00 26.90 25.40 26.60 25.20 25.10 25.30 24.80 24.80 24.80 24.90 * 1
2018-01-11 12:45:47 26.80 26.20 25.80 25.20 25.20 25.20 25.50 25.90 25.90 26.30 26.30 27.30 26.20 26.70 25.90 26.10 * 25.30 25.50 25.50 26.70 27.40 28.90 26.90 25.40 26.60 25.30 25.10 25.30 24.80 24.80 24.80 24.90 * 1
2018-01-11 12:45:48 26.70 26.20 25.80 25.20 25.20 25.20 25.40 25.80 25.90 26.20 25.80 26.40 26.10 26.80 26.00 26.10 * 25.20 25.40 25.50 27.40 27.00 28.50 26.70 25.30 26.50 25.30 25.10 25.30 24.90 24.90 24.90 25.00 * 1
2018-01-11 12:45:48 26.70 26.20 25.70 25.30 25.20 25.10 25.40 25.60 25.90 26.20 25.70 26.20 26.10 26.80 26.10 26.20 * 25.30 25.40 25.50 27.30 27.00 28.20 26.60 25.30 26.40 25.40 25.10 25.30 25.00 24.90 24.90 25.00 * 1
2018-01-11 12:45:48 26.70 26.10 25.80 25.20 25.20 25.10 25.30 25.50 25.90 26.10 25.70 26.10 26.20 26.80 26.10 26.20 * 25.20 25.40 25.50 27.30 27.00 28.10 26.70 25.30 26.50 25.40 25.10 25.30 24.90 24.90 24.90 25.00 * 1
2018-01-11 12:45:49 26.70 26.10 25.80 25.20 25.20 25.10 25.40 25.40 25.90 26.00 25.50 26.10 26.20 26.90 26.00 26.20 * 25.20 25.40 25.50 27.30 27.00 28.20 26.70 25.30 26.40 25.30 25.20 25.30 25.00 24.90 24.90 25.00 * 1
2018-01-11 12:45:49 26.70 26.20 25.80 25.30 25.20 25.10 25.40 25.50 25.90 26.00 25.50 26.00 26.20 26.80 26.00 26.20 * 25.30 25.40 25.50 27.40 27.10 28.30 26.80 25.40 26.40 25.40 25.10 25.30 24.90 24.90 24.90 25.10 * 1
2018-01-11 12:45:49 26.80 26.30 25.90 25.30 25.30 25.20 25.50 25.60 25.90 26.00 25.50 26.00 26.10 26.80 26.00 26.10 * 25.30 25.40 25.50 27.30 27.20 28.40 26.90 25.30 26.50 25.30 25.10 25.30 24.90 24.90 24.90 25.00 * 1
2018-01-11 12:45:49 26.80 26.20 25.80 25.30 25.30 25.20 25.80 25.70 26.10 26.00 25.50 26.10 26.10 26.70 26.00 26.10 * 25.30 25.40 25.50 27.40 27.40 28.20 26.50 25.10 25.80 25.10 25.00 25.30 24.80 24.90 24.80 24.80 * 1
2018-01-11 12:45:50 26.80 26.30 25.90 25.30 25.40 26.80 26.70 25.90 27.90 25.90 25.50 26.00 26.20 26.80 26.00 26.20 * 25.30 25.60 25.90 27.50 27.40 27.70 25.70 25.00 25.30 25.10 25.10 25.30 24.90 24.90 24.80 24.90 * 1
2018-01-11 12:45:50 26.80 26.40 26.00 25.40 26.40 29.60 27.20 25.90 27.60 25.90 25.50 26.00 26.10 26.80 26.00 26.10 * 25.30 25.80 26.00 27.40 27.10 27.30 25.30 25.00 25.30 25.20 25.10 25.30 25.00 24.90 24.80 25.00 * 1
2018-01-11 12:45:50 26.90 26.40 26.00 25.50 29.40 30.30 26.70 25.80 26.90 25.90 25.40 26.00 26.10 26.90 26.00 26.10 * 25.20 25.70 26.10 27.40 27.00 27.00 25.40 25.00 25.30 25.20 25.10 25.30 25.00 24.90 24.90 25.00 * 1
2018-01-11 12:45:50 26.80 26.30 26.00 26.30 31.60 29.30 26.10 25.70 26.30 25.90 25.50 26.00 26.10 26.80 26.10 26.20 * 25.30 25.70 26.30 27.40 27.00 27.10 25.30 25.00 25.30 25.20 25.10 25.40 25.00 25.00 24.90 25.00 * 1
2018-01-11 12:45:51 26.90 27.30 27.00 28.20 29.50 27.40 25.60 25.50 25.90 25.90 25.50 26.00 26.10 26.80 26.00 26.20 * 25.40 25.80 26.50 27.40 27.00 27.00 25.30 25.00 25.40 25.20 25.00 25.30 24.90 24.90 24.80 24.90 * 1
2018-01-11 12:45:51 27.20 28.30 27.50 28.40 28.50 26.70 25.50 25.60 25.90 25.90 25.50 26.10 26.10 26.80 26.10 26.20 * 25.40 25.80 26.60 27.40 27.10 26.90 25.40 25.00 25.40 25.10 25.00 25.30 24.90 24.80 24.90 24.90 * 1
2018-01-11 12:45:51 27.30 28.50 27.40 28.80 28.30 26.30 25.60 25.60 25.90 25.90 25.50 26.10 26.20 26.90 26.10 26.20 * 25.40 25.80 26.60 27.40 27.10 26.80 25.40 25.00 25.30 25.10 25.00 25.30 24.80 24.80 24.80 24.90 * 1
2018-01-11 12:45:52 27.60 28.20 27.80 29.10 28.00 25.90 25.50 25.60 25.90 25.90 25.50 26.10 26.20 26.90 26.10 26.30 * 25.40 25.80 26.60 27.40 27.10 26.80 25.40 25.00 25.30 25.00 25.00 25.20 24.80 24.70 24.80 24.80 * 1
2018-01-11 12:45:52 27.60 28.30 27.70 29.00 28.00 26.00 25.50 25.60 26.00 25.90 25.60 26.10 26.20 26.90 26.10 26.30 * 25.40 25.80 26.50 27.40 27.10 26.90 25.40 25.00 25.30 25.00 25.00 25.30 24.80 24.80 24.80 24.80 * 1
2018-01-11 12:45:52 27.30 28.20 27.50 29.40 28.10 26.10 25.50 25.60 25.90 26.00 25.60 26.10 26.10 26.90 26.10 26.20 * 25.30 25.80 26.50 27.30 27.10 26.80 25.30 25.00 25.20 25.10 25.10 25.30 24.80 24.80 24.80 24.90 * 1
2018-01-11 12:45:52 26.90 27.10 27.50 30.70 28.60 26.30 25.50 25.50 25.80 26.00 25.50 26.10 26.10 26.80 26.10 26.20 * 25.40 25.80 26.70 27.50 27.50 26.90 25.40 25.00 25.20 25.10 25.10 25.30 24.90 24.80 24.90 24.90 * 1
2018-01-11 12:45:53 26.70 26.20 26.90 30.90 28.50 26.40 25.50 25.40 25.90 25.90 25.50 26.10 26.10 26.90 26.00 26.20 * 25.40 26.00 26.40 27.70 28.20 26.90 25.30 25.00 25.30 25.10 25.10 25.30 24.90 24.80 24.90 24.90 * 1
2018-01-11 12:45:53 26.80 26.20 25.80 26.90 27.60 26.80 25.50 25.40 25.90 25.90 25.60 26.10 26.10 26.90 26.00 26.30 * 25.30 26.10 26.00 27.60 28.40 26.80 25.20 24.90 25.40 25.20 25.20 25.30 25.00 25.00 25.00 24.90 * 1
2018-01-11 12:45:53 26.80 26.30 25.80 26.60 27.90 27.10 25.60 25.50 26.10 25.90 25.50 26.10 26.10 26.90 26.00 26.30 * 25.40 26.10 25.90 27.50 28.40 26.80 25.20 24.90 25.40 25.20 25.20 25.40 25.00 25.00 25.00 25.00 * 1
2018-01-11 12:46:02 26.90 26.30 25.90 25.40 25.40 27.90 29.10 27.70 29.20 28.40 25.90 26.00 26.10 26.80 26.00 26.20 * 25.10 25.30 25.40 25.40 25.90 25.80 25.70 25.10 25.80 25.30 25.10 25.30 24.90 24.90 24.90 25.00 * 1
2018-01-11 12:46:02 26.90 26.40 26.00 25.50 25.40 25.90 27.90 28.90 28.90 29.20 26.50 26.30 26.10 26.90 26.00 26.30 * 25.20 25.30 25.40 25.50 25.90 25.70 25.80 25.30 25.90 26.00 25.20 25.40 25.00 25.00 24.90 25.10 * 1
2018-01-11 12:46:02 26.90 26.30 25.90 25.40 25.30 25.20 26.40 28.30 26.30 28.20 29.50 27.80 26.80 26.90 26.10 26.20 * 25.10 25.30 25.40 25.40 25.70 25.70 25.70 25.40 26.10 26.10 25.30 25.40 25.00 25.00 24.90 25.10 * 1
2018-01-11 12:46:03 26.90 26.30 25.90 25.30 25.30 25.20 25.50 26.80 26.00 26.60 29.00 28.80 27.20 27.10 26.20 26.30 * 25.20 25.30 25.30 25.40 25.40 25.50 25.70 25.60 26.10 26.30 25.90 25.50 25.10 25.00 25.00 25.10 * 1
2018-01-11 12:46:03 26.80 26.20 25.90 25.30 25.30 25.20 25.40 25.80 25.90 26.00 27.40 29.90 27.00 27.40 26.20 26.40 * 25.20 25.30 25.30 25.40 25.40 25.40 25.60 25.60 25.90 26.30 26.50 25.90 25.10 25.00 25.00 25.10 * 1
2018-01-11 12:46:03 26.80 26.20 25.90 25.30 25.20 25.20 25.40 25.60 25.90 26.00 26.10 29.40 28.20 27.30 26.40 26.40 * 25.20 25.30 25.30 25.50 25.40 25.40 25.40 25.40 25.70 26.00 26.40 26.20 25.10 24.90 24.90 25.00 * 1
2018-01-11 12:46:03 26.80 26.20 25.90 25.30 25.30 25.20 25.40 25.60 25.80 25.90 25.80 28.50 29.60 28.80 27.70 26.50 * 25.30 25.40 25.40 25.50 25.40 25.50 25.30 25.20 25.40 25.40 26.40 26.50 25.60 25.60 25.00 25.00 * 1
2018-01-11 12:46:04 26.80 26.20 25.90 25.30 25.30 25.20 25.50 25.60 25.80 26.00 26.20 28.40 28.60 29.30 29.70 26.90 * 25.30 25.40 25.40 25.50 25.40 25.50 25.20 25.00 25.40 25.30 26.30 26.30 25.60 26.90 25.10 25.00 * 1
2018-01-11 12:46:04 26.90 26.30 25.90 25.30 25.30 25.20 25.60 25.70 25.80 26.00 26.00 27.30 27.90 29.20 30.80 27.80 * 25.30 25.40 25.40 25.50 25.50 25.50 25.20 25.00 25.40 25.30 25.90 26.50 25.30 27.50 25.30 25.00 * 1
2018-01-11 12:46:04 26.90 26.30 25.90 25.40 25.30 25.30 25.60 25.70 25.80 26.00 25.60 26.10 26.40 28.90 30.10 29.10 * 25.20 25.40 25.40 25.50 25.40 25.50 25.20 25.00 25.30 25.10 25.10 26.00 26.80 27.50 25.10 24.90 * 1
2018-01-11 12:46:05 26.90 26.30 25.90 25.40 25.30 25.30 25.50 25.70 25.70 25.90 25.60 26.00 26.10 28.30 29.80 29.00 * 25.20 25.40 25.40 25.50 25.40 25.40 25.20 25.00 25.30 25.10 25.10 25.40 26.30 27.60 25.10 25.00 * 1
2018-01-11 12:46:05 26.90 26.40 25.90 25.40 25.40 25.30 25.50 25.70 25.70 25.90 25.50 26.00 26.10 27.80 30.10 29.10 * 25.10 25.30 25.30 25.40 25.30 25.30 25.20 24.90 25.30 25.20 25.10 25.40 25.70 27.60 25.20 25.10 * 1
2018-01-11 12:46:05 26.90 26.30 25.90 25.30 25.30 25.20 25.50 25.70 25.80 25.90 25.50 26.10 26.10 27.80 29.30 29.60 * 25.20 25.30 25.40 25.40 25.40 25.40 25.10 25.00 25.30 25.30 25.10 25.50 25.50 27.60 25.30 25.10 * 1
2018-01-11 12:46:05 26.80 26.30 25.90 25.30 25.30 25.20 25.40 25.60 25.80 25.90 25.50 26.10 26.10 28.20 27.90 29.70 * 25.20 25.30 25.30 25.40 25.40 25.40 25.20 24.90 25.40 25.30 25.20 25.60 26.20 27.60 25.30 25.10 * 1
2018-01-11 12:46:06 26.70 26.20 25.90 25.30 25.30 25.10 25.40 25.50 25.90 25.90 25.60 26.10 26.30 28.00 28.40 29.40 * 25.20 25.30 25.30 25.40 25.40 25.40 25.20 24.90 25.50 25.40 25.70 27.50 26.80 27.60 25.40 25.20 * 1
2018-01-11 12:46:06 26.70 26.30 25.90 25.30 25.30 25.10 25.50 25.60 25.80 26.00 25.50 26.10 26.60 28.30 29.30 28.60 * 25.20 25.30 25.40 25.40 25.40 25.40 25.20 25.00 25.40 25.30 25.90 27.70 26.30 27.30 25.20 25.10 * 1
2018-01-11 12:46:06 26.80 26.30 25.90 25.30 25.30 25.20 25.50 25.60 25.80 25.90 25.50 26.30 27.60 29.00 29.20 27.10 * 25.10 25.40 25.40 25.50 25.40 25.40 25.20 25.00 25.30 25.30 25.90 27.70 26.40 26.10 25.10 25.00 * 1
2018-01-11 12:46:06 26.90 26.30 25.90 25.30 25.30 25.30 25.50 25.60 25.80 25.90 25.80 26.90 28.00 29.30 28.10 26.60 * 25.20 25.40 25.40 25.50 25.50 25.40 25.30 25.10 25.30 25.30 26.20 27.70 26.00 25.10 25.00 25.00 * 1
2018-01-11 12:46:07 26.80 26.20 25.80 25.30 25.30 25.20 25.40 25.70 25.80 25.90 26.10 26.90 28.30 28.90 26.80 26.30 * 25.20 25.40 25.40 25.40 25.50 25.40 25.30 25.20 25.30 25.30 26.70 27.70 25.40 24.90 24.90 25.00 * 1
2018-01-11 12:46:07 26.80 26.20 25.80 25.30 25.30 25.20 25.50 25.80 25.90 26.50 27.20 28.60 27.60 27.00 26.00 26.20 * 25.30 25.40 25.40 25.40 25.40 25.50 25.30 25.30 25.80 25.60 26.70 25.60 25.00 25.00 25.00 25.10 * 1
2018-01-11 12:46:07 26.80 26.30 25.80 25.30 25.30 25.20 25.50 26.50 26.00 27.50 28.60 27.70 26.40 26.90 26.10 26.20 * 25.20 25.40 25.40 25.40 25.40 25.60 25.60 25.40 26.30 25.90 26.10 25.50 25.10 25.10 25.10 25.20 * 1
2018-01-11 12:46:08 26.80 26.20 25.80 25.30 25.30 25.40 26.10 27.60 27.30 28.40 27.60 26.40 26.20 26.90 26.10 26.20 * 25.20 25.40 25.40 25.50 25.90 25.90 26.00 25.60 26.60 26.10 25.50 25.40 25.10 25.00 25.00 25.10 * 1
2018-01-11 12:46:08 26.80 26.20 25.90 25.30 25.40 26.40 27.70 27.90 28.60 27.90 26.10 26.10 26.20 26.90 26.10 26.20 * 25.20 25.50 25.50 25.70 26.60 26.10 26.50 25.70 26.80 26.00 25.50 25.40 25.10 25.00 25.00 25.10 * 1
2018-01-11 12:46:08 26.80 26.40 26.00 25.80 27.20 27.40 26.60 25.80 27.70 26.40 25.50 26.10 26.20 26.90 26.10 26.20 * 25.30 25.70 25.80 26.20 26.70 26.10 26.10 25.30 26.00 25.30 25.20 25.40 25.10 25.00 25.00 25.10 * 1
2018-01-11 12:46:08 26.90 26.40 26.00 25.80 26.20 25.60 25.60 25.70 25.80 25.90 25.50 26.10 26.20 26.80 26.10 26.20 * 25.30 25.70 25.90 26.40 26.80 26.10 25.60 25.10 25.60 25.20 25.20 25.30 25.00 25.00 24.90 25.10 * 1
2018-01-11 12:46:09 26.90 26.30 26.00 25.40 25.50 25.30 25.50 25.60 25.80 25.90 25.50 26.10 26.10 26.80 26.00 26.20 * 25.40 25.90 25.90 26.50 27.00 26.40 25.70 25.20 25.70 25.30 25.10 25.30 24.90 25.00 24.90 25.10 * 1
2018-01-11 12:46:09 26.70 26.30 25.90 25.30 25.30 25.20 25.50 25.50 25.80 25.90 25.50 26.00 26.10 26.80 26.00 26.20 * 25.40 25.80 26.00 26.50 26.90 26.50 25.80 25.20 25.90 25.30 25.20 25.40 25.00 25.00 24.90 25.00 * 1
2018-01-11 12:46:09 26.70 26.20 25.90 25.20 25.30 25.10 25.40 25.40 25.70 25.90 25.50 26.00 26.10 26.80 26.10 26.20 * 25.40 25.80 26.00 26.50 27.00 26.50 25.90 25.30 26.20 25.50 25.50 25.30 25.00 24.90 24.90 25.00 * 1
2018-01-11 12:46:09 26.80 26.20 25.90 25.20 25.30 25.20 25.40 25.50 25.70 25.90 25.50 26.10 26.10 26.80 26.10 26.20 * 25.40 25.80 26.10 26.50 27.00 26.50 26.00 25.40 26.20 25.60 25.50 25.40 25.00 25.00 25.00 25.10 * 1
2018-01-11 12:46:10 26.70 26.30 25.90 25.30 25.20 25.20 25.40 25.60 25.80 25.90 25.50 26.10 26.10 26.80 26.10 26.20 * 25.30 25.70 26.00 26.40 26.90 26.30 25.90 25.30 26.20 25.50 25.30 25.40 25.10 25.00 25.00 25.10 * 1
2018-01-11 12:46:10 26.70 26.30 25.80 25.30 25.20 25.10 25.40 25.50 25.90 25.90 25.50 26.10 26.10 26.80 26.10 26.20 * 25.30 25.70 26.20 26.40 26.90 26.20 25.90 25.20 26.20 25.50 25.30 25.50 25.10 25.00 25.00 25.10 * 1
2018-01-11 12:46:10 26.90 26.40 26.00 25.50 25.40 25.30 25.60 25.60 25.90 26.00 25.60 26.20 26.20 26.90 26.10 26.30 * 25.30 25.80 26.30 26.40 27.00 26.30 26.10 25.30 26.40 25.60 25.40 25.50 25.10 25.00 25.10 25.20 * 1
2018-01-11 12:46:10 27.00 26.40 26.00 25.50 25.50 25.30 25.60 25.70 25.90 26.00 25.60 26.20 26.20 26.90 26.20 26.30 * 25.40 25.80 26.40 26.40 27.00 26.60 26.30 25.30 26.50 25.50 25.30 25.40 25.00 24.90 24.90 25.00 * 1
2018-01-11 12:46:11 27.00 26.40 26.00 25.50 25.50 25.30 25.60 25.70 25.90 25.90 25.60 26.20 26.10 26.90 26.10 26.20 * 25.40 25.90 26.60 26.50 27.00 26.60 26.40 25.40 26.40 25.50 25.20 25.30 24.90 24.80 24.80 24.90 * 1
2018-01-11 12:46:11 26.90 26.30 25.90 25.40 25.40 25.30 25.50 25.60 25.90 25.90 25.60 26.10 26.10 26.80 26.10 26.20 * 25.40 25.90 26.70 26.50 27.00 26.60 26.50 25.40 26.60 25.60 25.30 25.30 24.90 24.80 24.90 24.90 * 1
