2018-01-11 12:48:29 26.90 26.20 26.00 25.40 26.90 27.10 25.80 25.60 26.10 25.90 25.50 26.00 26.10 26.80 26.00 26.20 * 25.40 25.50 25.80 26.40 25.70 25.50 25.30 25.00 25.40 25.30 25.20 25.40 25.00 25.00 24.90 25.10 * 1
2018-01-11 12:48:29 26.90 26.30 26.00 25.40 25.90 28.10 26.80 25.80 26.70 25.90 25.50 26.10 26.10 26.80 26.00 26.30 * 25.40 25.40 25.60 26.40 25.80 25.50 25.30 25.00 25.40 25.30 25.30 25.40 25.00 25.00 25.00 25.10 * 1
2018-01-11 12:48:29 26.90 26.30 25.90 25.30 25.50 27.50 27.10 25.90 27.90 25.90 25.50 26.10 26.10 26.90 26.10 26.20 * 25.30 25.50 25.60 26.00 26.50 26.00 25.30 25.00 25.40 25.30 25.20 25.40 25.00 25.00 25.00 25.00 * 1
2018-01-11 12:48:29 26.90 26.30 25.90 25.30 25.20 26.60 27.50 26.00 28.10 26.70 25.80 26.00 26.10 26.80 26.00 26.10 * 25.30 25.50 25.60 26.00 26.90 26.80 25.50 25.30 25.90 26.10 25.30 25.40 25.00 25.00 25.00 25.00 * 1
2018-01-11 12:48:30 26.90 26.30 25.90 25.30 25.20 25.80 27.40 27.00 27.10 26.90 26.60 26.00 26.00 26.70 26.00 26.10 * 25.40 25.50 25.60 26.40 27.20 27.30 26.20 26.20 26.90 27.00 25.30 25.50 25.10 25.00 25.00 25.10 * 1
2018-01-11 12:48:30 26.90 26.30 25.90 25.30 25.30 25.20 26.20 26.80 25.80 26.10 26.30 26.10 26.10 26.80 26.00 26.10 * 25.40 25.50 25.70 26.90 27.40 27.60 27.30 26.80 27.70 27.10 25.30 25.50 25.10 25.00 25.00 25.10 * 1
2018-01-11 12:48:30 26.90 26.20 25.80 25.30 25.30 25.20 25.50 25.60 25.70 25.80 25.50 26.10 26.10 26.80 26.00 26.20 * 25.40 25.60 25.70 27.10 27.60 27.80 27.80 27.00 28.00 27.40 25.40 25.40 25.00 25.00 25.00 25.10 * 1
2018-01-11 12:48:30 26.90 26.20 25.80 25.30 25.30 25.20 25.50 25.60 25.70 25.80 25.40 26.00 26.10 26.90 26.00 26.20 * 25.40 25.40 25.70 26.70 27.90 27.60 28.10 27.60 28.20 27.80 25.60 25.40 25.00 25.00 25.00 25.10 * 1
2018-01-11 12:48:31 26.90 26.20 25.90 25.40 25.30 25.30 25.50 25.60 25.70 25.80 25.50 26.00 26.00 26.80 26.00 26.20 * 25.40 25.40 25.70 26.40 27.80 27.60 28.10 27.90 28.30 28.50 26.60 25.70 25.10 25.00 25.00 25.10 * 1
2018-01-11 12:48:31 26.80 26.20 25.90 25.30 25.30 25.20 25.50 25.60 25.70 25.80 25.50 26.00 26.00 26.80 26.00 26.10 * 25.40 25.50 25.70 26.30 27.70 27.60 28.00 28.20 28.30 28.60 27.00 26.00 25.10 25.00 25.00 25.10 * 1
2018-01-11 12:48:31 26.90 26.20 25.90 25.30 25.30 25.20 25.60 25.60 25.70 25.90 25.50 26.10 26.10 26.80 26.10 26.20 * 25.30 25.40 25.60 26.40 27.70 27.60 28.10 28.30 28.20 28.60 27.00 26.00 25.10 24.90 25.00 25.00 * 1
2018-01-11 12:48:31 26.90 26.30 25.90 25.30 25.30 25.20 25.50 25.60 25.80 25.90 25.50 26.10 26.10 26.80 26.10 26.20 * 25.40 25.50 25.70 26.50 27.80 27.70 28.10 28.40 28.10 28.70 26.90 26.00 25.00 24.90 24.90 24.90 * 1
2018-01-11 12:48:32 26.90 26.30 25.90 25.30 25.30 25.20 25.50 25.60 25.70 25.90 25.50 26.10 26.10 26.80 26.10 26.20 * 25.40 25.40 25.60 26.60 27.80 27.60 28.00 28.40 28.30 28.80 27.00 26.00 25.10 25.00 25.00 25.00 * 1
2018-01-11 12:48:32 26.90 26.30 25.90 25.30 25.30 25.20 25.50 25.60 25.70 26.00 25.50 26.10 26.20 26.80 26.10 26.30 * 25.40 25.40 25.70 26.70 27.80 27.60 28.10 28.30 28.40 28.60 26.90 25.90 25.10 25.00 24.90 25.00 * 1
2018-01-11 12:48:32 26.80 26.20 25.80 25.30 25.30 25.20 25.50 25.60 25.80 25.90 25.50 26.00 26.10 26.80 26.00 26.20 * 25.40 25.50 25.80 26.70 27.90 27.80 28.40 28.20 28.50 28.30 26.80 26.10 25.20 25.00 24.90 25.00 * 1
2018-01-11 12:48:33 26.80 26.20 25.80 25.30 25.30 25.10 25.50 25.50 25.70 25.80 25.40 26.00 26.00 26.80 26.00 26.10 * 25.50 25.50 25.80 26.90 28.00 28.10 28.80 27.80 28.80 28.00 26.90 26.50 25.30 25.10 25.00 25.10 * 1
2018-01-11 12:48:33 26.80 26.10 25.80 25.30 25.30 25.10 25.40 25.50 25.70 25.80 25.50 26.00 26.10 26.80 26.00 26.10 * 25.60 25.60 25.80 27.20 27.90 28.30 28.90 27.70 29.00 27.80 27.80 27.90 25.40 25.20 25.10 25.20 * 1
2018-01-11 12:48:33 26.90 26.20 25.90 25.30 25.30 25.20 25.40 25.50 25.70 25.80 25.50 26.00 26.10 26.80 26.00 26.10 * 25.50 25.60 25.90 27.60 27.80 28.40 29.10 27.90 29.30 28.20 28.80 28.80 25.60 25.20 25.10 25.20 * 1
2018-01-11 12:48:33 26.70 26.00 25.70 25.20 25.10 25.00 25.30 25.40 25.70 25.80 25.40 26.00 26.00 26.80 26.00 26.10 * 25.50 25.60 26.00 27.90 27.90 28.60 29.40 28.30 29.80 28.80 29.80 29.70 25.70 25.20 25.10 25.20 * 1
2018-01-11 12:48:34 26.80 26.10 25.80 25.20 25.20 25.00 25.40 25.50 25.60 25.80 25.40 26.00 26.10 26.70 26.00 26.00 * 25.50 25.60 26.80 28.10 28.60 29.00 29.80 29.10 30.00 29.30 30.50 30.00 25.60 25.10 25.10 25.20 * 1
2018-01-11 12:48:34 26.90 26.30 25.90 25.30 25.30 25.20 25.50 25.60 25.70 25.80 25.50 26.00 26.00 26.80 26.00 26.20 * 25.40 25.60 27.20 28.40 28.90 29.20 29.80 29.20 29.90 29.70 30.60 29.70 25.10 25.00 24.90 25.10 * 1
2018-01-11 12:48:34 26.90 26.30 25.90 25.40 25.30 25.20 25.60 25.60 25.60 25.80 25.40 26.00 26.00 26.70 26.00 26.10 * 25.30 25.60 27.60 28.60 29.20 29.40 29.70 29.40 29.90 30.00 30.40 29.40 25.10 25.00 25.00 25.10 * 1
2018-01-11 12:48:34 27.00 26.30 25.90 25.40 25.30 25.20 25.60 25.60 25.70 25.90 25.50 26.00 26.10 26.70 26.00 26.20 * 25.40 25.70 28.00 28.70 29.50 29.60 29.80 29.60 30.00 30.20 30.20 28.50 25.10 25.00 25.10 25.10 * 1
2018-01-11 12:48:35 26.80 26.20 25.80 25.30 25.30 25.20 25.50 25.50 25.80 25.90 25.50 26.10 26.10 26.80 26.00 26.20 * 25.50 25.90 28.10 28.60 29.60 29.70 29.70 29.70 30.00 30.10 30.00 27.50 25.10 25.00 25.00 25.20 * 1
2018-01-11 12:48:35 26.80 26.20 25.90 25.30 25.30 25.30 25.50 25.60 25.70 25.90 25.50 26.00 26.10 26.80 26.10 26.20 * 25.70 26.70 28.40 28.60 29.70 29.70 29.90 29.70 30.10 30.00 29.90 26.70 25.20 25.10 25.10 25.20 * 1
2018-01-11 12:48:35 26.90 26.30 25.90 25.40 25.30 25.30 25.50 25.70 25.70 25.80 25.50 26.00 26.10 26.90 26.00 26.10 * 25.70 26.80 28.40 28.50 29.70 29.80 30.10 29.50 30.30 29.50 29.30 25.80 25.10 25.10 25.10 25.10 * 1
2018-01-11 12:48:35 26.80 26.30 25.90 25.40 25.30 25.20 25.50 25.60 25.70 25.80 25.40 26.00 26.10 26.80 26.00 26.10 * 25.70 27.00 28.40 28.60 29.80 29.80 30.30 29.40 30.40 29.30 29.00 25.60 25.10 25.10 25.10 25.10 * 1
2018-01-11 12:48:36 26.80 26.20 25.90 25.30 25.30 25.20 25.50 25.50 25.70 25.70 25.40 26.00 26.00 26.70 26.00 26.10 * 25.70 27.10 28.50 28.60 30.10 29.80 30.40 29.30 30.60 29.30 28.90 25.60 25.10 25.10 25.10 25.10 * 1
2018-01-11 12:48:36 26.80 26.10 25.90 25.30 25.30 25.20 25.40 25.50 25.70 25.70 25.40 26.00 26.00 26.70 26.00 26.10 * 25.70 27.20 28.40 28.90 30.70 30.00 30.60 29.30 30.90 29.30 29.00 25.70 25.20 25.10 25.20 25.20 * 1
2018-01-11 12:48:36 26.80 26.10 25.80 25.20 25.20 25.10 25.40 25.50 25.60 25.80 25.40 26.00 26.00 26.70 25.90 26.10 * 25.80 27.40 28.40 29.70 31.30 30.10 31.10 29.70 31.20 29.40 29.10 25.70 25.20 25.10 25.10 25.20 * 1
2018-01-11 12:48:36 26.80 26.10 25.80 25.20 25.20 25.20 25.40 25.50 25.70 25.80 25.40 26.00 26.00 26.70 25.90 26.10 * 25.80 27.50 28.50 29.80 31.20 30.20 31.20 29.70 31.20 29.30 28.80 25.70 25.10 25.10 25.10 25.10 * 1
2018-01-11 12:48:37 26.90 26.20 25.80 25.30 25.30 25.20 25.50 25.60 25.70 25.90 25.40 26.00 26.00 26.70 26.00 26.10 * 25.80 27.40 28.40 29.70 31.20 30.20 31.10 29.70 31.30 29.30 28.90 25.70 25.20 25.10 25.10 25.10 * 1
2018-01-11 12:48:37 26.80 26.10 25.80 25.30 25.20 25.10 25.40 25.50 25.70 25.90 25.60 26.10 26.10 26.80 26.00 26.20 * 25.80 27.40 28.30 29.60 31.20 30.20 31.20 29.70 31.40 29.40 28.80 25.60 25.10 25.10 25.00 25.10 * 1
2018-01-11 12:48:37 26.80 26.20 25.80 25.30 25.30 25.10 25.40 25.50 25.80 25.90 25.60 26.20 26.20 26.90 26.10 26.20 * 25.70 27.30 28.30 29.60 31.10 30.10 31.20 29.60 31.30 29.30 28.80 25.50 25.00 25.00 25.00 25.00 * 1
2018-01-11 12:48:38 26.90 26.30 25.90 25.40 25.30 25.20 25.50 25.50 25.80 26.00 25.50 26.20 26.20 26.90 26.10 26.20 * 25.60 27.20 28.20 29.50 31.00 30.00 31.10 29.60 31.30 29.30 28.90 25.60 25.00 25.00 25.00 25.00 * 1
2018-01-11 12:48:38 26.90 26.30 25.90 25.40 25.30 25.20 25.50 25.60 25.80 25.90 25.40 26.10 26.10 26.90 26.00 26.20 * 25.70 27.20 28.20 29.60 31.10 30.00 31.10 29.80 31.40 29.40 29.10 25.70 25.10 25.10 25.10 25.10 * 1
2018-01-11 12:48:38 26.80 26.30 26.00 25.40 25.30 25.20 25.50 25.60 25.70 25.80 25.40 26.00 26.00 26.80 26.00 26.20 * 25.80 27.30 28.30 29.60 31.20 30.10 31.20 30.00 31.40 29.50 29.10 25.70 25.10 25.10 25.10 25.10 * 1
2018-01-11 12:48:38 26.90 26.30 25.90 25.40 25.40 25.20 25.50 25.60 25.70 25.80 25.40 26.00 26.00 26.70 26.00 26.10 * 25.70 27.30 28.30 29.60 31.20 30.10 31.20 30.00 31.40 29.60 29.10 25.70 25.10 25.10 25.10 25.20 * 1
2018-01-11 12:48:39 26.90 26.20 25.90 25.40 25.30 25.20 25.50 25.50 25.60 25.80 25.50 26.00 26.00 26.70 26.00 26.10 * 25.70 27.30 28.30 29.60 31.10 30.10 31.20 30.00 31.40 29.60 29.10 25.70 25.20 25.10 25.10 25.20 * 1
2018-01-11 12:48:39 26.80 26.20 25.90 25.30 25.30 25.10 25.50 25.50 25.70 25.80 25.50 26.00 26.00 26.80 26.00 26.10 * 25.80 27.30 28.30 29.50 31.10 30.10 31.30 30.00 31.50 29.50 29.00 25.60 25.10 25.00 25.00 25.20 * 1
2018-01-11 12:48:39 26.80 26.10 25.80 25.30 25.20 25.10 25.40 25.50 25.70 25.80 25.50 26.00 26.10 26.80 26.00 26.10 * 25.80 27.40 28.30 29.50 31.10 30.10 31.30 30.00 31.50 29.60 29.10 25.60 25.10 25.10 25.00 25.20 * 1
2018-01-11 12:48:39 26.80 26.20 25.80 25.30 25.20 25.10 25.40 25.50 25.80 25.90 25.50 26.10 26.10 26.90 26.00 26.20 * 25.80 27.30 28.40 29.30 30.90 30.10 31.40 30.00 31.40 29.50 29.10 25.60 25.10 25.10 25.00 25.10 * 1
2018-01-11 12:48:40 26.80 26.20 25.80 25.30 25.30 25.10 25.40 25.50 25.80 25.90 25.60 26.10 26.10 26.90 26.10 26.30 * 25.70 27.00 28.50 28.90 30.00 30.00 31.10 29.80 30.90 29.60 29.10 25.60 25.10 25.10 25.00 25.10 * 1
2018-01-11 12:48:40 26.90 26.20 25.90 25.30 25.30 25.20 25.40 25.60 25.80 25.90 25.50 26.10 26.10 26.90 26.00 26.10 * 25.50 26.20 28.90 28.80 29.60 29.70 30.10 29.00 30.30 29.30 28.50 25.60 25.10 25.10 25.10 25.10 * 1
2018-01-11 12:48:40 26.90 26.30 26.00 25.40 25.40 25.20 25.50 25.60 25.80 25.90 25.60 26.10 26.10 26.80 26.00 26.10 * 25.50 26.10 28.90 28.80 29.70 29.80 29.70 28.50 29.30 28.40 25.60 25.40 25.00 25.10 25.00 25.10 * 1
2018-01-11 12:48:40 27.00 26.30 26.00 25.40 25.40 25.20 25.50 25.60 25.70 25.90 25.50 26.10 26.10 26.80 26.00 26.20 * 25.60 26.50 28.90 28.90 29.70 29.90 29.20 28.20 28.80 27.90 25.30 25.50 25.10 25.00 25.00 25.00 * 1
2018-01-11 12:48:41 26.90 26.20 26.00 25.40 25.30 25.20 25.50 25.50 25.70 25.90 25.50 26.10 26.10 26.80 26.00 26.20 * 25.50 27.10 28.90 29.10 29.70 29.90 28.50 27.20 27.90 26.50 25.30 25.50 25.10 25.00 25.00 25.00 * 1
2018-01-11 12:48:41 26.90 26.20 26.00 25.40 25.30 25.20 25.50 25.50 25.70 25.90 25.50 26.10 26.10 26.80 26.00 26.20 * 26.20 28.50 29.50 29.20 29.90 28.40 26.10 25.40 26.60 25.50 25.30 25.50 25.10 25.10 25.10 25.10 * 1
2018-01-11 12:48:41 26.90 26.30 25.90 25.40 25.30 25.30 25.60 25.60 25.70 25.90 25.50 26.00 26.10 26.80 26.10 26.20 * 27.00 28.80 29.40 28.80 29.30 27.40 25.60 25.20 25.70 25.40 25.30 25.50 25.10 25.10 25.10 25.20 * 1
2018-01-11 12:48:42 26.90 26.30 25.90 25.40 25.30 25.20 25.50 25.60 25.70 25.90 25.50 26.10 26.10 26.90 26.00 26.20 * 27.30 28.80 29.30 28.60 28.70 26.70 25.50 25.10 25.60 25.30 25.20 25.40 25.00 25.00 25.00 25.10 * 1
2018-01-11 12:48:42 26.90 26.30 25.90 25.40 25.30 25.30 25.50 25.60 25.70 25.90 25.50 26.10 26.10 26.80 26.00 26.20 * 27.30 28.80 29.20 28.50 28.20 26.20 25.40 25.20 25.60 25.30 25.20 25.50 25.00 25.00 24.90 25.00 * 1
2018-01-11 12:48:42 26.90 26.20 25.90 25.40 25.30 25.20 25.50 25.50 25.70 25.90 25.60 26.10 26.10 26.80 26.00 26.20 * 27.40 28.90 28.90 28.60 27.70 26.00 25.50 25.20 25.50 25.40 25.30 25.50 25.00 25.10 25.00 25.10 * 1
2018-01-11 12:48:42 26.90 26.20 25.90 25.40 25.30 25.20 25.50 25.50 25.80 25.80 25.50 26.00 26.10 26.70 26.00 26.20 * 27.40 28.90 28.90 28.70 27.80 26.00 25.50 25.20 25.50 25.30 25.20 25.40 25.00 25.00 25.00 25.10 * 1
2018-01-11 12:48:43 26.90 26.30 25.90 25.40 25.30 25.30 25.50 25.60 25.70 25.80 25.50 26.00 26.00 26.70 26.00 26.10 * 27.40 29.00 28.90 28.70 27.80 26.00 25.50 25.20 25.60 25.30 25.20 25.40 25.00 25.00 25.00 25.10 * 1
2018-01-11 12:48:43 26.90 26.30 26.00 25.40 25.30 25.30 25.50 25.60 25.70 25.80 25.50 26.00 26.00 26.70 26.00 26.10 * 27.20 28.90 28.60 28.50 27.60 25.90 25.40 25.10 25.50 25.30 25.20 25.50 25.00 25.00 25.00 25.10 * 1
2018-01-11 12:48:43 26.90 26.30 26.00 26.30 25.70 25.20 25.60 25.60 25.80 25.90 25.50 26.10 26.00 26.80 26.00 26.20 * 26.90 27.20 27.30 28.40 26.60 25.70 25.40 25.10 25.50 25.30 25.30 25.50 25.00 25.10 25.00 25.10 * 1
2018-01-11 12:48:43 26.90 26.30 26.40 28.70 26.30 25.30 25.60 25.60 25.80 25.90 25.60 26.10 26.10 26.90 26.00 26.20 * 27.00 27.10 27.40 28.10 26.10 25.70 25.40 25.10 25.50 25.30 25.20 25.40 25.10 25.00 25.00 25.10 * 1
2018-01-11 12:48:44 26.90 26.50 27.80 29.40 26.00 25.30 25.50 25.60 25.80 25.90 25.50 26.10 26.10 26.90 26.10 26.20 * 26.90 27.30 27.40 27.60 25.90 25.70 25.40 25.10 25.40 25.20 25.10 25.40 25.00 25.00 24.90 25.10 * 1
2018-01-11 12:48:44 27.00 27.50 29.30 26.60 25.40 25.30 25.50 25.60 25.90 26.00 25.50 26.20 26.20 26.90 26.10 26.30 * 26.80 27.30 27.40 27.10 25.80 25.60 25.40 25.10 25.40 25.20 25.10 25.40 25.00 25.00 24.90 25.10 * 1
2018-01-11 12:48:44 27.10 27.40 29.20 27.10 25.50 25.30 25.60 25.60 25.90 26.00 25.60 26.10 26.20 26.90 26.20 26.30 * 26.80 27.40 27.30 26.80 25.70 25.60 25.30 25.00 25.50 25.30 25.20 25.50 25.10 25.00 25.00 25.10 * 1
2018-01-11 12:48:44 27.00 27.10 29.60 27.60 25.40 25.30 25.60 25.60 25.90 25.90 25.60 26.10 26.10 26.90 26.10 26.30 * 26.50 27.30 26.80 26.20 25.70 25.60 25.30 25.00 25.50 25.30 25.20 25.40 25.00 25.00 24.90 25.10 * 1
2018-01-11 12:48:45 27.10 27.30 30.30 27.70 25.40 25.30 25.60 25.60 25.90 25.90 25.60 26.10 26.20 26.90 26.10 26.30 * 26.00 27.40 26.70 26.20 25.70 25.60 25.40 25.10 25.50 25.30 25.20 25.40 25.10 25.00 25.00 25.10 * 1
2018-01-11 12:48:45 27.20 27.70 30.10 27.90 25.40 25.30 25.60 25.60 25.90 26.00 25.60 26.10 26.20 26.90 26.10 26.20 * 26.00 27.50 26.80 26.30 25.80 25.70 25.40 25.10 25.50 25.30 25.20 25.40 25.10 25.00 25.00 25.10 * 1
2018-01-11 12:48:45 27.70 28.20 28.50 27.50 25.30 25.20 25.50 25.60 25.80 25.90 25.60 26.10 26.20 26.90 26.10 26.20 * 26.00 27.50 26.80 26.30 25.80 25.70 25.40 25.10 25.60 25.30 25.30 25.50 25.10 25.00 25.10 25.20 * 1
2018-01-11 12:48:45 27.90 28.20 28.50 27.50 25.30 25.20 25.50 25.60 25.90 26.00 25.60 26.20 26.20 26.90 26.10 26.30 * 26.10 27.50 26.90 26.30 25.80 25.80 25.50 25.20 25.60 25.30 25.30 25.50 25.10 25.10 25.10 25.20 * 1
2018-01-11 12:48:46 27.90 28.30 28.40 27.70 25.40 25.30 25.50 25.70 25.80 25.90 25.60 26.10 26.10 26.90 26.00 26.20 * 26.00 27.50 26.80 26.30 25.80 25.60 25.40 25.10 25.50 25.30 25.20 25.40 25.10 25.00 25.00 25.10 * 1
2018-01-11 12:48:46 27.90 28.30 28.30 27.70 25.40 25.30 25.50 25.70 25.70 25.90 25.40 26.10 26.10 26.80 26.00 26.10 * 26.00 27.40 26.80 26.20 25.70 25.60 25.40 25.10 25.50 25.30 25.20 25.40 25.10 25.10 25.10 25.10 * 1
2018-01-11 12:48:46 27.90 28.40 28.40 27.90 25.40 25.30 25.50 25.60 25.70 25.80 25.40 26.10 26.10 26.70 26.00 26.10 * 26.00 27.40 26.80 26.20 25.60 25.60 25.40 25.00 25.50 25.30 25.20 25.50 25.10 25.10 25.00 25.10 * 1
2018-01-11 12:48:47 28.00 28.60 28.30 28.30 25.40 25.20 25.60 25.60 25.70 25.80 25.40 26.10 26.10 26.70 26.00 26.10 * 26.10 27.40 26.70 26.10 25.70 25.50 25.40 25.00 25.50 25.20 25.10 25.40 25.00 25.00 24.90 25.00 * 1
2018-01-11 12:48:47 28.10 28.60 28.30 28.40 25.40 25.30 25.60 25.60 25.60 25.80 25.40 26.00 26.10 26.80 26.00 26.10 * 26.10 27.40 26.70 26.00 25.60 25.50 25.30 25.00 25.40 25.20 25.10 25.30 24.90 24.90 24.90 25.00 * 1
2018-01-11 12:48:47 28.10 28.60 28.30 28.50 25.50 25.30 25.60 25.70 25.70 25.80 25.40 26.00 26.10 26.80 25.90 26.10 * 26.00 27.40 26.70 26.00 25.60 25.40 25.20 25.00 25.40 25.20 25.20 25.40 25.00 24.90 24.90 25.00 * 1
2018-01-11 12:48:47 28.10 28.70 28.40 28.40 25.50 25.30 25.60 25.70 25.70 25.80 25.40 26.10 26.10 26.80 26.00 26.10 * 26.10 27.60 26.80 26.10 25.70 25.50 25.30 25.10 25.50 25.30 25.30 25.40 25.00 25.00 25.10 25.10 * 1
2018-01-11 12:49:10 27.00 26.40 26.10 25.50 26.40 28.60 26.00 25.70 25.90 25.80 25.40 26.00 26.00 26.70 26.00 26.10 * 25.20 25.30 25.40 26.10 25.60 25.40 25.10 24.90 25.40 25.20 25.20 25.40 25.00 25.00 25.00 25.10 * 1
2018-01-11 12:49:10 27.00 26.30 26.10 25.50 26.20 28.70 26.20 25.80 26.20 25.70 25.40 26.00 26.00 26.70 26.00 26.10 * 25.30 25.40 25.50 26.20 25.90 25.50 25.30 25.10 25.40 25.30 25.20 25.40 25.00 25.00 25.00 25.10 * 1
2018-01-11 12:49:11 27.00 26.30 26.00 25.50 26.00 28.60 26.40 25.90 26.90 25.90 25.40 26.10 26.10 26.80 26.10 26.10 * 25.40 25.50 25.70 26.20 26.10 25.60 25.40 25.10 25.50 25.40 25.30 25.60 25.10 25.10 25.00 25.20 * 1
2018-01-11 12:49:11 27.00 26.30 26.00 25.50 25.70 28.40 26.70 25.90 27.10 25.90 25.40 26.10 26.10 26.80 26.00 26.20 * 25.30 25.40 25.70 26.10 26.00 25.60 25.30 25.00 25.50 25.40 25.30 25.50 25.10 25.10 25.00 25.10 * 1
2018-01-11 12:49:11 27.00 26.40 26.00 25.40 25.60 28.20 27.20 25.90 27.20 25.80 25.40 26.00 26.10 26.80 26.00 26.20 * 25.40 25.50 25.60 25.90 26.00 25.60 25.30 25.00 25.40 25.30 25.20 25.40 25.00 25.00 25.00 25.10 * 1
2018-01-11 12:49:12 27.00 26.40 26.00 25.40 25.60 28.20 27.20 25.90 27.30 25.80 25.40 26.00 26.10 26.80 26.00 26.20 * 25.50 25.60 25.60 25.90 26.10 25.60 25.30 25.10 25.40 25.30 25.20 25.40 25.00 25.00 25.00 25.10 * 1
2018-01-11 12:49:12 27.00 26.30 26.00 25.50 25.60 28.20 27.10 25.90 27.20 25.90 25.50 26.10 26.10 26.90 26.00 26.10 * 25.50 25.60 25.70 25.90 26.20 25.60 25.40 25.20 25.30 25.30 25.20 25.40 25.00 25.00 24.90 25.00 * 1
2018-01-11 12:49:12 26.90 26.30 26.00 25.40 25.60 28.00 26.90 25.90 27.20 25.80 25.40 26.00 26.10 26.80 26.00 26.20 * 25.40 25.50 25.60 25.90 26.20 25.60 25.30 25.20 25.30 25.20 25.10 25.30 24.90 24.90 24.90 25.00 * 1
