2018-01-11 12:24:28 28.40 26.80 26.30 26.20 28.60 28.30 25.80 25.30 25.80 25.20 25.40 25.70 25.70 25.40 25.90 26.10 * 25.20 25.10 25.00 25.20 26.10 25.80 25.20 25.10 25.00 25.00 25.00 25.00 25.00 24.90 24.70 24.80 * 1
2018-01-11 12:24:28 28.60 26.90 26.40 26.20 28.60 28.30 26.00 25.40 25.90 25.30 25.40 25.70 25.70 25.50 25.90 26.10 * 25.20 25.10 25.10 25.20 26.20 25.80 25.20 25.00 25.00 24.90 25.00 25.00 24.90 24.80 24.60 24.80 * 1
2018-01-11 12:24:28 28.50 26.90 26.40 26.10 28.30 28.30 26.20 25.30 26.10 25.30 25.40 25.80 25.80 25.50 26.00 26.10 * 25.30 25.10 25.10 25.20 26.20 26.00 25.30 25.10 25.00 25.00 25.00 25.10 24.90 24.90 24.60 24.80 * 1
2018-01-11 12:24:28 28.40 26.90 26.30 26.10 28.20 28.50 26.10 25.30 26.30 25.30 25.40 25.80 25.70 25.50 25.90 26.10 * 25.40 25.20 25.10 25.20 26.20 26.00 25.30 25.20 25.10 25.10 25.10 25.10 25.00 25.00 24.70 24.90 * 1
2018-01-11 12:24:29 28.40 26.80 26.20 26.00 28.40 28.50 25.90 25.30 26.30 25.30 25.40 25.70 25.70 25.40 25.80 26.10 * 25.30 25.10 25.10 25.20 26.20 26.00 25.20 25.10 25.10 25.10 25.10 25.10 25.10 25.00 24.80 24.90 * 1
2018-01-11 12:24:29 28.30 26.70 26.20 25.90 28.80 28.50 26.40 25.20 26.40 25.20 25.30 25.70 25.70 25.40 25.80 26.00 * 25.30 25.10 25.10 25.20 26.30 26.00 25.20 25.10 25.10 25.10 25.10 25.20 25.00 25.00 24.80 24.90 * 1
2018-01-11 12:24:29 28.40 26.80 26.30 26.00 28.40 28.80 26.90 25.30 26.70 25.10 25.20 25.60 25.60 25.30 25.70 25.80 * 25.20 25.10 25.00 25.20 26.30 25.80 25.20 25.10 25.20 25.10 25.20 25.20 25.10 25.00 24.80 24.90 * 1
2018-01-11 12:24:29 28.50 26.90 26.30 26.00 28.30 28.90 27.00 25.90 27.00 25.40 25.10 25.50 25.50 25.30 25.70 25.70 * 25.20 25.10 25.00 25.20 26.20 25.60 25.50 25.20 25.60 25.30 25.20 25.20 25.10 25.00 24.80 24.90 * 1
2018-01-11 12:24:30 28.50 26.90 26.30 26.00 28.40 28.70 27.60 26.30 28.40 27.00 26.00 25.60 25.50 25.30 25.60 25.80 * 25.20 25.10 25.00 25.20 26.00 25.50 25.80 25.40 26.00 25.50 25.20 25.20 25.10 25.10 24.80 25.00 * 1
2018-01-11 12:24:30 28.40 26.80 26.20 25.90 25.80 27.80 28.30 29.50 28.90 29.40 27.00 25.70 25.60 25.30 25.70 25.90 * 25.30 25.10 25.00 25.20 25.90 25.80 26.10 25.50 26.20 25.70 25.20 25.20 25.30 25.90 25.00 25.00 * 1
2018-01-11 12:24:30 28.30 26.70 26.20 25.80 25.60 26.00 26.70 27.90 27.30 28.20 26.40 25.70 25.60 25.30 25.70 25.90 * 25.50 25.30 25.20 25.30 25.80 26.60 27.20 28.80 27.40 28.80 26.30 26.00 26.20 27.60 25.10 25.10 * 1
2018-01-11 12:24:30 28.30 26.60 26.10 25.70 25.60 25.20 25.20 25.30 25.60 25.60 25.60 25.80 25.70 25.40 25.80 26.00 * 25.50 25.20 25.20 25.40 25.70 26.30 27.10 28.50 27.40 28.50 28.20 28.40 28.30 28.50 25.70 25.10 * 1
2018-01-11 12:24:31 28.20 26.60 26.10 25.70 25.50 25.20 25.10 25.00 25.60 25.30 25.50 25.90 25.80 25.60 26.00 26.20 * 25.40 25.20 25.10 25.30 25.70 26.00 26.70 27.90 26.90 28.10 28.90 29.70 30.50 28.60 27.70 26.50 * 1
2018-01-11 12:24:31 28.30 26.70 26.10 25.70 25.50 25.20 25.20 25.10 25.60 25.30 25.40 25.80 25.80 25.50 25.90 26.10 * 25.30 25.20 25.10 25.20 25.60 25.60 26.20 27.70 26.40 28.10 28.70 29.60 30.90 28.40 28.80 29.10 * 1
2018-01-11 12:24:31 28.30 26.70 26.10 25.70 25.50 25.10 25.20 25.00 25.50 25.20 25.30 25.80 25.70 25.40 25.90 26.10 * 25.20 25.10 25.10 25.20 25.60 25.30 26.00 27.90 26.40 28.80 29.00 29.60 30.90 29.20 28.70 30.30 * 1
2018-01-11 12:24:32 28.20 26.70 26.10 25.70 25.40 25.10 25.20 25.00 25.50 25.20 25.30 25.80 25.70 25.50 25.90 26.10 * 25.20 25.10 25.10 25.20 25.60 25.30 26.00 28.20 26.50 29.00 29.20 29.80 31.10 29.30 28.70 30.40 * 1
2018-01-11 12:24:32 28.10 26.60 26.00 25.70 25.40 25.10 25.10 25.00 25.60 25.20 25.30 25.80 25.70 25.50 25.90 26.10 * 25.30 25.10 25.10 25.20 25.60 25.30 26.30 28.30 26.80 29.10 29.30 29.90 31.10 29.40 28.80 30.30 * 1
2018-01-11 12:24:32 28.20 26.60 26.10 25.70 25.40 25.20 25.10 25.00 25.40 25.10 25.20 25.70 25.60 25.40 25.80 25.90 * 25.30 25.20 25.10 25.30 25.60 25.40 26.50 28.40 26.90 29.00 29.30 29.90 31.00 29.50 28.70 30.10 * 1
2018-01-11 12:24:32 28.10 26.60 26.10 25.70 25.40 25.10 25.10 25.00 25.40 25.10 25.20 25.70 25.60 25.40 25.80 25.90 * 25.30 25.20 25.10 25.30 25.60 25.40 26.50 28.40 27.10 29.00 29.40 30.00 30.90 29.70 28.80 30.10 * 1
2018-01-11 12:24:33 28.20 26.60 26.10 25.70 25.40 25.20 25.20 25.00 25.40 25.10 25.30 25.70 25.60 25.40 25.80 26.00 * 25.40 25.20 25.10 25.30 25.70 25.40 26.90 28.50 27.10 28.90 29.30 29.90 30.70 29.70 28.70 29.90 * 1
2018-01-11 12:24:33 28.30 26.70 26.10 25.80 25.50 25.30 25.20 25.00 25.50 25.10 25.20 25.70 25.60 25.40 25.70 25.90 * 25.30 25.20 25.10 25.20 25.70 25.40 26.80 28.50 27.00 29.00 29.40 30.00 30.70 29.80 28.70 30.00 * 1
2018-01-11 12:24:33 28.30 26.70 26.10 25.80 25.60 25.20 25.20 25.00 25.40 25.00 25.20 25.60 25.50 25.30 25.70 25.80 * 25.30 25.20 25.10 25.30 25.70 25.40 26.60 28.50 26.90 29.10 29.50 30.10 30.70 29.90 28.70 30.00 * 1
2018-01-11 12:24:33 28.30 26.80 26.10 25.80 25.60 25.20 25.30 25.10 25.20 25.00 25.10 25.60 25.40 25.20 25.70 25.80 * 25.30 25.30 25.10 25.30 25.70 25.40 26.40 28.50 26.70 29.10 29.50 30.20 30.70 30.00 28.70 30.00 * 1
2018-01-11 12:24:34 28.40 26.80 26.20 25.80 25.60 25.30 25.30 25.20 25.10 25.00 25.10 25.60 25.50 25.20 25.70 25.80 * 25.20 25.20 25.10 25.20 25.60 25.20 26.30 28.60 26.70 29.10 29.70 30.20 30.40 30.40 28.70 29.70 * 1
2018-01-11 12:24:34 28.30 26.70 26.20 25.70 25.60 25.20 25.20 25.10 25.20 25.10 25.10 25.60 25.50 25.30 25.60 25.80 * 25.30 25.20 25.10 25.20 25.70 25.30 26.30 28.80 26.70 29.10 29.70 30.10 30.30 30.30 28.60 29.70 * 1
2018-01-11 12:24:34 28.30 26.60 26.10 25.70 25.50 25.20 25.20 25.10 25.40 25.10 25.10 25.60 25.60 25.30 25.80 25.90 * 25.40 25.20 25.10 25.20 25.70 25.30 26.20 28.70 26.60 29.10 29.90 30.10 30.30 30.30 28.60 29.30 * 1
2018-01-11 12:24:35 28.20 26.60 26.10 25.80 25.50 25.20 25.20 25.00 25.40 25.10 25.20 25.60 25.60 25.30 25.80 26.00 * 25.20 25.10 25.10 25.20 25.60 25.30 26.00 28.60 26.80 29.50 30.10 30.20 30.30 30.60 28.60 28.00 * 1
2018-01-11 12:24:35 28.20 26.70 26.10 25.70 25.50 25.20 25.20 25.00 25.50 25.10 25.30 25.70 25.70 25.40 25.90 26.00 * 25.20 25.10 25.10 25.20 25.60 25.30 26.20 28.80 27.00 29.60 30.20 30.20 30.30 30.50 27.90 27.20 * 1
2018-01-11 12:24:35 28.30 26.70 26.10 25.70 25.50 25.20 25.20 25.10 25.30 25.10 25.20 25.70 25.60 25.30 25.80 25.90 * 25.20 25.10 25.10 25.20 25.60 25.30 26.40 28.90 27.20 29.60 30.30 30.10 30.30 30.40 26.90 27.20 * 1
2018-01-11 12:24:35 28.20 26.70 26.10 25.70 25.40 25.20 25.20 25.00 25.30 25.10 25.20 25.70 25.60 25.30 25.70 25.90 * 25.30 25.10 25.10 25.20 25.60 25.30 26.70 29.00 27.30 29.60 30.30 30.10 30.20 30.20 25.90 27.60 * 1
2018-01-11 12:24:36 28.20 26.60 26.00 25.70 25.40 25.10 25.10 25.00 25.40 25.20 25.30 25.80 25.70 25.40 25.80 26.00 * 25.30 25.20 25.10 25.20 25.60 25.40 26.80 29.10 27.30 29.50 30.20 30.00 30.10 30.00 26.90 27.00 * 1
2018-01-11 12:24:36 28.30 26.60 26.00 25.70 25.40 25.10 25.10 25.00 25.50 25.30 25.30 25.80 25.70 25.50 25.90 26.00 * 25.40 25.30 25.20 25.30 25.70 25.40 27.50 29.10 27.80 29.50 30.20 30.00 30.40 29.00 28.50 25.90 * 1
2018-01-11 12:24:36 28.30 26.70 26.10 25.80 25.50 25.20 25.20 25.10 25.50 25.20 25.40 25.80 25.70 25.40 25.90 26.10 * 25.40 25.20 25.20 25.20 25.60 25.40 28.00 29.20 28.20 29.60 30.30 30.10 29.60 27.70 28.40 25.90 * 1
2018-01-11 12:24:36 28.20 26.60 26.00 25.70 25.40 25.10 25.20 25.00 25.60 25.30 25.50 25.90 25.90 25.60 25.90 26.20 * 25.40 25.20 25.20 25.50 25.80 25.50 28.30 29.30 28.50 29.60 30.40 29.90 28.50 26.80 28.30 25.90 * 1
2018-01-11 12:24:37 28.30 26.60 26.10 25.80 25.50 25.20 25.20 25.00 25.60 25.30 25.40 25.90 25.80 25.50 25.90 26.10 * 25.40 25.20 25.30 26.30 27.30 26.20 28.60 29.40 28.80 29.60 30.30 29.70 28.10 26.10 28.30 25.90 * 1
2018-01-11 12:24:37 28.20 26.60 26.00 25.70 25.40 25.20 25.20 25.00 25.60 25.30 25.40 25.90 25.70 25.50 25.90 26.10 * 25.30 25.20 25.20 26.10 28.50 28.00 28.80 29.20 29.00 29.00 28.30 26.50 25.60 25.70 28.50 25.90 * 1
2018-01-11 12:24:37 28.20 26.70 26.00 25.70 25.40 25.20 25.20 25.10 25.60 25.30 25.50 25.80 25.80 25.50 25.90 26.10 * 25.10 25.00 25.00 25.20 26.70 29.80 28.80 28.50 28.90 28.80 27.20 25.50 25.30 26.00 28.60 25.90 * 1
2018-01-11 12:24:37 28.20 26.70 26.00 25.70 25.40 25.20 25.20 25.00 25.60 25.30 25.40 25.80 25.80 25.50 25.90 26.10 * 25.20 25.00 25.00 25.20 26.10 29.30 28.30 28.30 28.40 28.50 27.00 25.50 25.30 26.00 28.70 25.90 * 1
2018-01-11 12:24:38 28.20 26.70 26.00 25.80 25.40 25.20 25.20 25.00 25.40 25.20 25.30 25.70 25.60 25.40 25.80 26.00 * 25.20 25.10 25.10 25.30 26.00 28.90 27.90 27.80 28.00 27.80 27.90 25.50 25.30 26.00 28.70 26.00 * 1
2018-01-11 12:24:38 28.30 26.70 26.10 25.80 25.50 25.20 25.20 25.10 25.50 25.20 25.30 25.70 25.70 25.50 25.80 26.00 * 25.20 25.10 25.10 25.30 26.00 28.60 28.00 27.40 28.00 27.30 28.70 25.40 25.20 25.90 28.60 25.90 * 1
2018-01-11 12:24:38 28.30 26.60 26.20 25.80 25.50 25.20 25.20 25.10 25.40 25.20 25.20 25.70 25.70 25.40 25.80 25.90 * 25.30 25.20 25.10 25.40 26.10 28.70 27.90 27.30 27.80 27.40 28.90 25.80 25.60 26.20 27.10 25.70 * 1
2018-01-11 12:24:39 28.30 26.60 26.20 25.70 25.50 25.20 25.20 25.00 25.50 25.20 25.30 25.70 25.70 25.40 25.80 25.90 * 25.30 25.10 25.10 25.50 26.80 27.90 28.00 27.60 27.90 27.80 28.80 25.90 25.40 25.10 24.90 25.00 * 1
2018-01-11 12:24:39 28.30 26.70 26.20 25.70 25.50 25.20 25.20 25.10 25.50 25.30 25.20 25.70 25.70 25.40 25.80 25.90 * 25.30 25.20 25.20 26.00 27.40 27.40 28.00 27.80 28.00 28.00 28.80 25.90 25.20 25.10 24.90 25.10 * 1
2018-01-11 12:24:39 28.40 26.70 26.20 25.90 25.60 25.30 25.40 25.20 25.40 25.20 25.20 25.70 25.60 25.30 25.70 25.90 * 25.30 25.20 25.20 26.60 27.70 27.90 28.00 27.90 28.10 28.00 28.80 26.00 25.20 25.10 24.90 25.10 * 1
2018-01-11 12:24:39 28.40 26.70 26.20 25.90 25.60 25.30 25.30 25.20 25.40 25.10 25.20 25.60 25.50 25.30 25.70 25.90 * 25.20 25.10 25.10 27.00 28.30 27.90 27.90 27.80 28.20 28.20 28.60 25.80 25.20 25.20 25.00 25.10 * 1
2018-01-11 12:24:40 28.30 26.70 26.10 25.80 25.60 25.20 25.30 25.20 25.50 25.20 25.30 25.70 25.60 25.40 25.80 26.00 * 25.20 25.10 25.10 27.00 28.70 27.80 28.00 27.90 28.30 28.30 28.60 25.80 25.30 25.20 25.00 25.10 * 1
2018-01-11 12:24:40 28.30 26.70 26.10 25.80 25.70 25.20 25.30 25.10 25.70 25.30 25.40 25.80 25.80 25.50 25.90 26.10 * 25.10 25.10 25.10 27.10 28.90 27.80 28.00 27.90 28.20 28.30 28.60 25.80 25.30 25.10 25.00 25.10 * 1
2018-01-11 12:24:40 28.30 26.70 26.10 25.90 26.40 25.30 25.30 25.10 25.70 25.30 25.30 25.70 25.70 25.40 25.80 26.10 * 25.10 25.00 25.10 27.10 29.00 27.20 27.90 27.80 28.00 28.20 28.60 25.80 25.20 25.20 25.00 25.10 * 1
2018-01-11 12:24:40 28.40 26.70 26.20 26.10 30.00 26.30 25.40 25.20 25.70 25.20 25.30 25.70 25.70 25.40 25.80 26.00 * 25.20 25.00 25.10 27.10 29.00 26.60 27.80 27.80 27.90 28.20 28.60 25.80 25.20 25.20 25.00 25.10 * 1
2018-01-11 12:24:41 28.40 26.80 26.20 26.00 30.30 26.80 25.40 25.20 25.60 25.20 25.30 25.60 25.60 25.30 25.80 25.90 * 25.40 25.20 25.20 27.30 29.10 26.80 27.90 27.90 28.00 28.20 28.60 25.90 25.10 25.10 24.90 25.10 * 1
2018-01-11 12:24:41 28.40 26.80 26.20 26.00 30.20 27.00 25.50 25.30 25.60 25.20 25.20 25.60 25.60 25.30 25.70 25.90 * 25.30 25.10 25.20 27.20 29.10 26.70 27.80 27.90 28.00 28.30 28.70 26.00 25.20 25.20 25.00 25.20 * 1
2018-01-11 12:24:41 28.40 26.80 26.20 26.00 30.30 27.10 25.50 25.30 25.60 25.20 25.30 25.70 25.60 25.30 25.80 26.00 * 25.20 25.10 25.20 27.20 29.10 26.60 27.80 27.90 27.90 28.20 28.70 25.90 25.20 25.10 24.90 25.10 * 1
2018-01-11 12:24:41 28.30 26.70 26.10 26.00 30.30 26.90 25.40 25.10 25.60 25.20 25.20 25.60 25.60 25.30 25.70 25.90 * 25.30 25.20 25.30 27.30 29.30 26.60 27.90 28.00 27.90 28.10 28.60 25.80 25.10 25.00 24.90 25.00 * 1
2018-01-11 12:24:42 28.30 26.70 26.10 26.00 30.20 26.80 25.30 25.10 25.50 25.10 25.20 25.60 25.60 25.30 25.60 25.90 * 25.30 25.20 25.30 27.20 29.20 26.80 28.00 28.00 27.90 28.10 28.50 25.70 25.00 25.00 24.90 24.90 * 1
2018-01-11 12:24:42 28.40 26.80 26.20 26.10 30.40 26.80 25.40 25.20 25.70 25.20 25.30 25.80 25.70 25.40 25.80 25.90 * 25.50 25.30 25.40 27.40 29.20 26.80 28.00 28.20 27.70 28.10 28.60 25.70 25.10 25.00 24.80 25.00 * 1
2018-01-11 12:24:42 28.50 26.90 26.30 26.20 30.80 26.90 25.50 25.30 25.90 25.30 25.50 25.90 25.80 25.50 25.90 26.00 * 25.40 25.30 25.30 27.30 29.20 26.40 28.00 28.10 27.80 28.20 28.60 25.80 25.10 25.00 24.90 25.00 * 1
2018-01-11 12:24:42 28.40 26.90 26.20 26.20 30.90 27.00 25.50 25.20 25.80 25.30 25.40 25.80 25.80 25.50 25.90 26.00 * 25.40 25.30 25.30 27.30 29.20 26.30 28.00 28.00 27.90 28.30 28.70 25.90 25.20 25.10 25.00 25.10 * 1
2018-01-11 12:24:43 28.40 26.80 26.20 26.10 30.90 27.00 25.50 25.20 25.90 25.40 25.40 25.90 25.80 25.60 25.90 26.10 * 25.30 25.20 25.20 27.20 29.10 26.20 27.80 27.90 27.90 28.30 28.70 25.90 25.20 25.10 24.90 25.10 * 1
2018-01-11 12:24:43 28.30 26.70 26.20 26.10 30.90 27.00 25.40 25.20 25.90 25.40 25.40 25.90 25.80 25.60 25.90 26.10 * 25.20 25.20 25.20 27.10 28.80 25.90 27.80 27.80 27.90 28.30 28.70 25.90 25.20 25.10 24.90 25.00 * 1
2018-01-11 12:24:43 28.30 26.70 26.20 26.10 30.60 27.00 25.40 25.30 25.90 25.40 25.40 25.80 25.80 25.50 25.90 26.10 * 25.10 25.00 25.10 27.00 28.10 25.60 27.70 27.80 28.00 28.30 28.80 25.90 25.30 25.10 25.00 25.10 * 1
2018-01-11 12:24:44 28.30 26.70 26.10 26.00 29.70 26.50 25.30 25.20 25.70 25.30 25.30 25.70 25.70 25.40 25.80 26.00 * 25.10 25.00 25.10 27.00 27.50 26.10 27.70 27.80 28.00 28.30 28.80 25.90 25.30 25.20 25.00 25.10 * 1
2018-01-11 12:24:44 28.30 26.60 26.10 26.00 29.90 26.60 25.30 25.10 25.80 25.30 25.30 25.80 25.60 25.40 25.80 25.90 * 25.20 25.10 25.20 27.10 26.90 27.10 27.90 27.90 28.10 28.30 28.80 25.90 25.30 25.20 25.00 25.20 * 1
2018-01-11 12:24:44 28.40 26.80 26.30 26.00 30.50 27.70 25.50 25.30 26.00 25.40 25.40 25.90 25.70 25.50 25.90 26.00 * 25.30 25.30 25.30 27.20 26.70 27.40 28.10 28.10 28.00 28.30 28.80 25.90 25.20 25.10 24.90 25.10 * 1
2018-01-11 12:24:44 28.40 26.80 26.30 26.00 30.30 28.30 25.60 25.30 26.00 25.30 25.40 25.80 25.70 25.40 25.90 26.10 * 25.30 25.20 25.30 27.20 26.70 27.30 28.10 28.10 28.00 28.20 28.70 25.80 25.10 25.10 24.90 25.00 * 1
2018-01-11 12:24:45 28.30 26.70 26.20 25.90 30.10 28.30 25.60 25.20 25.80 25.10 25.10 25.60 25.50 25.30 25.70 25.90 * 25.30 25.20 25.20 27.10 26.70 27.30 28.00 28.10 28.00 28.30 28.70 25.80 25.10 25.10 24.90 25.00 * 1
2018-01-11 12:24:45 28.30 26.70 26.30 26.00 30.30 28.00 25.60 25.30 25.80 25.10 25.10 25.60 25.50 25.30 25.70 25.90 * 25.30 25.20 25.20 27.10 26.60 27.30 27.90 28.00 28.00 28.30 28.80 25.90 25.20 25.10 24.90 25.00 * 1
2018-01-11 12:24:45 28.40 26.80 26.30 26.00 30.30 27.80 25.60 25.30 25.90 25.20 25.20 25.60 25.60 25.30 25.70 26.00 * 25.30 25.20 25.20 27.10 26.60 27.30 28.00 28.00 28.00 28.30 28.80 25.80 25.20 25.10 25.00 25.00 * 1
2018-01-11 12:24:45 28.30 26.70 26.20 26.00 30.10 27.50 25.60 25.30 25.80 25.10 25.30 25.60 25.50 25.20 25.70 25.90 * 25.30 25.20 25.20 27.20 26.70 27.40 28.00 28.00 28.00 28.30 28.70 25.80 25.20 25.10 24.90 25.00 * 1
2018-01-11 12:24:46 28.30 26.70 26.20 26.00 29.30 26.70 25.40 25.20 25.70 25.20 25.30 25.60 25.50 25.30 25.70 25.90 * 25.30 25.20 25.20 27.20 26.50 28.00 28.10 28.00 28.10 28.30 28.70 25.80 25.20 25.10 24.90 25.00 * 1
2018-01-11 12:25:07 28.20 26.60 26.00 26.40 28.40 28.40 25.30 24.90 25.60 25.10 25.30 25.70 25.60 25.40 25.80 26.00 * 25.20 25.10 25.10 25.30 26.70 25.80 25.30 25.10 25.20 25.10 25.20 25.20 25.10 25.00 24.80 24.90 * 1
2018-01-11 12:25:07 28.10 26.50 26.00 26.20 28.20 28.30 25.30 24.80 25.60 25.20 25.30 25.70 25.60 25.40 25.80 26.00 * 25.30 25.10 25.00 25.30 26.70 26.00 25.30 25.10 25.40 25.30 25.30 25.30 25.20 25.10 24.90 25.10 * 1
2018-01-11 12:25:08 28.20 26.60 26.00 26.00 28.00 28.50 25.80 24.90 26.40 25.10 25.30 25.70 25.60 25.40 25.70 25.90 * 25.30 25.10 25.00 25.30 26.70 26.10 25.40 25.20 25.30 25.20 25.20 25.20 25.10 25.00 24.80 25.00 * 1
2018-01-11 12:25:08 28.30 26.70 26.10 25.90 27.90 28.50 26.30 25.10 26.40 25.20 25.30 25.80 25.70 25.40 25.80 25.90 * 25.40 25.20 25.10 25.30 26.60 26.10 25.50 25.30 25.30 25.20 25.20 25.20 25.10 25.00 24.80 25.00 * 1
2018-01-11 12:25:08 28.30 26.70 26.10 26.00 28.20 28.40 26.10 25.20 26.10 25.20 25.30 25.80 25.60 25.40 25.80 25.90 * 25.50 25.30 25.20 25.40 26.60 26.20 25.50 25.30 25.40 25.20 25.20 25.30 25.10 25.10 24.90 25.00 * 1
2018-01-11 12:25:08 28.30 26.70 26.10 26.10 28.40 28.30 26.00 25.10 25.90 25.10 25.20 25.60 25.50 25.30 25.70 25.90 * 25.50 25.30 25.20 25.40 26.60 26.10 25.40 25.20 25.20 25.10 25.10 25.20 25.00 25.00 24.70 24.90 * 1
2018-01-11 12:25:09 28.30 26.70 26.20 26.30 28.50 28.40 26.20 25.10 26.00 25.10 25.20 25.60 25.50 25.30 25.70 25.90 * 25.20 25.00 25.00 25.20 26.40 26.10 25.30 25.10 25.30 25.10 25.10 25.10 25.00 25.00 24.70 24.90 * 1
2018-01-11 12:25:09 28.30 26.90 26.20 26.50 28.20 28.20 27.80 25.80 27.60 25.60 25.30 25.70 25.60 25.30 25.70 26.00 * 25.20 25.00 25.00 25.20 26.40 26.50 25.40 25.10 25.70 25.30 25.20 25.20 25.10 25.10 24.90 25.00 * 1
2018-01-11 12:25:09 28.30 26.80 26.20 27.20 27.60 28.40 29.10 26.10 28.80 25.70 25.20 25.60 25.50 25.30 25.70 25.90 * 25.20 25.00 25.00 25.20 26.40 26.70 25.60 25.20 25.90 25.40 26.70 26.70 25.10 25.00 24.80 24.90 * 1
2018-01-11 12:25:10 28.30 26.70 26.20 26.80 27.00 27.50 28.20 26.70 28.80 26.70 25.40 25.60 25.60 25.40 25.70 25.90 * 25.30 25.20 25.10 25.30 26.10 26.70 26.40 25.90 26.60 26.20 26.80 27.90 25.40 25.00 24.80 24.90 * 1
2018-01-11 12:25:10 28.20 26.60 26.10 25.80 26.00 26.00 26.90 26.90 27.20 27.80 27.70 27.90 26.80 25.60 25.80 26.00 * 25.30 25.20 25.10 25.30 26.00 26.80 27.20 27.10 27.20 27.30 28.10 28.10 26.50 25.00 24.80 24.90 * 1
