2018-01-11 12:50:03 26.90 26.30 25.90 25.30 25.30 25.20 25.50 25.60 25.90 25.90 25.50 26.10 26.10 26.90 26.10 26.30 * 25.60 26.90 27.60 27.80 27.40 27.00 26.50 25.30 26.40 25.20 25.10 25.30 24.90 24.90 24.90 25.00 * 1
2018-01-11 12:50:03 26.90 26.30 26.00 25.40 25.30 25.30 25.60 25.70 25.80 25.90 25.50 26.10 26.10 26.80 26.10 26.20 * 25.60 26.80 27.60 27.70 27.40 27.00 26.40 25.20 26.40 25.20 25.10 25.40 24.90 24.90 24.90 24.90 * 1
2018-01-11 12:50:04 26.90 26.30 26.00 25.40 25.40 25.30 25.60 25.70 25.80 25.90 25.60 26.10 26.20 26.90 26.10 26.30 * 25.60 26.70 27.60 27.60 27.30 26.90 26.40 25.10 26.50 25.20 25.10 25.30 24.90 24.90 24.80 24.90 * 1
2018-01-11 12:50:04 27.00 26.30 26.00 25.30 25.40 25.30 25.60 25.70 25.80 26.00 25.70 26.20 26.30 27.00 26.10 26.30 * 25.50 26.60 27.50 27.60 27.30 26.80 26.40 25.10 26.50 25.30 25.20 25.40 24.90 25.00 24.90 25.00 * 1
2018-01-11 12:50:04 27.00 26.30 26.00 25.50 25.40 25.30 25.60 25.70 25.80 25.90 25.60 26.10 26.20 26.90 26.10 26.30 * 25.50 26.70 27.50 27.70 27.40 26.90 26.40 25.20 26.50 25.30 25.20 25.40 24.90 25.00 25.00 25.00 * 1
2018-01-11 12:50:04 27.10 26.40 26.10 25.60 25.40 25.40 25.70 25.80 25.80 25.90 25.50 26.10 26.10 26.90 26.00 26.30 * 25.60 26.80 27.60 27.70 27.40 26.90 26.50 25.20 26.50 25.30 25.20 25.40 25.00 25.00 25.00 25.00 * 1
2018-01-11 12:50:05 27.10 26.40 26.00 25.50 25.40 25.40 25.60 25.70 25.80 25.90 25.50 26.00 26.10 26.80 26.10 26.10 * 25.60 26.80 27.60 27.70 27.40 26.90 26.50 25.30 26.50 25.30 25.20 25.40 25.00 25.00 25.00 25.10 * 1
2018-01-11 12:50:05 27.00 26.40 26.00 25.40 25.40 25.30 25.60 25.60 25.70 25.80 25.40 26.00 26.00 26.80 26.00 26.10 * 25.60 26.80 27.60 27.80 27.40 27.00 26.50 25.30 26.50 25.20 25.20 25.40 24.90 24.90 25.00 25.10 * 1
2018-01-11 12:50:05 26.90 26.30 26.00 25.40 25.40 25.30 25.50 25.60 25.70 25.80 25.40 26.00 26.00 26.80 26.00 26.10 * 25.60 26.80 27.60 27.70 27.40 27.00 26.50 25.30 26.60 25.30 25.20 25.40 25.00 24.90 25.00 25.10 * 1
2018-01-11 12:50:06 27.00 26.40 26.00 25.50 25.40 25.30 25.70 25.70 25.70 25.80 25.40 26.00 26.10 26.80 25.90 26.10 * 25.60 26.60 27.50 27.70 27.50 27.00 26.50 25.30 26.50 25.40 25.20 25.40 25.00 25.00 25.00 25.10 * 1
2018-01-11 12:50:06 27.00 26.40 26.10 25.50 25.40 25.30 25.70 25.70 25.60 25.80 25.40 26.00 26.00 26.80 25.90 26.10 * 25.60 26.40 27.60 27.90 27.70 27.00 26.20 25.70 26.40 25.70 25.30 25.40 25.00 25.00 25.00 25.10 * 1
2018-01-11 12:50:06 27.00 26.40 26.00 25.40 25.40 25.30 25.60 25.70 25.80 25.90 25.50 26.10 26.10 26.90 26.00 26.10 * 25.50 26.30 27.70 27.80 27.80 27.00 26.30 25.90 26.60 26.20 25.20 25.50 25.00 25.00 25.00 25.10 * 1
2018-01-11 12:50:06 27.00 26.40 26.00 25.40 25.30 25.30 25.50 25.60 25.80 25.90 25.40 26.10 26.10 26.90 26.10 26.20 * 25.50 26.70 27.50 27.70 27.70 27.10 26.50 25.70 26.90 25.90 25.20 25.40 25.00 25.00 25.00 25.10 * 1
2018-01-11 12:50:07 27.00 26.40 26.00 25.60 25.40 25.30 25.60 25.70 25.80 25.90 25.50 26.20 26.20 26.90 26.10 26.20 * 25.70 27.20 27.30 27.50 27.70 27.30 26.60 25.50 26.90 25.80 25.20 25.50 25.00 25.00 25.00 25.10 * 1
2018-01-11 12:50:07 27.00 26.30 26.00 25.80 25.40 25.30 25.60 25.70 25.80 25.90 25.50 26.10 26.10 26.90 26.10 26.20 * 25.80 27.40 27.00 27.40 27.80 27.20 26.80 25.50 26.90 25.80 25.20 25.40 25.00 25.00 25.00 25.10 * 1
2018-01-11 12:50:07 27.00 26.30 26.00 25.90 25.50 25.30 25.60 25.70 25.90 25.90 25.50 26.10 26.10 26.90 26.10 26.20 * 25.90 27.20 27.00 27.70 27.80 27.10 26.80 25.60 26.70 25.70 25.10 25.30 24.90 24.90 24.90 24.90 * 1
2018-01-11 12:50:07 27.00 26.50 26.20 25.90 25.40 25.30 25.60 25.70 25.80 25.90 25.60 26.10 26.20 26.90 26.10 26.20 * 25.90 27.00 26.70 28.00 27.90 27.10 26.70 25.60 26.70 25.60 25.10 25.30 24.90 24.80 24.90 24.90 * 1
2018-01-11 12:50:08 27.20 27.20 26.50 26.30 25.40 25.30 25.60 25.70 25.80 25.90 25.60 26.10 26.20 26.90 26.10 26.20 * 25.80 26.70 26.30 28.20 28.10 27.50 26.80 25.60 26.80 25.50 25.10 25.30 24.90 24.80 24.90 24.90 * 1
2018-01-11 12:50:08 27.40 27.90 27.00 26.70 25.50 25.30 25.60 25.70 25.80 25.90 25.60 26.10 26.20 26.90 26.10 26.20 * 25.80 26.50 26.30 28.30 28.10 28.00 26.90 25.50 26.80 25.50 25.10 25.40 25.00 24.90 24.90 24.90 * 1
2018-01-11 12:50:08 27.50 28.00 27.70 26.90 25.50 25.30 25.60 25.70 25.70 25.90 25.50 26.10 26.10 26.80 26.00 26.10 * 25.60 26.30 26.60 28.40 28.10 28.20 26.80 25.40 26.80 25.50 25.20 25.40 25.00 25.00 25.00 25.00 * 1
2018-01-11 12:50:08 27.80 28.00 28.10 26.70 25.60 25.40 25.70 25.80 25.70 25.90 25.50 26.10 26.10 26.90 26.00 26.10 * 25.60 26.30 26.70 28.50 28.20 28.20 26.80 25.50 26.90 25.60 25.20 25.50 25.10 25.00 25.00 25.00 * 1
2018-01-11 12:50:09 27.80 28.20 28.10 26.80 25.40 25.30 25.60 25.70 25.80 25.90 25.50 26.10 26.20 26.90 26.00 26.20 * 25.70 26.30 26.70 28.50 28.20 28.30 26.90 25.50 26.90 25.60 25.20 25.50 25.10 25.10 25.00 25.00 * 1
2018-01-11 12:50:09 27.90 28.20 28.20 26.80 25.50 25.40 25.70 25.70 25.80 25.90 25.40 26.00 26.10 26.80 26.00 26.20 * 25.80 26.30 26.80 28.50 28.30 28.40 27.00 25.50 26.80 25.60 25.20 25.40 25.00 25.00 25.00 25.00 * 1
2018-01-11 12:50:09 27.70 28.10 28.10 26.60 25.50 25.40 25.60 25.70 25.70 25.80 25.40 26.00 26.00 26.80 25.90 26.10 * 25.60 26.20 26.50 28.40 28.20 28.20 26.80 25.30 26.80 25.50 25.10 25.40 25.00 24.90 24.90 25.00 * 1
2018-01-11 12:50:10 27.30 27.50 27.80 26.30 25.50 25.30 25.60 25.70 25.60 25.70 25.30 25.90 26.00 26.70 25.90 25.90 * 25.60 26.30 26.40 28.40 28.20 28.20 26.80 25.30 26.80 25.50 25.00 25.40 24.90 24.90 24.90 25.00 * 1
2018-01-11 12:50:10 27.10 26.60 26.90 25.80 25.50 25.30 25.70 25.70 25.60 25.70 25.40 26.00 26.00 26.70 25.90 26.00 * 25.70 26.60 26.30 28.40 28.30 28.20 26.80 25.40 26.90 25.50 25.10 25.30 25.00 25.00 24.90 25.00 * 1
2018-01-11 12:50:10 26.90 26.30 26.10 25.50 25.40 25.30 25.60 25.70 25.60 25.80 25.40 26.00 26.00 26.70 25.90 26.00 * 25.80 26.80 26.40 28.50 28.30 28.20 26.80 25.40 26.90 25.50 25.20 25.40 25.00 25.00 24.90 25.00 * 1
