2018-01-11 12:39:30 29.60 29.70 28.70 28.60 27.60 25.20 25.30 25.50 25.50 25.80 25.50 26.00 26.00 26.70 26.00 26.20 * 25.90 27.00 26.80 26.60 25.40 25.30 25.10 24.90 25.20 25.10 25.00 25.20 24.80 24.80 24.80 24.90 * 1
2018-01-11 12:39:31 29.90 29.90 28.60 28.30 27.80 25.30 25.30 25.60 25.60 25.90 25.50 26.00 26.10 26.70 26.00 26.20 * 25.90 26.70 25.50 25.90 25.40 25.40 25.20 24.90 25.20 25.10 25.10 25.30 24.90 24.80 24.90 25.00 * 0
2018-01-11 12:39:31 29.10 29.10 28.40 28.40 28.40 25.60 25.50 25.80 25.70 26.00 25.60 26.10 26.10 26.80 26.00 26.20 * 25.90 26.70 25.50 26.10 25.40 25.40 25.20 25.00 25.30 25.20 25.20 25.40 25.00 25.00 25.00 25.10 * 0
2018-01-11 12:39:31 27.60 26.60 26.20 26.90 29.50 27.40 25.50 25.70 25.70 25.90 25.60 26.10 26.10 26.90 26.00 26.20 * 25.70 26.40 25.50 26.50 25.50 25.40 25.10 25.00 25.30 25.20 25.20 25.40 25.00 25.00 24.90 25.00 * 0
2018-01-11 12:39:32 27.60 26.60 26.10 25.70 28.20 28.80 25.90 25.80 25.80 25.90 25.60 26.10 26.10 26.90 26.10 26.30 * 25.50 25.80 25.70 26.50 25.80 25.40 25.20 25.00 25.30 25.20 25.10 25.30 25.00 24.90 24.90 25.00 * 0
2018-01-11 12:39:32 27.60 26.60 26.10 25.50 26.60 29.40 27.10 25.90 26.90 26.00 25.70 26.10 26.10 26.80 26.10 26.30 * 25.30 25.40 25.60 26.50 25.90 25.50 25.20 25.00 25.30 25.10 25.10 25.30 24.90 24.80 24.90 24.90 * 0
2018-01-11 12:39:32 27.50 26.60 26.00 25.40 25.60 28.50 28.50 26.30 29.00 27.30 25.60 26.10 26.10 26.80 26.00 26.30 * 25.30 25.40 25.50 26.40 25.90 25.90 25.30 25.10 25.30 25.10 25.10 25.30 24.90 24.80 24.80 24.90 * 0
2018-01-11 12:39:32 27.50 26.50 26.00 25.30 25.30 26.70 28.40 27.20 28.30 28.60 25.70 26.10 26.10 26.80 26.00 26.20 * 25.20 25.40 25.40 25.90 25.80 25.90 25.30 25.10 25.50 25.10 25.10 25.30 24.90 24.80 24.90 24.90 * 0
2018-01-11 12:39:33 27.50 26.50 25.90 25.30 25.20 25.20 26.50 28.10 27.20 29.00 26.00 26.10 26.10 26.80 26.00 26.20 * 25.20 25.40 25.40 25.40 25.60 25.90 25.40 25.00 25.70 25.20 25.10 25.30 24.90 24.80 24.90 24.90 * 0
2018-01-11 12:39:33 27.50 26.50 25.90 25.30 25.20 25.10 25.60 27.90 26.30 28.80 26.40 26.00 26.10 26.80 26.00 26.30 * 25.20 25.30 25.40 25.40 25.40 25.90 25.90 25.10 26.20 25.40 25.10 25.30 24.90 24.90 24.90 25.00 * 0
2018-01-11 12:39:33 27.50 26.50 26.00 25.30 25.30 25.20 25.40 27.70 25.90 27.90 28.00 26.30 26.10 26.80 26.00 26.20 * 25.20 25.30 25.40 25.40 25.40 25.80 26.30 25.30 26.40 25.50 25.10 25.30 24.90 24.90 24.90 25.00 * 0
2018-01-11 12:39:33 27.50 26.50 26.00 25.30 25.30 25.20 25.40 27.40 25.80 27.20 28.50 27.40 26.10 26.70 26.00 26.20 * 25.20 25.30 25.40 25.40 25.30 25.30 26.30 25.60 26.30 25.90 25.80 25.40 25.00 24.90 24.90 25.00 * 0
2018-01-11 12:39:34 27.60 26.60 26.10 25.40 25.40 25.20 25.40 26.40 25.70 26.60 28.60 28.40 26.20 26.70 26.00 26.20 * 25.20 25.30 25.40 25.40 25.40 25.30 26.20 25.60 26.30 25.80 25.90 26.10 25.10 24.90 24.90 25.00 * 0
2018-01-11 12:39:34 27.60 26.60 26.00 25.40 25.40 25.20 25.40 25.90 25.70 26.10 28.40 28.60 27.30 26.80 26.00 26.20 * 25.10 25.30 25.40 25.30 25.30 25.30 26.20 25.30 26.20 25.60 25.20 26.10 25.30 24.80 24.90 25.00 * 0
2018-01-11 12:39:34 27.60 26.50 26.00 25.30 25.30 25.20 25.40 25.70 25.60 25.90 25.80 27.50 28.50 28.20 26.30 26.20 * 25.10 25.30 25.40 25.30 25.30 25.30 26.00 25.30 25.80 25.70 25.10 25.70 25.60 24.80 24.90 24.90 * 0
2018-01-11 12:39:34 27.50 26.50 25.90 25.30 25.20 25.20 25.30 25.60 25.60 25.90 25.60 26.50 28.50 28.60 27.10 26.40 * 25.20 25.30 25.40 25.40 25.30 25.30 25.10 25.40 25.40 25.80 25.20 25.80 25.60 24.90 24.90 24.90 * 0
2018-01-11 12:39:35 27.50 26.50 25.90 25.30 25.20 25.20 25.30 25.60 25.60 25.90 25.60 26.10 28.50 28.90 27.70 26.40 * 25.20 25.30 25.40 25.40 25.30 25.30 25.10 25.30 25.40 25.40 26.50 26.00 25.60 24.90 24.90 25.00 * 0
2018-01-11 12:39:35 27.50 26.40 25.90 25.30 25.20 25.10 25.30 25.70 25.60 25.90 25.60 26.10 28.40 28.70 27.80 26.40 * 25.10 25.30 25.40 25.40 25.30 25.30 25.10 25.20 25.30 25.40 26.90 26.10 25.50 24.90 25.00 25.00 * 0
2018-01-11 12:39:35 27.60 26.50 25.90 25.30 25.30 25.20 25.30 25.70 25.60 25.90 25.60 26.10 27.70 28.90 28.20 26.50 * 25.00 25.30 25.40 25.40 25.30 25.30 25.10 25.10 25.30 25.40 26.90 26.20 25.40 24.90 24.90 25.00 * 0
2018-01-11 12:39:36 27.60 26.50 26.00 25.40 25.30 25.30 25.40 25.70 25.60 25.80 25.50 26.00 26.20 28.90 29.10 27.10 * 25.10 25.20 25.40 25.30 25.30 25.30 25.10 25.10 25.30 25.30 26.90 26.20 25.10 24.90 24.90 25.00 * 0
2018-01-11 12:39:36 27.50 26.50 25.90 25.30 25.30 25.20 25.30 25.70 25.50 25.80 25.50 26.00 26.10 28.10 29.20 27.90 * 25.10 25.20 25.40 25.30 25.30 25.30 25.20 25.20 25.30 25.50 27.10 25.80 24.90 24.80 24.90 24.90 * 0
2018-01-11 12:39:36 27.50 26.50 25.90 25.30 25.30 25.10 25.30 25.60 25.60 25.90 25.60 26.10 26.10 27.70 29.30 28.50 * 25.10 25.30 25.30 25.40 25.30 25.30 25.10 25.40 25.30 25.60 27.40 25.50 24.90 24.80 24.80 24.90 * 0
2018-01-11 12:39:36 27.50 26.50 25.90 25.30 25.30 25.10 25.30 25.60 25.70 25.90 25.60 26.10 26.10 27.60 29.40 28.80 * 25.10 25.30 25.30 25.30 25.30 25.30 25.10 25.50 25.20 25.60 27.30 25.50 24.90 24.80 24.80 24.80 * 0
2018-01-11 12:39:37 27.60 26.50 25.90 25.30 25.30 25.20 25.30 25.60 25.70 25.80 25.60 26.10 26.10 27.40 29.40 28.90 * 25.20 25.30 25.40 25.30 25.30 25.30 25.10 25.50 25.30 25.60 27.30 25.60 25.00 24.80 24.90 24.90 * 0
2018-01-11 12:39:37 27.60 26.50 26.00 25.30 25.30 25.10 25.30 25.70 25.70 25.90 25.60 26.10 26.10 27.50 29.40 29.00 * 25.10 25.30 25.40 25.30 25.30 25.30 25.10 25.50 25.30 25.60 27.30 25.60 25.00 24.90 24.90 25.00 * 0
2018-01-11 12:39:37 27.50 26.50 25.90 25.30 25.20 25.10 25.30 25.60 25.60 25.80 25.50 26.10 26.00 27.40 29.30 28.90 * 25.10 25.30 25.40 25.30 25.30 25.30 25.10 25.40 25.40 25.60 27.40 25.60 25.00 24.90 24.90 25.00 * 0
2018-01-11 12:39:37 27.50 26.50 25.90 25.30 25.20 25.10 25.30 25.60 25.50 25.80 25.50 26.00 26.00 27.30 29.20 28.80 * 25.10 25.20 25.40 25.30 25.30 25.30 25.10 25.40 25.40 25.70 27.50 25.70 25.00 25.00 24.90 25.00 * 0
2018-01-11 12:39:38 27.50 26.50 25.90 25.30 25.20 25.20 25.30 25.60 25.40 25.70 25.40 25.90 26.00 27.10 29.10 28.70 * 25.10 25.30 25.30 25.30 25.30 25.20 25.10 25.40 25.40 25.70 27.50 25.70 25.00 25.00 25.00 25.10 * 0
2018-01-11 12:39:38 27.60 26.50 25.90 25.30 25.20 25.20 25.30 25.60 25.40 25.80 25.40 25.90 26.00 27.10 29.10 28.80 * 25.10 25.30 25.30 25.30 25.30 25.30 25.10 25.40 25.40 25.70 27.50 25.70 25.00 25.00 24.90 25.00 * 0
2018-01-11 12:39:38 27.50 26.50 25.90 25.30 25.20 25.10 25.30 25.60 25.40 25.80 25.40 26.00 26.00 27.20 29.20 28.80 * 25.10 25.20 25.30 25.30 25.30 25.30 25.10 25.40 25.40 25.80 27.50 25.70 25.00 25.00 24.90 25.00 * 0
2018-01-11 12:39:38 27.50 26.40 26.00 25.30 25.20 25.20 25.30 25.60 25.40 25.80 25.50 26.00 26.00 27.20 29.10 28.80 * 25.10 25.20 25.30 25.30 25.20 25.30 25.10 25.40 25.40 25.70 27.40 25.70 25.00 24.90 24.90 24.90 * 0
2018-01-11 12:39:39 27.60 26.50 26.00 25.30 25.30 25.20 25.40 25.70 25.50 25.80 25.50 25.90 26.00 27.20 29.20 28.90 * 25.10 25.20 25.40 25.30 25.20 25.30 25.10 25.40 25.30 25.70 27.40 25.70 24.90 24.90 24.90 24.90 * 0
2018-01-11 12:39:39 27.60 26.60 26.00 25.40 25.40 25.30 25.40 25.70 25.50 25.80 25.50 25.90 26.00 27.20 29.20 28.90 * 25.10 25.30 25.40 25.30 25.30 25.30 25.20 25.50 25.30 25.60 27.40 25.60 24.90 24.80 24.80 24.90 * 0
2018-01-11 12:39:39 27.50 26.50 25.90 25.30 25.30 25.20 25.30 25.70 25.50 25.70 25.50 25.90 26.00 27.10 29.10 28.90 * 25.10 25.30 25.40 25.40 25.40 25.30 25.20 25.50 25.30 25.60 27.40 25.60 24.90 24.80 24.80 24.90 * 0
2018-01-11 12:39:40 27.50 26.40 25.90 25.30 25.30 25.10 25.30 25.60 25.50 25.80 25.50 26.00 26.00 27.20 29.20 28.90 * 25.20 25.30 25.40 25.30 25.30 25.30 25.10 25.50 25.20 25.60 27.40 25.60 24.90 24.80 24.80 24.90 * 0
2018-01-11 12:39:40 27.50 26.50 25.90 25.30 25.30 25.30 25.30 25.60 25.60 25.90 25.60 26.10 26.20 27.30 29.30 29.00 * 25.10 25.30 25.40 25.40 25.40 25.40 25.20 25.40 25.20 25.60 27.40 25.60 24.90 24.80 24.90 24.90 * 0
2018-01-11 12:39:40 27.50 26.50 26.00 25.30 25.30 25.30 25.40 25.70 25.50 25.80 25.50 26.00 26.00 27.20 29.20 28.90 * 25.10 25.30 25.40 25.40 25.30 25.30 25.10 25.40 25.30 25.60 27.40 25.60 25.00 24.90 24.90 25.00 * 0
2018-01-11 12:39:40 27.50 26.50 25.90 25.30 25.20 25.10 25.30 25.60 25.50 25.80 25.50 26.00 26.00 27.20 29.20 28.90 * 25.10 25.30 25.40 25.30 25.30 25.30 25.10 25.40 25.40 25.70 27.40 25.60 25.00 24.90 24.90 25.00 * 0
2018-01-11 12:39:41 27.60 26.60 26.00 25.40 25.30 25.20 25.30 25.80 25.50 25.80 25.60 26.00 26.10 27.20 29.20 29.00 * 25.10 25.30 25.30 25.30 25.30 25.30 25.10 25.40 25.40 25.70 27.40 25.70 25.00 24.90 24.90 24.90 * 0
2018-01-11 12:39:41 27.70 26.70 26.10 25.50 25.40 25.40 25.40 25.90 25.40 25.70 25.50 26.00 26.00 27.20 29.10 28.90 * 25.10 25.30 25.30 25.30 25.30 25.30 25.10 25.40 25.40 25.70 27.40 25.70 25.00 25.00 25.00 24.90 * 0
2018-01-11 12:39:41 27.70 26.60 26.10 25.40 25.40 25.30 25.40 25.90 25.40 25.80 25.50 26.00 26.00 27.20 29.10 28.90 * 25.10 25.30 25.40 25.30 25.30 25.30 25.10 25.40 25.40 25.80 27.40 25.70 25.00 25.00 25.00 25.00 * 0
2018-01-11 12:39:41 27.70 26.60 26.00 25.40 25.40 25.30 25.40 25.80 25.40 25.80 25.40 26.00 26.10 27.10 29.10 28.90 * 25.20 25.30 25.40 25.40 25.40 25.40 25.20 25.50 25.40 25.80 27.50 25.70 25.00 25.00 25.00 25.10 * 0
2018-01-11 12:39:42 27.50 26.40 25.90 25.30 25.30 25.20 25.30 25.70 25.50 25.80 25.40 26.00 26.10 27.10 29.10 29.00 * 25.20 25.30 25.40 25.40 25.30 25.30 25.10 25.50 25.50 25.80 27.60 25.70 25.10 25.00 25.10 25.10 * 0
2018-01-11 12:39:42 27.50 26.40 25.90 25.30 25.30 25.20 25.40 25.70 25.60 25.80 25.60 26.10 26.10 27.30 29.20 29.00 * 25.10 25.30 25.40 25.30 25.30 25.30 25.10 25.50 25.40 25.70 27.50 25.70 25.00 25.00 25.00 25.00 * 0
2018-01-11 12:39:42 27.40 26.40 25.90 25.30 25.30 25.10 25.30 25.60 25.60 25.90 25.60 26.00 26.10 27.20 29.20 29.00 * 25.20 25.30 25.40 25.40 25.30 25.30 25.10 25.60 25.30 25.70 27.40 25.70 25.00 24.90 25.00 25.00 * 0
2018-01-11 12:39:42 27.40 26.40 25.90 25.30 25.20 25.10 25.30 25.60 25.60 25.90 25.60 26.10 26.10 27.20 29.20 29.00 * 25.10 25.30 25.40 25.30 25.30 25.30 25.10 25.50 25.30 25.70 27.40 25.60 24.90 24.80 24.90 24.90 * 0
2018-01-11 12:39:43 27.50 26.50 26.00 25.30 25.30 25.10 25.30 25.70 25.60 25.90 25.60 26.10 26.10 27.30 29.20 29.00 * 25.20 25.30 25.40 25.30 25.40 25.30 25.10 25.50 25.30 25.70 27.40 25.60 25.00 24.90 24.90 25.00 * 0
2018-01-11 12:39:43 27.60 26.50 26.00 25.30 25.30 25.20 25.30 25.70 25.60 25.90 25.60 26.10 26.20 27.30 29.20 29.10 * 25.10 25.30 25.40 25.30 25.30 25.30 25.10 25.50 25.30 25.70 27.40 25.60 25.00 24.90 24.90 25.00 * 0
2018-01-11 12:39:43 27.60 26.50 25.90 25.30 25.30 25.20 25.40 25.60 25.70 25.90 25.60 26.10 26.20 27.30 29.20 29.10 * 25.10 25.20 25.30 25.30 25.30 25.20 25.10 25.50 25.30 25.70 27.40 25.60 24.90 24.90 24.90 25.00 * 0
2018-01-11 12:39:43 27.50 26.50 25.90 25.30 25.20 25.20 25.30 25.60 25.60 25.80 25.60 26.00 26.00 27.30 29.20 29.10 * 25.00 25.20 25.30 25.30 25.30 25.20 25.10 25.50 25.30 25.70 27.40 25.60 24.90 24.90 24.90 25.00 * 0
2018-01-11 12:39:44 27.40 26.50 26.00 25.30 25.20 25.20 25.30 25.60 25.60 25.90 25.60 26.10 26.10 27.30 29.20 29.10 * 25.10 25.20 25.30 25.30 25.30 25.30 25.10 25.40 25.40 25.60 27.40 25.60 25.00 24.90 24.90 25.00 * 0
2018-01-11 12:39:44 27.60 26.60 26.00 25.40 25.30 25.30 25.40 25.70 25.50 25.90 25.50 26.00 26.10 27.30 29.10 29.10 * 25.10 25.20 25.30 25.30 25.30 25.30 25.10 25.40 25.40 25.60 27.40 25.50 24.90 24.90 24.80 24.90 * 0
2018-01-11 12:39:44 27.60 26.60 26.10 25.40 25.30 25.30 25.40 25.70 25.60 25.80 25.50 26.00 26.10 27.20 29.10 29.00 * 25.10 25.30 25.30 25.30 25.30 25.30 25.10 25.40 25.30 25.60 27.30 25.50 24.80 24.90 24.80 24.80 * 0
2018-01-11 12:39:45 27.60 26.50 26.10 25.40 25.30 25.30 25.40 25.70 25.50 25.80 25.50 26.00 26.10 27.20 29.10 29.00 * 25.20 25.30 25.30 25.30 25.30 25.30 25.20 25.60 25.30 25.50 27.30 25.50 24.80 24.80 24.80 24.80 * 0
2018-01-11 12:39:45 27.60 26.60 26.00 25.30 25.30 25.20 25.40 25.70 25.50 25.80 25.50 26.00 26.10 27.20 29.00 28.90 * 25.20 25.30 25.30 25.30 25.30 25.30 25.20 25.60 25.30 25.70 27.40 25.60 24.90 24.80 24.90 25.00 * 0
2018-01-11 12:39:45 27.60 26.50 26.10 25.30 25.40 25.30 25.40 25.70 25.40 25.70 25.50 26.00 26.00 27.10 29.00 28.80 * 25.20 25.30 25.40 25.30 25.40 25.30 25.20 25.60 25.30 25.70 27.40 25.50 24.80 24.80 24.80 24.90 * 0
2018-01-11 12:39:45 27.50 26.50 26.00 25.30 25.20 25.20 25.30 25.70 25.40 25.70 25.50 26.00 26.00 27.20 29.00 28.90 * 25.20 25.30 25.40 25.30 25.30 25.30 25.20 25.50 25.30 25.60 27.40 25.50 24.90 24.80 24.80 24.90 * 0
2018-01-11 12:39:46 27.50 26.50 26.00 25.30 25.20 25.20 25.30 25.70 25.50 25.90 25.50 26.00 26.10 27.20 29.00 29.00 * 25.20 25.30 25.40 25.30 25.30 25.30 25.20 25.50 25.40 25.70 27.50 25.60 24.90 24.90 24.90 25.00 * 0
2018-01-11 12:39:46 27.50 26.50 26.00 25.40 25.30 25.20 25.40 25.70 25.50 25.80 25.40 25.90 26.10 27.20 29.00 29.00 * 25.20 25.30 25.40 25.30 25.30 25.30 25.30 25.60 25.50 25.80 27.50 25.60 25.00 25.00 25.00 25.00 * 0
2018-01-11 12:39:46 27.50 26.40 25.90 25.30 25.20 25.20 25.30 25.60 25.50 25.70 25.50 25.90 26.00 27.10 29.10 29.00 * 25.10 25.30 25.40 25.40 25.30 25.30 25.20 25.60 25.40 25.70 27.50 25.60 25.00 25.00 24.90 25.00 * 0
2018-01-11 12:39:46 27.40 26.40 25.90 25.30 25.20 25.20 25.30 25.60 25.50 25.90 25.60 26.00 26.10 27.20 29.20 29.00 * 25.10 25.30 25.30 25.30 25.30 25.30 25.10 25.50 25.30 25.70 27.40 25.60 25.00 24.90 24.90 25.00 * 0
2018-01-11 12:39:47 27.50 26.50 26.00 25.30 25.20 25.20 25.30 25.60 25.60 25.90 25.50 26.00 26.10 27.20 29.20 29.00 * 25.10 25.20 25.30 25.30 25.30 25.30 25.10 25.50 25.40 25.70 27.30 25.60 24.90 24.80 24.90 25.00 * 0
2018-01-11 12:39:47 27.50 26.50 26.00 25.40 25.30 25.20 25.30 25.60 25.70 25.90 25.60 26.10 26.20 27.30 29.20 29.10 * 25.10 25.30 25.40 25.40 25.30 25.40 25.20 25.50 25.30 25.70 27.30 25.60 24.90 24.80 24.80 24.90 * 0
2018-01-11 12:39:47 27.40 26.60 26.00 25.30 25.20 25.20 25.30 25.60 25.60 25.90 25.60 26.00 26.10 27.30 29.10 29.10 * 25.20 25.30 25.40 25.40 25.40 25.30 25.20 25.60 25.30 25.60 27.40 25.50 24.90 24.80 24.80 24.90 * 0
2018-01-11 12:39:47 27.40 26.40 25.90 25.20 25.20 25.10 25.30 25.60 25.60 25.90 25.60 26.00 26.10 27.30 29.10 29.10 * 25.10 25.30 25.40 25.40 25.40 25.30 25.20 25.60 25.30 25.50 27.40 25.60 24.90 24.90 24.90 24.90 * 0
2018-01-11 12:39:48 27.30 26.40 25.90 25.20 25.20 25.10 25.30 25.60 25.50 25.80 25.50 26.00 26.00 27.30 29.10 29.00 * 25.20 25.30 25.40 25.40 25.40 25.30 25.20 25.60 25.30 25.60 27.40 25.60 24.90 24.90 25.00 24.90 * 0
2018-01-11 12:39:48 27.40 26.40 25.90 25.30 25.30 25.10 25.30 25.60 25.60 25.90 25.60 26.10 26.10 27.30 29.10 29.10 * 25.20 25.30 25.40 25.40 25.30 25.40 25.20 25.50 25.40 25.70 27.50 25.60 25.00 24.90 24.90 24.90 * 0
2018-01-11 12:39:48 27.50 26.40 25.90 25.30 25.20 25.10 25.30 25.60 25.50 25.80 25.50 26.00 26.00 27.20 29.00 29.00 * 25.10 25.30 25.30 25.30 25.30 25.30 25.20 25.50 25.40 25.80 27.50 25.60 25.00 24.90 24.90 25.00 * 0
2018-01-11 12:39:49 27.50 26.50 25.90 25.40 25.30 25.20 25.30 25.60 25.50 25.70 25.40 26.00 26.00 27.20 29.00 28.90 * 25.10 25.30 25.30 25.30 25.30 25.30 25.20 25.50 25.40 25.70 27.50 25.60 25.00 25.00 24.90 25.00 * 0
2018-01-11 12:39:49 27.60 26.60 26.00 25.40 25.40 25.30 25.40 25.80 25.50 25.70 25.40 26.00 26.00 27.10 29.00 28.90 * 25.10 25.30 25.30 25.30 25.30 25.30 25.20 25.50 25.40 25.70 27.50 25.60 25.00 24.90 24.90 25.00 * 0
2018-01-11 12:39:49 27.70 26.70 26.10 25.50 25.50 25.40 25.60 25.90 25.30 25.60 25.30 25.80 25.90 27.00 28.80 28.70 * 25.10 25.30 25.30 25.30 25.30 25.30 25.20 25.50 25.40 25.70 27.50 25.60 24.90 24.90 24.90 25.00 * 0
2018-01-11 12:39:49 27.60 26.70 26.20 25.50 25.40 25.40 25.60 25.80 25.30 25.60 25.30 25.80 25.90 27.00 28.80 28.70 * 25.10 25.30 25.40 25.30 25.30 25.30 25.20 25.60 25.30 25.70 27.50 25.60 24.90 24.90 24.90 25.00 * 0
2018-01-11 12:39:50 27.60 26.70 26.20 25.50 25.40 25.30 25.50 25.80 25.40 25.70 25.40 25.90 25.90 27.00 28.80 28.80 * 25.20 25.30 25.40 25.40 25.30 25.30 25.20 25.60 25.40 25.70 27.50 25.60 25.00 25.00 25.00 25.10 * 0
2018-01-11 12:39:50 27.60 26.60 26.10 25.40 25.40 25.30 25.40 25.70 25.40 25.80 25.40 25.90 26.00 27.10 28.90 28.90 * 25.20 25.30 25.30 25.40 25.30 25.30 25.20 25.60 25.40 25.70 27.50 25.60 25.00 24.90 25.00 25.00 * 0
2018-01-11 12:39:50 27.50 26.50 26.00 25.30 25.30 25.30 25.30 25.70 25.60 25.80 25.60 26.10 26.10 27.50 29.10 29.00 * 25.10 25.20 25.30 25.30 25.30 25.30 25.10 25.40 25.40 25.70 27.40 25.60 25.00 24.90 24.90 25.00 * 0
2018-01-11 12:39:50 27.50 26.60 26.00 25.30 25.30 25.30 25.40 25.70 25.70 25.90 25.60 26.10 26.20 28.40 29.30 28.80 * 25.10 25.30 25.40 25.30 25.30 25.30 25.20 25.30 25.20 25.30 26.80 26.30 25.60 24.80 24.90 24.90 * 0
2018-01-11 12:39:51 27.50 26.50 26.00 25.30 25.30 25.20 25.40 25.70 25.60 25.90 25.60 26.00 26.70 29.20 29.50 27.90 * 25.10 25.30 25.40 25.30 25.30 25.30 25.20 25.20 25.30 25.40 27.00 26.10 26.50 24.90 24.90 24.90 * 0
2018-01-11 12:39:51 27.50 26.50 26.00 25.30 25.30 25.20 25.30 25.70 25.60 25.90 25.60 26.10 27.90 29.50 29.10 27.00 * 25.10 25.30 25.30 25.20 25.30 25.30 25.20 25.20 25.30 25.40 27.00 25.90 26.80 24.90 24.90 24.90 * 0
2018-01-11 12:39:51 27.60 26.60 26.10 25.40 25.40 25.30 25.40 25.70 25.60 25.90 25.60 26.70 28.70 29.80 28.10 26.70 * 25.10 25.20 25.20 25.20 25.30 25.20 25.10 25.10 25.30 25.40 27.00 26.00 26.40 24.90 24.90 25.00 * 0
2018-01-11 12:39:52 27.60 26.60 26.10 25.40 25.40 25.30 25.40 25.70 25.60 25.90 26.20 27.20 29.40 27.90 26.10 26.40 * 25.10 25.30 25.30 25.30 25.30 25.30 25.20 25.30 25.30 25.40 26.90 25.80 25.40 25.00 24.90 25.00 * 0
