2018-01-16 17:16:49 26.60 25.70 24.20 23.20 23.30 23.50 23.50 23.60 23.80 23.80 24.00 24.00 23.90 24.00 23.80 24.00 * 23.80 24.00 23.60 23.50 23.60 23.60 23.50 23.30 23.50 23.50 23.60 23.60 23.40 23.40 23.20 23.20 * 1
2018-01-16 17:16:50 26.60 25.30 23.70 23.20 23.20 23.50 23.60 23.60 23.90 23.90 24.10 24.10 24.00 24.00 23.90 24.10 * 23.80 24.00 23.50 23.50 23.60 23.60 23.60 23.40 23.50 23.50 23.60 23.60 23.40 23.40 23.20 23.20 * 1
2018-01-16 17:16:50 26.80 25.40 23.60 23.30 23.30 23.60 23.60 23.60 23.90 23.80 24.10 24.10 24.00 24.00 24.00 24.10 * 23.80 24.00 23.60 23.50 23.70 23.60 23.50 23.40 23.50 23.50 23.60 23.60 23.40 23.40 23.30 23.10 * 1
2018-01-16 17:16:50 26.50 24.80 23.40 23.20 23.30 23.50 23.60 23.60 24.00 23.90 24.10 24.10 24.00 24.00 24.10 24.10 * 23.80 23.90 23.50 23.50 23.60 23.60 23.50 23.40 23.50 23.50 23.60 23.60 23.50 23.40 23.30 23.20 * 1
2018-01-16 17:16:50 26.40 25.00 23.30 23.20 23.20 23.40 23.40 23.50 24.00 23.90 24.10 24.10 24.00 24.00 24.00 24.00 * 23.80 23.90 23.50 23.40 23.60 23.60 23.50 23.30 23.50 23.50 23.70 23.70 23.50 23.40 23.30 23.20 * 1
2018-01-16 17:16:51 26.40 25.40 23.40 23.20 23.20 23.40 23.50 23.50 23.90 23.80 24.10 24.10 24.00 24.00 23.90 24.00 * 23.70 23.90 23.50 23.50 23.60 23.50 23.50 23.30 23.50 23.50 23.70 23.70 23.50 23.40 23.30 23.20 * 1
2018-01-16 17:16:51 26.50 25.40 23.70 23.20 23.30 23.50 23.50 23.60 24.00 23.90 24.20 24.10 24.00 24.00 24.00 24.10 * 23.50 23.80 23.50 23.40 23.60 23.50 23.40 23.30 23.50 23.50 23.70 23.60 23.50 23.40 23.20 23.20 * 1
2018-01-16 17:16:51 26.70 26.00 23.90 23.20 23.30 23.50 23.60 23.60 23.90 23.80 24.10 24.00 23.90 24.00 24.00 24.00 * 23.70 23.90 23.50 23.50 23.70 23.60 23.50 23.30 23.40 23.50 23.60 23.60 23.40 23.30 23.20 23.10 * 1
2018-01-16 17:16:51 27.30 26.80 25.00 23.30 23.30 23.60 23.60 23.70 23.90 23.90 24.10 24.00 24.00 24.00 24.00 24.00 * 23.70 23.80 24.30 24.30 23.80 23.60 23.50 23.30 23.40 23.50 23.70 23.60 23.40 23.40 23.30 23.10 * 1
2018-01-16 17:16:52 27.60 27.10 26.40 24.40 23.50 23.70 23.60 23.70 24.00 24.00 24.10 24.10 24.00 24.10 24.10 24.10 * 23.80 23.80 24.30 25.20 24.00 23.70 23.60 23.40 23.60 23.60 23.80 23.70 23.50 23.50 23.40 23.20 * 1
2018-01-16 17:16:52 26.00 26.20 26.70 26.30 25.30 24.40 23.90 23.80 24.20 23.90 24.20 24.20 24.00 24.00 24.00 24.00 * 24.00 24.10 24.20 25.40 24.40 24.00 23.90 23.70 23.70 23.50 23.70 23.70 23.40 23.40 23.30 23.10 * 1
2018-01-16 17:16:52 25.20 25.40 26.60 27.50 27.10 26.20 25.40 24.40 25.90 24.50 24.40 24.20 24.00 24.00 24.00 24.00 * 23.80 24.80 25.10 25.90 25.70 25.30 25.10 25.30 26.30 27.10 24.00 23.70 23.50 23.40 23.30 23.20 * 1
2018-01-16 17:16:52 23.90 24.30 24.80 26.40 27.30 27.70 27.20 26.20 27.60 26.60 25.40 24.20 24.00 24.00 24.10 24.10 * 23.50 24.60 25.80 26.50 26.90 26.50 26.10 26.80 26.10 27.40 24.10 23.70 23.50 23.60 24.10 23.60 * 1
2018-01-16 17:16:53 23.70 23.70 23.50 24.20 25.30 26.30 26.80 27.40 27.00 27.60 26.80 25.90 26.00 26.10 25.50 24.60 * 23.40 23.70 25.00 26.20 27.30 26.40 26.00 27.10 26.20 27.50 24.30 25.10 26.30 25.80 24.80 23.90 * 1
2018-01-16 17:16:53 23.70 23.80 23.50 23.30 23.40 24.30 24.90 25.50 24.10 23.90 24.20 24.10 24.00 24.00 24.00 24.10 * 23.30 23.50 24.40 25.60 26.80 26.80 26.30 27.20 26.40 27.60 24.70 26.70 29.20 27.70 24.60 23.60 * 1
2018-01-16 17:16:53 23.60 23.70 23.30 23.20 23.30 23.50 23.60 23.70 23.90 23.80 24.00 24.00 23.90 24.00 24.00 24.00 * 23.30 23.50 24.20 25.40 26.50 27.30 26.90 27.40 27.20 27.80 24.70 27.50 29.50 27.30 24.50 23.60 * 1
2018-01-16 17:16:54 23.60 23.60 23.30 23.20 23.30 23.50 23.60 23.60 23.90 23.80 24.00 24.00 23.90 24.00 24.00 24.10 * 23.30 23.40 24.30 25.50 26.60 27.40 27.30 27.40 27.30 27.80 24.70 27.60 29.50 27.40 24.60 23.60 * 1
2018-01-16 17:16:54 23.60 23.60 23.40 23.20 23.20 23.40 23.50 23.60 24.00 23.80 24.10 24.10 24.00 24.00 24.00 24.20 * 23.20 23.30 24.30 25.50 26.60 27.40 27.20 27.30 27.30 27.80 24.50 27.50 29.40 27.40 24.60 23.50 * 1
2018-01-16 17:16:54 23.70 23.60 23.40 23.20 23.30 23.50 23.50 23.60 24.00 23.90 24.20 24.20 24.00 24.00 24.10 24.20 * 23.40 23.60 24.50 25.90 26.70 27.90 27.30 27.60 27.20 27.80 24.40 27.10 29.40 27.50 24.60 23.50 * 1
2018-01-16 17:16:54 23.70 23.70 23.40 23.30 23.30 23.60 23.60 23.60 23.90 23.90 24.00 24.10 23.90 23.90 24.00 24.00 * 23.20 23.40 24.40 25.90 26.60 27.80 27.30 27.50 27.20 27.80 24.40 26.90 29.40 27.50 24.60 23.50 * 1
2018-01-16 17:16:55 23.60 23.60 23.30 23.20 23.20 23.50 23.50 23.60 23.90 23.80 24.00 24.10 23.90 23.90 24.00 24.00 * 23.30 23.40 24.40 25.80 26.60 27.90 27.30 27.50 27.20 27.90 24.40 26.80 29.30 27.70 24.50 23.60 * 1
2018-01-16 17:16:55 23.60 23.60 23.30 23.20 23.20 23.50 23.50 23.60 24.00 23.80 24.10 24.10 23.90 24.00 24.00 24.00 * 23.30 23.50 24.40 25.80 26.60 28.00 27.40 27.50 27.40 27.90 24.60 26.30 29.30 27.80 24.70 23.70 * 1
2018-01-16 17:16:55 23.70 23.60 23.30 23.20 23.20 23.50 23.50 23.70 24.00 23.90 24.20 24.20 24.00 24.00 24.10 24.10 * 23.30 23.50 24.40 26.00 26.70 28.10 27.30 27.40 27.40 27.80 24.50 25.50 29.20 27.80 24.80 23.70 * 1
2018-01-16 17:16:55 23.70 23.70 23.30 23.20 23.30 23.60 23.60 23.70 23.90 23.80 24.10 24.10 24.00 23.90 23.90 24.00 * 23.20 23.40 24.40 26.10 26.60 28.10 27.20 27.30 27.30 27.70 24.30 25.50 29.10 27.60 24.70 23.60 * 1
2018-01-16 17:16:56 23.70 23.60 23.30 23.20 23.20 23.50 23.50 23.60 24.00 23.90 24.20 24.10 24.00 24.00 24.00 24.10 * 23.10 23.30 24.40 26.10 26.60 28.20 27.20 27.20 27.30 27.80 24.20 25.80 29.20 27.70 24.70 23.60 * 1
2018-01-16 17:16:56 23.60 23.50 23.30 23.20 23.20 23.50 23.50 23.60 24.00 23.90 24.10 24.10 24.00 24.00 24.10 24.10 * 23.10 23.30 24.40 26.10 26.70 28.30 27.30 27.30 27.40 27.90 24.30 25.80 29.30 27.90 24.80 23.70 * 1
2018-01-16 17:16:56 23.70 23.60 23.30 23.20 23.20 23.50 23.60 23.70 24.00 23.90 24.10 24.10 24.00 24.00 24.10 24.10 * 23.30 23.50 24.50 26.20 26.80 28.40 27.40 27.50 27.40 27.90 24.30 25.80 29.30 27.90 24.80 23.70 * 1
2018-01-16 17:16:56 23.60 23.70 23.30 23.20 23.20 23.50 23.60 23.70 24.00 23.90 24.10 24.10 24.00 24.00 23.90 24.00 * 23.20 23.40 24.30 26.00 26.70 28.30 27.30 27.40 27.40 27.90 24.20 25.80 29.40 27.90 24.90 23.70 * 1
2018-01-16 17:16:57 23.60 23.60 23.30 23.20 23.20 23.50 23.50 23.60 24.00 24.00 24.10 24.20 24.00 24.00 24.00 24.10 * 23.20 23.30 24.30 26.00 26.70 28.40 27.30 27.30 27.20 27.80 24.10 25.70 29.30 27.80 24.70 23.50 * 1
2018-01-16 17:16:57 23.60 23.60 23.30 23.20 23.30 23.60 23.50 23.70 23.90 24.00 24.10 24.20 24.00 24.00 24.10 24.10 * 23.10 23.30 24.30 26.00 26.70 28.40 27.30 27.30 27.40 27.90 24.30 25.90 29.40 27.90 24.80 23.60 * 1
2018-01-16 17:16:57 23.70 23.80 23.50 23.20 23.40 23.60 23.60 23.80 23.90 23.90 24.20 24.20 24.00 24.00 24.10 24.10 * 23.20 23.30 24.30 26.00 26.80 28.40 27.50 27.50 27.40 27.90 24.30 26.10 29.40 27.80 24.80 23.60 * 1
2018-01-16 17:16:58 23.70 23.70 23.50 23.20 23.40 23.60 23.60 23.80 24.00 23.90 24.20 24.10 24.00 24.10 24.10 24.10 * 23.20 23.50 24.30 26.00 26.90 28.50 27.50 27.50 27.40 27.90 24.30 26.20 29.40 27.60 24.80 23.70 * 1
2018-01-16 17:16:58 23.60 23.60 23.30 23.20 23.20 23.50 23.60 23.60 24.00 24.00 24.10 24.20 24.00 24.10 24.00 24.10 * 23.20 23.50 24.40 26.10 26.90 28.60 27.50 27.60 27.40 28.00 24.30 26.20 29.40 27.70 24.80 23.70 * 1
2018-01-16 17:16:58 23.70 23.60 23.30 23.20 23.20 23.60 23.60 23.60 24.00 23.90 24.10 24.10 24.00 24.10 24.00 24.10 * 23.30 23.50 24.50 26.10 27.00 28.70 27.50 27.70 27.40 27.90 24.40 26.20 29.20 28.00 24.60 23.50 * 1
2018-01-16 17:16:58 23.70 23.80 23.40 23.30 23.30 23.60 23.70 23.70 24.00 23.90 24.20 24.10 24.00 24.00 24.00 24.10 * 23.40 23.60 24.50 26.20 27.00 28.70 27.60 27.80 27.40 28.00 24.40 26.40 29.40 27.90 24.20 23.50 * 1
2018-01-16 17:16:59 23.70 23.70 23.40 23.20 23.30 23.60 23.60 23.70 24.10 23.90 24.20 24.20 24.00 24.00 24.10 24.20 * 23.10 23.40 24.30 26.00 26.80 28.50 27.50 27.60 27.30 27.90 24.20 26.40 29.50 27.60 23.70 23.40 * 1
2018-01-16 17:16:59 23.50 23.60 23.30 23.20 23.20 23.50 23.50 23.70 24.10 24.00 24.20 24.10 24.00 24.00 24.40 24.30 * 23.30 23.50 24.40 26.10 26.90 28.60 27.60 27.60 27.40 27.90 24.20 26.40 29.50 27.80 23.70 23.40 * 1
2018-01-16 17:16:59 23.60 23.60 23.40 23.20 23.20 23.60 23.60 23.80 24.10 24.00 24.30 24.10 24.00 24.40 25.10 24.50 * 23.30 23.60 24.50 26.20 27.00 28.70 27.60 27.70 27.50 27.90 24.30 26.10 29.30 28.00 23.80 23.50 * 1
2018-01-16 17:16:59 23.70 23.70 23.40 23.30 23.30 23.60 23.70 23.80 24.20 24.10 24.30 24.20 24.10 24.70 25.60 24.50 * 23.30 23.50 24.50 26.10 26.90 28.60 27.60 27.60 27.50 28.00 24.30 25.80 29.30 27.80 23.70 23.50 * 1
2018-01-16 17:17:00 23.70 23.70 23.40 23.20 23.30 23.60 23.70 23.80 24.10 24.10 24.20 24.20 24.10 24.40 25.00 24.40 * 23.20 23.40 24.40 26.10 26.90 28.60 27.60 27.60 27.40 27.90 24.20 26.20 29.30 26.90 23.70 23.40 * 1
2018-01-16 17:17:00 23.70 23.70 23.40 23.20 23.30 23.60 23.70 23.80 24.20 24.10 24.30 24.30 24.10 24.10 24.10 24.30 * 23.20 23.30 24.30 26.00 26.80 28.50 27.50 27.50 27.30 27.90 24.20 26.30 29.10 25.40 23.60 23.30 * 1
2018-01-16 17:17:00 23.90 23.90 23.40 23.30 23.40 23.60 23.70 23.80 24.00 24.00 24.20 24.20 24.00 24.00 24.10 24.20 * 23.30 23.40 24.40 26.10 26.90 28.60 27.60 27.60 27.40 28.00 24.30 26.50 29.10 24.80 23.60 23.30 * 1
2018-01-16 17:17:00 23.80 23.70 23.40 23.30 23.30 23.60 23.70 23.70 24.00 24.00 24.20 24.10 24.00 24.00 24.00 24.10 * 23.30 23.50 24.40 26.10 27.00 28.70 27.60 27.70 27.50 28.00 24.30 26.30 29.10 25.00 23.60 23.50 * 1
2018-01-16 17:17:01 23.60 23.60 23.30 23.20 23.20 23.50 23.50 23.60 24.10 24.00 24.20 24.20 24.10 24.00 24.10 24.20 * 23.30 23.40 24.40 26.00 26.90 28.60 27.60 27.70 27.50 28.10 24.30 26.40 29.20 25.10 23.70 23.50 * 1
2018-01-16 17:17:01 23.60 23.60 23.30 23.10 23.20 23.40 23.50 23.60 24.00 23.90 24.20 24.20 24.00 24.10 24.10 24.10 * 23.30 23.50 24.50 26.10 27.00 28.80 27.70 27.80 27.50 28.00 24.30 26.30 29.10 25.00 23.60 23.40 * 1
2018-01-16 17:17:01 23.80 23.70 23.40 23.20 23.30 23.60 23.60 23.70 24.10 24.00 24.20 24.20 24.10 24.10 24.10 24.30 * 23.40 23.50 24.40 26.10 27.00 28.70 27.70 27.80 27.50 28.00 24.30 26.30 29.10 25.00 23.60 23.40 * 1
2018-01-16 17:17:02 23.80 23.70 23.40 23.30 23.30 23.60 23.60 23.80 24.00 24.00 24.20 24.20 24.00 24.10 24.00 24.20 * 23.40 23.50 24.40 26.10 26.90 28.60 27.70 27.80 27.50 28.00 24.40 26.40 29.20 25.10 23.70 23.40 * 1
2018-01-16 17:17:02 23.70 23.80 23.40 23.30 23.30 23.60 23.60 23.80 24.10 23.90 24.20 24.10 24.00 24.00 24.10 24.20 * 23.30 23.40 24.30 26.00 26.90 28.50 27.60 27.70 27.50 28.10 24.40 26.40 29.20 25.10 23.70 23.40 * 1
2018-01-16 17:17:02 23.70 23.70 23.40 23.30 23.30 23.60 23.60 23.80 24.10 23.90 24.20 24.10 24.10 24.10 24.10 24.20 * 23.10 23.30 24.20 25.90 26.90 28.50 27.50 27.60 27.50 28.00 24.30 26.40 29.20 25.10 23.70 23.40 * 1
2018-01-16 17:17:02 23.80 23.70 23.40 23.20 23.30 23.60 23.60 23.70 24.00 24.00 24.10 24.20 24.00 24.00 24.00 24.10 * 23.20 23.30 24.20 25.80 26.90 28.60 27.60 27.60 27.50 28.00 24.40 26.30 29.20 25.10 23.70 23.40 * 1
2018-01-16 17:17:03 23.60 23.60 23.30 23.10 23.20 23.40 23.50 23.60 24.10 24.00 24.20 24.20 24.10 24.00 24.00 24.10 * 23.20 23.40 24.30 25.60 27.10 28.60 27.70 27.60 27.50 28.00 24.50 26.10 29.20 25.20 23.60 23.50 * 1
2018-01-16 17:17:03 23.50 23.60 23.20 23.10 23.10 23.40 23.40 23.50 23.90 23.90 24.10 24.10 24.00 23.90 24.00 24.00 * 23.10 23.40 24.30 25.30 27.20 28.40 27.00 27.50 26.60 27.90 24.80 26.20 29.10 25.20 23.60 23.30 * 1
2018-01-16 17:17:03 23.60 23.60 23.20 23.10 23.10 23.50 23.50 23.60 23.90 23.80 24.10 24.10 23.90 23.90 24.00 24.00 * 23.20 23.40 24.40 25.20 27.30 27.80 26.40 27.50 26.30 27.90 24.90 26.50 29.10 25.20 23.60 23.30 * 1
2018-01-16 17:17:03 23.60 23.60 23.20 23.20 23.20 23.50 23.60 23.60 23.90 23.90 24.10 24.10 23.90 24.00 24.00 24.10 * 23.20 23.30 23.60 24.40 25.60 24.90 25.80 27.60 26.20 28.10 24.90 26.10 29.10 25.20 23.60 23.40 * 1
2018-01-16 17:17:04 23.60 23.60 23.30 23.20 23.20 23.60 23.60 23.60 24.00 24.00 24.20 24.20 24.10 24.10 24.10 24.10 * 23.20 23.40 23.50 24.30 24.50 24.80 25.60 27.80 25.90 28.20 24.70 24.80 28.90 26.10 24.90 23.90 * 1
2018-01-16 17:17:04 23.60 23.60 23.30 23.20 23.20 23.50 23.60 23.80 24.20 24.70 25.80 25.90 24.90 24.90 25.80 26.20 * 23.30 23.40 23.70 24.30 24.20 25.10 25.70 27.80 26.00 28.20 24.50 25.70 26.90 25.40 24.50 24.00 * 1
2018-01-16 17:17:04 23.60 23.70 23.40 23.20 23.30 23.60 24.00 26.00 25.30 27.70 29.20 29.60 28.30 28.30 28.60 27.90 * 23.20 23.40 23.90 24.30 24.50 25.20 25.70 27.70 26.00 28.10 24.50 27.60 26.90 23.80 23.30 23.20 * 1
2018-01-16 17:17:04 23.60 23.70 23.30 23.20 23.30 23.60 25.20 29.00 27.40 30.60 30.90 30.60 30.40 30.30 28.90 26.10 * 23.20 23.40 23.50 23.80 25.70 25.80 25.90 27.60 26.20 28.10 24.40 28.20 27.00 23.70 23.40 23.20 * 1
2018-01-16 17:17:05 23.60 23.60 23.20 23.20 23.30 23.80 26.90 29.50 30.30 29.90 29.80 29.50 29.20 26.80 24.60 24.20 * 23.20 23.30 23.50 23.80 25.70 25.70 25.90 27.60 26.30 28.20 24.30 28.10 27.20 23.70 23.40 23.20 * 1
2018-01-16 17:17:05 23.60 23.60 23.30 23.20 23.50 27.20 29.70 28.80 30.20 29.50 29.50 29.00 26.70 24.40 24.10 24.10 * 23.10 23.20 23.50 23.70 25.60 25.70 25.90 27.60 26.20 28.20 24.30 28.00 27.30 23.70 23.50 23.20 * 1
2018-01-16 17:17:05 23.60 23.60 23.30 23.20 24.40 29.20 29.70 29.40 30.40 30.10 28.40 26.80 24.50 24.00 24.00 24.00 * 23.20 23.30 23.50 23.80 25.50 25.80 25.90 27.60 26.20 28.10 24.10 26.00 27.60 23.70 23.50 23.30 * 1
