2018-01-16 17:09:57 23.90 25.00 26.20 25.10 23.60 23.60 23.60 23.60 23.90 23.90 24.00 24.00 23.90 24.00 24.00 24.00 * 23.20 23.40 24.50 23.80 23.90 24.10 23.80 23.60 23.80 23.70 23.80 23.70 23.40 23.20 23.10 23.00 * 1
2018-01-16 17:09:58 23.60 23.70 23.60 24.80 26.00 25.70 24.00 23.60 23.90 23.90 24.00 24.00 23.90 24.00 23.90 23.90 * 23.10 23.30 24.00 23.70 23.90 24.20 24.00 23.70 24.10 23.80 23.80 23.70 23.40 23.20 23.10 23.00 * 1
2018-01-16 17:09:58 23.60 23.70 23.40 23.30 24.90 26.50 24.80 24.10 25.90 24.50 24.30 24.10 24.00 24.00 24.00 24.10 * 23.30 23.30 23.40 23.60 23.80 24.10 24.50 24.00 24.10 23.80 23.80 23.70 23.40 23.20 23.10 23.00 * 1
2018-01-16 17:09:58 23.60 23.70 23.40 23.30 23.70 26.30 25.70 25.10 26.90 25.20 24.40 24.10 24.00 24.00 24.00 24.10 * 23.20 23.30 23.40 23.60 23.80 24.00 24.40 24.20 24.10 24.60 23.90 23.70 23.40 23.20 23.10 22.90 * 1
2018-01-16 17:09:59 23.60 23.60 23.40 23.20 23.30 24.20 27.80 25.40 28.00 25.80 24.20 24.10 24.00 24.00 24.00 24.10 * 23.20 23.20 23.40 23.50 23.80 24.00 24.60 24.70 24.80 25.30 24.10 23.80 23.50 23.30 23.20 23.00 * 1
2018-01-16 17:09:59 23.60 23.70 23.40 23.40 23.60 24.50 25.60 24.30 25.00 24.00 24.10 24.10 24.00 24.10 24.00 24.10 * 23.20 23.30 23.40 24.00 25.20 25.50 25.80 25.10 25.70 25.50 24.20 23.80 23.50 23.30 23.20 23.00 * 1
2018-01-16 17:09:59 23.60 23.80 23.70 23.50 23.70 24.10 23.70 23.60 24.00 24.00 24.10 24.10 24.00 24.00 24.00 24.00 * 23.20 23.30 23.50 24.60 26.00 25.90 25.40 25.00 25.30 25.20 24.30 23.80 23.50 23.30 23.20 23.00 * 1
2018-01-16 17:09:59 23.70 23.70 23.70 23.20 23.30 23.50 23.60 23.60 23.90 23.80 24.00 24.00 23.90 23.90 23.90 23.80 * 23.20 23.30 23.50 24.70 26.00 25.90 25.10 25.00 25.20 25.20 24.40 23.80 23.50 23.30 23.30 23.10 * 1
2018-01-16 17:10:00 23.70 23.70 23.40 23.20 23.30 23.50 23.60 23.60 23.90 23.80 24.10 24.00 23.90 24.00 23.90 23.90 * 23.10 23.30 23.40 24.50 25.90 25.90 25.00 24.70 25.20 24.80 24.40 23.80 23.50 23.30 23.30 23.10 * 1
2018-01-16 17:10:00 23.60 23.60 23.40 23.20 23.10 23.40 23.40 23.50 23.90 23.80 24.10 24.10 23.90 24.00 23.90 24.00 * 23.10 23.30 23.50 24.50 25.90 25.90 25.00 24.40 25.10 24.50 24.30 23.80 23.50 23.30 23.20 23.10 * 1
2018-01-16 17:10:00 23.70 23.80 23.50 23.30 23.20 23.50 23.60 23.60 23.90 23.80 24.10 24.10 23.90 24.00 23.90 24.00 * 23.10 23.30 23.50 24.40 25.90 25.90 25.00 24.40 25.00 24.40 24.10 23.60 23.40 23.20 23.10 22.90 * 1
2018-01-16 17:10:01 23.60 23.70 23.40 23.20 23.20 23.50 23.50 23.50 23.90 23.80 24.10 24.00 23.90 24.00 23.90 24.00 * 23.10 23.30 23.40 24.30 25.90 25.90 25.00 24.40 25.00 24.30 24.10 23.60 23.50 23.20 23.10 22.90 * 1
2018-01-16 17:10:01 23.60 23.70 23.40 23.20 23.20 23.50 23.50 23.50 23.80 23.70 24.00 24.00 23.90 23.90 23.90 23.90 * 23.30 23.30 23.50 24.40 25.90 25.90 25.00 24.40 24.90 24.40 24.10 23.60 23.40 23.20 23.10 22.80 * 1
2018-01-16 17:10:01 23.60 23.70 23.40 23.20 23.20 23.50 23.50 23.50 24.00 23.80 24.10 24.10 24.00 24.00 23.90 23.90 * 23.30 23.30 23.50 24.60 25.90 25.90 25.00 24.40 25.10 24.50 24.40 23.80 23.60 23.40 23.40 23.10 * 1
2018-01-16 17:10:01 23.60 23.60 23.40 23.20 23.20 23.40 23.40 23.50 24.00 23.80 24.00 24.00 23.90 24.00 23.90 23.90 * 23.30 23.30 23.50 24.70 26.00 25.90 25.00 24.40 25.10 24.60 24.40 23.80 23.60 23.40 23.40 23.20 * 1
2018-01-16 17:10:02 23.50 23.60 23.30 23.10 23.20 23.40 23.40 23.50 23.90 23.80 24.00 24.00 23.80 23.90 23.90 23.90 * 23.20 23.30 23.50 24.80 26.00 25.90 24.90 24.40 25.10 24.50 24.30 23.80 23.50 23.30 23.30 23.10 * 1
2018-01-16 17:10:02 23.40 23.60 23.20 23.10 23.10 23.30 23.30 23.40 23.90 23.80 24.00 24.10 23.90 23.90 24.00 24.00 * 23.10 23.30 23.50 24.80 25.90 25.90 24.90 24.30 25.10 24.60 24.30 23.80 23.50 23.30 23.30 23.10 * 1
2018-01-16 17:10:02 23.60 23.70 23.40 23.20 23.20 23.40 23.50 23.50 23.90 23.90 24.00 24.10 23.90 24.00 23.90 24.00 * 23.20 23.30 23.50 24.80 25.90 25.90 25.00 24.40 25.10 24.50 24.30 23.80 23.50 23.30 23.30 23.10 * 1
2018-01-16 17:10:02 23.60 23.70 23.50 23.30 23.30 23.50 23.60 23.60 24.00 23.90 24.00 24.10 23.90 24.00 24.00 24.00 * 23.20 23.30 23.40 24.80 25.90 25.90 24.90 24.40 25.00 24.50 24.30 23.80 23.50 23.30 23.20 23.00 * 1
2018-01-16 17:10:03 23.60 23.70 23.50 23.30 23.20 23.50 23.50 23.60 23.90 23.80 24.00 24.10 23.90 23.90 23.90 23.90 * 23.20 23.20 23.40 25.00 25.90 25.90 24.90 24.30 24.90 24.50 24.20 23.70 23.40 23.30 23.20 23.00 * 1
2018-01-16 17:10:03 23.60 23.60 23.40 23.20 23.20 23.50 23.50 23.50 24.00 23.80 24.10 24.10 23.90 24.00 23.90 24.00 * 23.10 23.20 23.50 24.90 25.90 25.90 24.90 24.20 24.90 24.50 24.20 23.60 23.40 23.20 23.20 23.00 * 1
2018-01-16 17:10:03 23.60 23.60 23.40 23.20 23.20 23.50 23.50 23.50 23.90 23.90 24.10 24.10 23.90 23.90 23.90 24.00 * 23.10 23.20 23.60 24.60 25.90 25.90 24.90 24.30 25.10 24.50 24.20 23.80 23.50 23.30 23.20 23.10 * 1
2018-01-16 17:10:03 23.60 23.70 23.40 23.20 23.20 23.50 23.50 23.50 23.90 23.80 24.10 24.10 23.90 23.90 23.90 24.00 * 23.20 23.20 23.50 24.30 25.80 25.90 24.90 24.30 25.00 24.40 24.20 23.70 23.50 23.30 23.10 23.00 * 1
2018-01-16 17:10:04 23.60 23.70 23.30 23.20 23.20 23.50 23.50 23.50 23.90 23.80 24.10 24.10 23.90 23.90 23.90 24.00 * 23.20 23.20 23.40 24.00 25.80 25.80 24.90 24.30 25.00 24.50 24.30 23.80 23.60 23.40 23.20 23.10 * 1
2018-01-16 17:10:04 23.50 23.60 23.20 23.10 23.20 23.40 23.40 23.50 23.90 23.80 24.00 24.00 23.90 23.90 23.90 24.00 * 23.20 23.20 23.40 23.90 25.80 25.80 24.90 24.20 25.10 24.50 24.30 23.90 23.60 23.50 23.30 23.30 * 1
2018-01-16 17:10:04 23.50 23.60 23.20 23.00 23.20 23.30 23.40 23.40 23.90 23.80 24.00 24.10 24.00 24.00 23.90 24.00 * 23.20 23.30 23.40 23.90 25.90 25.90 25.00 24.10 25.20 24.50 24.20 23.90 23.60 23.50 23.40 23.30 * 1
2018-01-16 17:10:05 23.50 23.60 23.30 23.10 23.20 23.30 23.50 23.50 23.90 23.80 24.00 24.10 24.00 24.00 23.90 24.00 * 23.10 23.20 23.40 23.70 25.80 25.90 25.00 24.10 25.40 24.80 24.50 24.00 23.60 23.50 23.40 23.20 * 1
2018-01-16 17:10:05 23.60 23.60 23.40 23.20 23.20 23.40 23.50 23.50 23.90 23.70 24.00 24.10 23.90 24.00 23.90 23.90 * 23.10 23.20 23.40 23.70 25.70 25.80 25.00 24.20 25.20 24.80 24.40 23.80 23.50 23.40 23.30 23.10 * 1
2018-01-16 17:10:05 23.50 23.60 23.30 23.10 23.10 23.40 23.40 23.50 23.80 23.80 24.10 24.00 23.90 23.90 23.90 24.00 * 23.10 23.20 23.40 23.70 25.80 25.80 25.00 24.40 25.10 24.70 24.30 23.70 23.50 23.30 23.20 23.00 * 1
2018-01-16 17:10:05 23.60 23.70 23.40 23.20 23.20 23.50 23.50 23.60 23.90 23.90 24.10 24.00 23.90 24.00 24.00 23.90 * 23.20 23.20 23.40 23.70 25.70 25.90 25.00 24.50 25.10 24.80 24.40 23.70 23.40 23.30 23.20 23.10 * 1
2018-01-16 17:10:06 23.70 23.70 23.40 23.20 23.30 23.50 23.50 23.60 24.00 23.90 24.10 24.00 23.90 24.00 24.00 23.90 * 23.20 23.20 23.40 23.80 25.80 26.00 25.00 24.50 25.10 24.80 24.40 23.70 23.50 23.30 23.20 23.10 * 1
2018-01-16 17:10:06 23.70 23.60 23.40 23.20 23.20 23.50 23.60 23.60 23.80 23.80 24.00 24.00 23.90 23.90 23.80 23.80 * 23.10 23.20 23.40 23.70 25.70 25.90 25.00 24.50 25.20 24.80 24.40 23.80 23.50 23.30 23.30 23.10 * 1
2018-01-16 17:10:06 23.60 23.60 23.30 23.10 23.20 23.40 23.50 23.50 23.80 23.70 24.00 24.00 23.90 23.90 23.80 23.80 * 23.10 23.20 23.40 23.60 25.70 25.90 25.00 24.50 25.20 24.80 24.40 23.80 23.50 23.40 23.30 23.10 * 1
2018-01-16 17:10:06 23.40 23.60 23.30 23.10 23.10 23.40 23.40 23.50 23.90 23.80 24.00 24.00 23.90 24.00 23.90 24.00 * 23.20 23.30 23.40 23.80 25.80 26.00 25.10 24.60 25.20 24.80 24.40 23.80 23.50 23.40 23.30 23.20 * 1
2018-01-16 17:10:07 23.50 23.60 23.30 23.20 23.20 23.40 23.50 23.50 23.80 23.80 24.00 24.00 23.90 24.00 23.90 24.00 * 23.30 23.30 23.40 23.80 25.80 26.00 25.10 24.60 25.10 24.70 24.30 23.70 23.40 23.30 23.20 23.10 * 1
2018-01-16 17:10:07 23.60 23.60 23.30 23.10 23.20 23.40 23.50 23.50 23.80 23.80 23.90 24.00 23.80 24.00 23.90 23.90 * 23.20 23.20 23.40 23.80 25.80 26.00 25.00 24.60 25.10 24.70 24.30 23.70 23.40 23.30 23.20 23.10 * 1
2018-01-16 17:10:07 23.50 23.60 23.30 23.10 23.20 23.40 23.40 23.50 23.90 23.80 24.00 24.00 23.90 23.90 23.90 23.80 * 23.20 23.20 23.40 23.80 25.80 26.00 25.00 24.50 25.20 24.80 24.40 23.80 23.50 23.40 23.20 23.10 * 1
2018-01-16 17:10:08 23.50 23.60 23.30 23.20 23.20 23.50 23.40 23.50 23.90 23.90 24.10 24.10 24.00 24.00 23.90 24.00 * 23.10 23.20 23.40 23.70 25.70 25.90 24.90 24.40 25.20 24.90 24.50 23.90 23.60 23.50 23.30 23.10 * 1
2018-01-16 17:10:08 23.60 23.60 23.30 23.20 23.20 23.50 23.50 23.60 23.80 23.80 24.00 24.00 23.90 23.90 23.90 23.90 * 23.20 23.20 23.40 23.70 25.80 25.90 24.90 24.50 25.20 24.90 24.50 23.90 23.60 23.40 23.40 23.20 * 1
2018-01-16 17:10:08 23.50 23.60 23.30 23.20 23.10 23.40 23.50 23.50 23.80 23.80 24.00 24.00 23.90 23.90 23.90 23.90 * 23.10 23.20 23.40 23.60 25.70 25.90 24.90 24.40 25.20 24.90 24.50 23.90 23.60 23.40 23.30 23.20 * 1
2018-01-16 17:10:08 23.50 23.60 23.30 23.10 23.10 23.40 23.40 23.50 23.80 23.90 24.00 24.10 23.90 23.90 23.90 24.00 * 23.00 23.10 23.30 23.60 25.70 25.90 24.90 24.30 25.20 24.90 24.50 23.90 23.60 23.50 23.40 23.20 * 1
2018-01-16 17:10:09 23.60 23.60 23.30 23.20 23.20 23.40 23.50 23.50 23.90 23.80 24.10 24.00 23.90 23.90 23.90 23.90 * 23.20 23.30 23.40 23.80 25.80 26.00 25.00 24.50 25.20 24.90 24.50 23.90 23.60 23.50 23.40 23.30 * 1
2018-01-16 17:10:09 23.60 23.60 23.30 23.20 23.20 23.50 23.50 23.50 23.90 23.80 24.10 24.00 23.90 24.00 23.90 23.90 * 23.20 23.30 23.40 23.80 25.70 25.90 25.00 24.50 25.30 24.90 24.50 23.90 23.60 23.50 23.40 23.20 * 1
2018-01-16 17:10:09 23.50 23.60 23.30 23.20 23.20 23.50 23.50 23.50 23.80 23.70 24.00 24.00 23.90 23.90 23.80 23.90 * 23.20 23.20 23.40 23.70 25.70 25.90 24.90 24.40 25.20 24.90 24.50 23.80 23.60 23.40 23.30 23.20 * 1
2018-01-16 17:10:09 23.50 23.60 23.30 23.20 23.20 23.40 23.50 23.40 23.90 23.70 24.00 24.00 23.90 23.80 23.80 23.90 * 23.20 23.20 23.40 23.70 25.80 25.90 24.90 24.40 25.10 24.70 24.40 23.70 23.50 23.30 23.20 23.10 * 1
2018-01-16 17:10:10 23.60 23.60 23.30 23.20 23.20 23.40 23.50 23.50 23.90 23.80 24.10 24.10 23.90 23.90 23.90 23.90 * 23.10 23.10 23.30 23.60 25.70 25.90 24.90 24.40 25.10 24.70 24.30 23.80 23.50 23.40 23.30 23.10 * 1
2018-01-16 17:10:10 23.50 23.60 23.30 23.20 23.20 23.40 23.40 23.40 23.80 23.80 24.00 24.00 23.90 24.00 23.90 24.00 * 23.20 23.20 23.50 23.70 25.90 26.00 25.00 24.50 25.10 24.70 24.30 23.80 23.50 23.40 23.30 23.10 * 1
2018-01-16 17:10:10 23.50 23.60 23.30 23.10 23.10 23.40 23.40 23.40 23.80 23.80 24.00 24.00 23.90 24.00 24.00 24.00 * 23.20 23.20 23.40 23.70 25.90 26.00 25.00 24.50 25.10 24.60 24.30 23.70 23.50 23.30 23.20 23.00 * 1
2018-01-16 17:10:10 23.50 23.60 23.20 23.10 23.10 23.40 23.30 23.40 23.90 23.80 24.00 24.00 23.90 23.90 23.90 23.90 * 23.10 23.20 23.30 23.70 25.80 25.90 24.90 24.40 25.10 24.60 24.30 23.70 23.50 23.40 23.20 23.10 * 1
2018-01-16 17:10:11 23.50 23.60 23.20 23.10 23.20 23.40 23.40 23.40 23.80 23.70 24.00 24.00 23.90 23.90 23.80 23.80 * 23.10 23.20 23.30 23.70 25.70 25.90 24.90 24.40 25.10 24.60 24.30 23.70 23.50 23.40 23.20 23.10 * 1
2018-01-16 17:10:11 23.60 23.70 23.40 23.10 23.20 23.50 23.50 23.50 23.90 23.80 24.00 24.10 24.00 23.90 23.90 23.80 * 23.10 23.20 23.40 23.70 25.70 25.90 25.00 24.40 25.10 24.70 24.40 23.80 23.60 23.40 23.20 23.10 * 1
2018-01-16 17:10:11 23.60 23.60 23.40 23.10 23.20 23.50 23.50 23.60 23.80 23.70 24.00 24.00 23.90 23.90 23.80 23.80 * 23.00 23.10 23.30 23.70 25.70 25.80 24.90 24.30 25.10 24.60 24.30 23.60 23.40 23.20 23.20 23.00 * 1
2018-01-16 17:10:12 23.60 23.60 23.30 23.20 23.20 23.50 23.50 23.60 23.80 23.70 24.00 24.00 23.80 23.90 23.80 23.90 * 23.10 23.20 23.30 23.70 25.70 25.80 24.90 24.40 25.10 24.70 24.30 23.70 23.40 23.30 23.20 23.00 * 1
2018-01-16 17:10:12 23.60 23.70 23.30 23.20 23.30 23.50 23.50 23.70 23.80 23.70 24.00 24.00 23.80 23.90 23.90 23.90 * 23.10 23.20 23.30 23.70 25.70 25.90 24.90 24.40 25.20 24.80 24.50 23.80 23.60 23.40 23.40 23.20 * 1
2018-01-16 17:10:12 23.60 23.60 23.40 23.10 23.20 23.50 23.50 23.50 23.80 23.80 23.90 24.00 23.90 24.00 23.90 23.90 * 23.00 23.20 23.30 23.70 25.70 25.90 24.90 24.40 25.30 24.90 24.50 23.90 23.60 23.50 23.40 23.20 * 1
2018-01-16 17:10:12 23.50 23.60 23.20 23.10 23.20 23.40 23.50 23.50 23.80 23.80 24.00 24.00 23.90 23.90 23.90 24.00 * 23.10 23.20 23.30 23.70 25.70 25.90 24.90 24.40 25.10 24.70 24.40 23.80 23.50 23.40 23.20 23.00 * 1
2018-01-16 17:10:13 23.50 23.60 23.30 23.10 23.20 23.40 23.50 23.40 23.80 23.80 24.00 24.00 23.90 23.90 23.90 23.90 * 23.20 23.20 23.40 23.70 25.80 25.90 25.00 24.50 25.10 24.90 24.60 23.80 23.50 23.30 23.20 23.00 * 1
2018-01-16 17:10:13 23.50 23.60 23.40 23.10 23.20 23.50 23.50 23.40 23.80 23.80 24.10 24.00 23.90 23.90 23.90 23.80 * 23.10 23.20 23.40 23.70 25.70 26.00 25.00 24.70 25.30 25.10 24.80 23.90 23.50 23.40 23.20 23.00 * 1
2018-01-16 17:10:13 23.70 23.70 23.40 23.20 23.30 23.50 23.50 23.60 23.90 24.00 24.10 24.10 24.00 24.10 24.10 24.00 * 23.10 23.20 23.40 23.70 25.10 26.00 25.20 24.90 25.50 25.30 24.80 24.00 23.50 23.40 23.30 23.10 * 1
2018-01-16 17:10:13 23.40 23.60 23.20 23.10 23.20 23.40 23.40 23.50 23.80 23.80 24.10 24.00 23.90 24.00 23.90 23.90 * 23.10 23.20 23.30 23.50 23.80 24.80 25.70 25.30 25.80 25.30 24.90 24.00 23.40 23.30 23.20 23.00 * 1
2018-01-16 17:10:14 23.50 23.60 23.20 23.10 23.10 23.40 23.40 23.50 23.80 23.80 24.00 24.10 23.90 23.90 23.90 23.90 * 23.10 23.20 23.30 23.50 23.80 24.40 25.90 25.60 26.10 26.10 25.30 24.30 23.40 23.30 23.20 23.00 * 1
