2018-01-16 17:19:23 27.40 27.20 26.00 25.40 24.20 23.60 23.60 23.70 24.00 23.90 24.10 24.10 23.90 23.90 23.90 23.90 * 24.10 23.40 24.20 24.90 24.60 23.90 23.60 23.50 23.60 23.60 23.70 23.70 23.50 23.40 23.20 23.10 * 1
2018-01-16 17:19:23 27.30 27.10 26.30 27.30 23.90 23.70 23.60 23.70 24.00 23.90 24.10 24.10 24.00 23.90 24.00 24.00 * 24.10 23.40 23.50 24.80 25.40 24.40 23.60 23.50 23.60 23.60 23.80 23.80 23.50 23.40 23.30 23.20 * 1
2018-01-16 17:19:23 27.20 27.10 27.00 26.30 23.40 23.70 23.60 23.60 23.90 23.90 24.00 24.10 23.90 23.90 23.80 24.00 * 24.00 23.30 23.30 23.90 24.80 24.30 23.60 23.40 23.60 23.60 23.80 23.80 23.50 23.50 23.40 23.20 * 1
2018-01-16 17:19:24 27.50 27.30 26.60 24.40 23.40 23.60 23.60 23.60 23.80 23.80 24.00 24.10 23.90 23.80 23.90 24.00 * 24.10 23.50 24.10 24.40 24.30 23.80 23.60 23.40 23.60 23.70 23.80 23.80 23.50 23.40 23.40 23.20 * 1
2018-01-16 17:19:24 27.20 26.90 25.10 23.80 23.30 23.60 23.50 23.60 23.80 23.80 24.00 24.00 23.90 23.90 23.90 23.90 * 24.20 24.30 25.30 25.40 24.00 23.60 23.60 23.50 23.50 23.60 23.70 23.70 23.50 23.40 23.20 23.10 * 1
2018-01-16 17:19:24 27.20 27.00 25.00 24.70 23.70 23.60 23.60 23.70 23.80 23.80 24.00 24.00 23.90 23.90 23.90 23.90 * 24.30 24.80 25.70 25.30 23.60 23.60 23.60 23.50 23.60 23.70 23.80 23.80 23.50 23.50 23.30 23.20 * 1
2018-01-16 17:19:24 27.00 26.70 24.20 24.30 23.70 23.70 23.60 23.60 24.00 24.00 24.10 24.10 24.00 24.00 24.00 24.00 * 24.00 23.50 24.40 24.50 23.50 23.60 23.60 23.30 23.50 23.60 23.70 23.70 23.40 23.40 23.30 23.10 * 1
2018-01-16 17:19:25 26.20 27.20 27.10 25.30 23.30 23.60 23.60 23.60 23.90 23.90 24.00 24.00 23.80 24.00 23.90 23.90 * 23.80 23.30 24.00 24.50 23.50 23.50 23.50 23.20 23.50 23.60 23.70 23.70 23.50 23.40 23.30 23.10 * 1
2018-01-16 17:19:25 24.50 25.80 27.10 26.10 24.20 23.60 23.50 23.60 23.80 23.80 24.00 24.00 23.80 23.90 23.90 23.90 * 23.40 23.40 24.00 24.70 23.60 23.60 23.60 23.30 23.60 23.60 23.80 23.80 23.50 23.40 23.30 23.10 * 1
2018-01-16 17:19:25 23.80 24.10 25.50 26.80 25.70 24.40 23.80 23.80 24.20 24.00 24.10 24.00 23.90 24.00 24.00 24.00 * 23.30 23.40 23.80 24.60 23.90 23.70 23.70 23.40 23.60 23.70 23.90 23.80 23.60 23.40 23.40 23.20 * 1
2018-01-16 17:19:25 23.80 23.90 24.00 25.70 26.70 25.50 24.20 23.90 24.20 23.80 24.00 24.00 24.00 24.00 23.90 23.90 * 23.30 23.30 23.40 23.90 23.90 23.80 23.60 23.40 23.70 23.80 23.90 23.90 23.60 23.50 23.40 23.20 * 1
2018-01-16 17:19:26 23.70 23.70 23.40 24.10 27.40 26.80 24.10 23.70 25.20 24.20 24.00 24.00 24.00 24.00 23.90 23.90 * 23.20 23.30 23.30 23.30 23.70 24.40 24.20 23.50 24.40 23.80 23.80 23.70 23.50 23.40 23.30 23.20 * 1
2018-01-16 17:19:26 23.70 23.70 23.40 23.20 23.80 26.00 25.40 24.00 26.00 24.10 24.10 24.00 24.00 24.00 23.90 24.00 * 23.20 23.20 23.20 23.20 23.80 24.30 24.30 23.70 24.50 24.10 23.90 23.80 23.60 23.50 23.40 23.30 * 1
2018-01-16 17:19:26 23.60 23.60 23.40 23.10 23.30 23.70 24.20 23.60 25.00 23.80 24.10 24.00 24.00 23.90 23.90 24.00 * 23.20 23.20 23.20 23.20 23.80 24.20 24.20 23.80 24.40 24.00 23.80 23.70 23.50 23.30 23.30 23.10 * 1
2018-01-16 17:19:27 23.60 23.70 23.40 23.20 23.30 23.60 23.60 23.60 24.20 23.90 24.10 24.10 24.10 24.00 23.90 24.00 * 23.20 23.30 23.30 23.20 23.80 24.20 24.30 23.80 24.20 24.00 23.70 23.60 23.40 23.20 23.20 23.00 * 1
2018-01-16 17:19:27 23.50 23.50 23.30 23.10 23.10 23.50 23.50 23.50 24.10 23.70 24.00 24.00 24.00 23.90 23.80 23.90 * 23.10 23.10 23.20 23.20 23.80 24.20 24.20 23.70 24.30 24.10 23.80 23.70 23.50 23.40 23.30 23.10 * 1
2018-01-16 17:19:27 23.50 23.50 23.40 23.10 23.10 23.50 23.60 23.60 24.20 23.80 24.00 24.00 23.90 23.90 23.90 24.00 * 23.20 23.10 23.20 23.20 23.80 24.30 24.20 23.70 24.30 24.00 23.70 23.70 23.40 23.40 23.20 23.10 * 1
2018-01-16 17:19:27 23.60 23.60 23.40 23.20 23.20 23.60 23.70 23.60 24.40 23.90 24.10 24.10 24.00 23.90 24.00 24.00 * 23.20 23.20 23.30 23.30 23.80 24.30 24.30 23.80 24.40 24.20 23.90 23.80 23.60 23.50 23.40 23.20 * 1
2018-01-16 17:19:28 23.70 23.70 23.40 23.20 23.30 23.60 23.70 23.70 24.40 23.80 24.10 24.10 24.00 23.90 24.00 24.10 * 23.20 23.20 23.20 23.20 23.80 24.30 24.30 23.90 24.50 24.20 23.90 23.80 23.60 23.50 23.40 23.20 * 1
2018-01-16 17:19:28 23.70 23.60 23.40 23.20 23.30 23.60 23.70 23.70 24.60 23.90 24.00 24.00 24.00 23.90 23.90 24.00 * 23.20 23.20 23.20 23.20 23.80 24.30 24.40 23.90 24.50 24.10 23.90 23.70 23.60 23.40 23.40 23.20 * 1
2018-01-16 17:19:28 23.60 23.60 23.40 23.10 23.20 23.60 23.80 23.60 24.60 23.80 24.00 24.00 24.00 23.90 24.00 24.00 * 23.20 23.20 23.30 23.20 23.90 24.30 24.40 23.90 24.50 24.10 23.90 23.80 23.60 23.50 23.40 23.20 * 1
2018-01-16 17:19:28 23.60 23.70 23.40 23.20 23.20 23.60 23.80 23.70 24.50 23.80 24.00 24.00 24.00 23.80 23.90 23.90 * 23.20 23.30 23.40 23.30 23.90 24.30 24.40 23.90 24.60 24.20 23.90 23.80 23.60 23.50 23.40 23.20 * 1
2018-01-16 17:19:29 23.60 23.70 23.40 23.20 23.20 23.60 23.80 23.80 24.60 23.90 24.00 24.10 24.00 23.90 23.90 24.00 * 23.20 23.30 23.40 23.30 23.90 24.30 24.50 23.90 24.60 24.20 23.90 23.80 23.60 23.50 23.40 23.20 * 1
2018-01-16 17:19:29 23.60 23.60 23.40 23.20 23.30 23.70 23.70 23.70 24.50 23.80 23.90 23.90 23.90 23.80 23.80 23.80 * 23.10 23.20 23.30 23.20 23.90 24.30 24.30 23.90 24.50 24.10 23.80 23.80 23.60 23.50 23.40 23.20 * 1
2018-01-16 17:19:29 23.70 23.70 23.40 23.20 23.30 23.60 23.80 23.70 24.50 23.80 24.00 23.90 23.90 23.80 23.90 23.80 * 23.10 23.20 23.30 23.30 23.90 24.30 24.40 23.80 24.40 24.00 23.70 23.70 23.50 23.40 23.30 23.10 * 1
2018-01-16 17:19:29 23.70 23.70 23.40 23.20 23.30 23.60 23.80 23.70 24.40 23.80 23.90 24.00 23.90 23.80 23.80 23.90 * 23.20 23.20 23.30 23.20 23.90 24.20 24.40 23.80 24.40 24.10 23.70 23.80 23.50 23.40 23.30 23.20 * 1
2018-01-16 17:19:30 23.70 23.80 23.50 23.30 23.40 23.70 23.90 23.70 24.40 23.70 24.00 24.00 24.00 23.80 23.80 23.90 * 23.20 23.20 23.30 23.20 23.80 24.20 24.50 23.90 24.40 24.10 23.70 23.70 23.40 23.40 23.30 23.20 * 1
2018-01-16 17:19:30 23.70 23.70 23.40 23.20 23.30 23.70 23.80 23.70 24.30 23.70 23.90 24.00 23.80 23.80 23.80 23.90 * 23.20 23.20 23.20 23.20 23.80 24.20 24.40 23.80 24.30 24.00 23.70 23.70 23.30 23.30 23.20 23.10 * 1
2018-01-16 17:19:30 23.70 23.80 23.40 23.20 23.30 23.60 23.80 23.80 24.40 23.70 24.00 24.00 23.90 23.80 23.80 23.90 * 23.20 23.20 23.30 23.20 23.80 24.30 24.40 23.90 24.40 24.00 23.70 23.70 23.40 23.30 23.20 23.10 * 1
2018-01-16 17:19:31 23.70 23.70 23.40 23.20 23.20 23.60 23.80 23.80 24.60 23.80 24.00 24.00 24.00 23.80 23.90 23.90 * 23.20 23.20 23.30 23.20 23.90 24.30 24.40 23.90 24.40 24.00 23.70 23.70 23.40 23.30 23.10 23.10 * 1
2018-01-16 17:19:31 23.70 23.80 23.40 23.20 23.30 23.70 24.00 23.90 25.50 23.90 24.00 24.00 23.90 23.90 23.80 23.90 * 23.10 23.20 23.30 23.20 23.90 24.30 24.40 23.90 24.40 24.10 23.70 23.70 23.40 23.40 23.10 23.10 * 1
2018-01-16 17:19:31 23.70 23.70 23.40 23.20 23.30 23.90 24.70 23.90 26.20 23.90 24.00 24.00 24.00 23.90 23.80 23.90 * 23.20 23.30 23.30 23.20 23.90 24.30 24.40 23.80 24.30 24.00 23.70 23.70 23.40 23.30 23.20 23.00 * 1
2018-01-16 17:19:31 23.60 23.70 23.40 23.20 23.30 24.00 25.70 23.90 26.40 23.90 24.00 24.00 24.00 23.90 23.80 23.90 * 23.20 23.30 23.20 23.20 23.80 24.30 24.40 23.70 24.50 24.00 23.80 23.80 23.50 23.40 23.30 23.20 * 1
2018-01-16 17:19:32 23.60 23.70 23.40 23.20 23.20 24.00 25.90 23.90 26.40 23.90 24.00 24.00 24.00 23.90 23.90 23.80 * 23.20 23.30 23.30 23.20 23.90 24.40 24.50 23.80 24.60 24.10 23.90 23.90 23.60 23.50 23.40 23.30 * 1
2018-01-16 17:19:32 23.80 23.80 23.50 23.20 23.30 24.10 26.10 24.00 26.60 24.10 24.10 24.10 24.10 24.00 24.00 24.00 * 23.20 23.30 23.40 23.30 23.90 24.40 24.50 23.80 24.40 24.00 23.70 23.70 23.50 23.40 23.30 23.10 * 1
2018-01-16 17:19:32 23.80 23.80 23.50 23.30 23.40 24.20 26.20 24.00 26.80 23.90 24.00 24.00 24.00 23.90 23.90 23.90 * 23.20 23.30 23.30 23.20 23.90 24.30 24.50 23.80 24.40 24.00 23.70 23.80 23.50 23.40 23.30 23.20 * 1
2018-01-16 17:19:32 23.60 23.70 23.40 23.20 23.30 24.10 26.10 23.90 26.80 24.00 24.10 24.10 24.10 23.90 23.90 24.00 * 23.20 23.20 23.30 23.30 24.00 24.30 24.50 23.80 24.50 24.00 23.70 23.70 23.50 23.40 23.30 23.10 * 1
2018-01-16 17:19:33 23.60 23.60 23.40 23.20 23.20 24.00 26.00 23.90 26.70 23.90 24.00 24.00 24.00 23.90 23.80 24.00 * 23.20 23.20 23.30 23.30 23.90 24.30 24.50 23.90 24.70 24.10 23.90 23.90 23.60 23.50 23.40 23.30 * 1
2018-01-16 17:19:33 23.60 23.60 23.40 23.20 23.30 24.10 26.10 23.90 26.70 24.00 24.00 24.00 24.10 24.00 23.90 23.90 * 23.20 23.20 23.30 23.30 23.90 24.30 24.50 23.80 24.70 24.10 23.90 23.90 23.60 23.60 23.50 23.30 * 1
2018-01-16 17:19:33 23.60 23.60 23.30 23.20 23.30 24.00 26.10 23.90 26.80 24.00 24.10 24.10 24.10 23.90 24.00 24.00 * 23.20 23.20 23.30 23.30 23.90 24.30 24.40 23.70 24.50 24.00 23.70 23.80 23.50 23.40 23.40 23.10 * 1
2018-01-16 17:19:33 23.60 23.60 23.30 23.10 23.20 24.00 26.10 23.90 26.80 24.00 24.00 24.00 24.00 24.00 23.90 24.00 * 23.10 23.20 23.20 23.20 23.90 24.30 24.40 23.70 24.60 24.00 23.80 23.80 23.50 23.40 23.30 23.20 * 1
2018-01-16 17:19:34 23.60 23.60 23.30 23.10 23.10 24.00 26.00 23.90 26.80 24.00 24.00 24.00 24.00 24.00 23.90 24.00 * 23.30 23.30 23.30 23.20 23.90 24.40 24.50 23.80 24.60 24.10 23.90 23.80 23.60 23.50 23.40 23.30 * 1
2018-01-16 17:19:34 23.60 23.60 23.40 23.10 23.20 24.20 26.10 23.90 26.80 23.90 24.00 24.10 24.10 24.00 23.90 24.10 * 23.30 23.30 23.30 23.20 23.90 24.30 24.50 23.80 24.50 24.00 23.80 23.80 23.50 23.50 23.30 23.20 * 1
2018-01-16 17:19:34 23.50 23.60 23.40 23.10 23.20 24.20 26.20 23.90 27.20 24.20 24.00 24.10 24.10 23.90 23.90 24.00 * 23.10 23.20 23.20 23.20 23.80 24.20 24.30 23.70 24.50 24.10 23.80 23.90 23.60 23.60 23.40 23.30 * 1
2018-01-16 17:19:35 23.60 23.60 23.30 23.20 23.30 24.80 27.40 24.30 27.70 24.50 24.10 24.10 24.10 23.90 24.00 24.00 * 23.10 23.20 23.30 23.20 23.90 24.50 24.30 23.70 24.40 24.00 23.70 23.80 23.50 23.40 23.40 23.20 * 1
2018-01-16 17:19:35 23.60 23.60 23.30 23.20 23.30 25.20 28.10 24.50 28.20 24.40 24.10 24.00 24.00 23.90 23.90 24.00 * 23.10 23.20 23.20 23.20 23.90 24.50 24.30 23.80 24.50 24.20 23.90 23.90 23.60 23.60 23.50 23.30 * 1
2018-01-16 17:19:35 23.60 23.60 23.30 23.20 23.30 25.50 28.50 24.80 28.50 24.50 24.00 24.00 23.90 23.90 23.90 24.00 * 23.20 23.20 23.30 23.30 24.00 24.60 24.40 23.90 24.50 24.10 23.80 23.80 23.50 23.50 23.30 23.20 * 1
2018-01-16 17:19:35 23.60 23.60 23.40 23.20 23.30 25.40 28.20 25.50 28.40 25.50 24.00 24.00 23.90 23.90 24.00 24.00 * 23.20 23.30 23.20 23.20 23.90 24.50 24.50 23.80 24.70 24.10 23.80 23.80 23.50 23.50 23.30 23.20 * 1
2018-01-16 17:19:36 23.50 23.60 23.30 23.10 23.20 25.10 27.50 26.00 27.90 27.10 24.00 24.00 23.90 23.80 23.80 23.80 * 23.20 23.30 23.20 23.20 23.90 24.50 24.60 23.80 24.80 24.20 23.90 23.90 23.60 23.50 23.40 23.30 * 1
2018-01-16 17:19:36 23.60 23.70 23.40 23.20 23.30 24.60 26.80 26.40 27.70 27.50 24.00 24.00 23.90 23.80 23.80 23.90 * 23.20 23.30 23.30 23.30 24.00 24.50 24.40 23.90 24.70 24.20 23.90 23.80 23.50 23.50 23.40 23.30 * 1
2018-01-16 17:19:36 23.60 23.70 23.40 23.20 23.30 24.20 26.20 26.30 27.30 27.60 24.10 24.10 24.00 23.90 23.90 24.00 * 23.20 23.20 23.30 23.30 24.00 24.40 24.30 24.00 24.60 24.50 23.90 23.90 23.60 23.50 23.40 23.20 * 1
2018-01-16 17:19:36 23.60 23.70 23.40 23.20 23.30 23.90 25.20 25.40 26.30 26.50 24.20 24.10 24.00 23.90 23.90 24.00 * 23.20 23.20 23.30 23.30 23.90 24.30 24.30 24.10 24.60 24.60 24.00 23.80 23.60 23.50 23.40 23.30 * 1
2018-01-16 17:19:37 23.60 23.70 23.40 23.30 23.30 23.70 24.30 24.40 25.10 25.10 24.20 24.00 24.00 23.90 23.80 24.00 * 23.10 23.20 23.20 23.20 23.80 24.30 24.20 24.10 24.70 24.70 24.00 23.80 23.60 23.50 23.40 23.30 * 1
2018-01-16 17:19:37 23.60 23.60 23.30 23.20 23.30 23.60 24.10 24.20 25.10 25.50 24.40 24.10 24.10 23.90 23.90 24.00 * 23.10 23.20 23.20 23.20 23.80 24.20 24.30 24.10 24.70 24.60 24.00 23.80 23.60 23.60 23.40 23.20 * 1
2018-01-16 17:19:37 23.70 23.70 23.40 23.20 23.30 23.60 24.30 24.80 25.10 26.00 24.80 24.00 24.00 23.80 23.80 23.90 * 23.20 23.30 23.30 23.20 23.80 24.30 24.70 24.30 24.80 24.60 24.00 23.80 23.60 23.50 23.40 23.30 * 1
2018-01-16 17:19:37 23.60 23.60 23.30 23.10 23.20 23.60 24.40 25.20 25.30 26.60 25.40 24.00 24.00 23.80 23.90 23.90 * 23.20 23.40 23.30 23.30 23.90 24.20 24.60 24.30 24.60 24.60 24.00 23.80 23.60 23.50 23.40 23.20 * 1
2018-01-16 17:19:38 23.60 23.60 23.30 23.10 23.20 23.60 24.60 25.60 25.50 26.90 25.70 24.00 24.00 23.80 23.90 23.90 * 23.20 23.30 23.30 23.30 23.70 24.00 24.40 24.20 24.60 24.60 24.00 23.80 23.60 23.50 23.40 23.20 * 1
2018-01-16 17:19:38 23.60 23.60 23.40 23.20 23.30 23.60 24.80 25.90 26.00 27.60 25.10 24.10 24.00 24.00 24.00 24.00 * 23.10 23.20 23.30 23.20 23.50 23.90 24.30 24.10 24.60 24.60 24.00 23.90 23.60 23.50 23.40 23.30 * 1
2018-01-16 17:19:38 23.60 23.60 23.40 23.20 23.30 23.60 25.00 26.40 26.20 27.80 24.80 24.10 24.10 24.00 23.90 24.00 * 23.20 23.20 23.30 23.20 23.60 24.00 24.40 24.20 24.50 24.60 24.00 23.80 23.60 23.50 23.40 23.20 * 1
2018-01-16 17:19:39 23.70 23.60 23.40 23.20 23.30 23.60 25.40 26.80 26.30 27.80 24.50 24.00 24.10 23.90 23.80 23.90 * 23.20 23.30 23.30 23.30 23.60 24.00 24.40 24.20 24.60 24.40 24.00 23.80 23.50 23.50 23.40 23.20 * 1
2018-01-16 17:19:39 23.60 23.60 23.30 23.20 23.20 23.80 26.20 26.80 26.90 27.70 24.30 24.00 24.10 23.90 23.90 23.90 * 23.30 23.30 23.30 23.30 23.50 24.10 24.40 23.90 24.30 23.90 23.80 23.70 23.40 23.40 23.30 23.10 * 1
