2018-01-16 15:55:32 25.70 25.60 24.70 23.60 23.50 23.60 23.50 23.60 23.80 23.80 23.90 24.00 24.00 23.90 23.80 23.60 * 24.10 23.30 23.40 23.40 23.50 23.20 23.20 23.00 23.20 23.20 23.20 23.20 23.10 23.00 23.00 23.10 * 0
2018-01-16 15:55:32 26.20 25.50 25.30 23.60 23.60 23.60 23.50 23.50 23.80 23.80 23.90 24.00 24.00 24.00 23.80 23.60 * 24.10 23.30 23.40 23.40 23.40 23.30 23.20 23.10 23.20 23.20 23.30 23.20 23.10 23.10 23.10 23.10 * 0
2018-01-16 15:55:33 26.40 25.60 24.60 23.50 23.60 23.60 23.50 23.60 23.90 23.80 24.00 24.00 24.00 24.00 23.90 23.70 * 24.10 23.40 23.40 23.50 23.50 23.40 23.30 23.30 23.20 23.30 23.40 23.30 23.20 23.20 23.20 23.10 * 0
2018-01-16 15:55:33 26.60 24.60 23.30 23.50 23.50 23.70 23.60 23.60 23.90 23.90 24.00 24.00 24.00 24.00 23.90 23.80 * 23.60 23.40 23.50 23.50 23.50 23.40 23.40 23.20 23.10 23.20 23.20 23.20 23.10 23.10 23.10 23.00 * 0
2018-01-16 15:55:33 26.40 24.90 23.30 23.50 23.50 23.60 23.50 23.70 23.90 23.80 24.00 24.00 24.10 23.90 23.90 23.70 * 23.50 23.40 23.40 23.40 23.50 23.30 23.30 23.20 23.10 23.20 23.20 23.20 23.10 23.10 23.10 23.10 * 0
2018-01-16 15:55:33 26.50 25.40 23.30 23.50 23.50 23.60 23.50 23.70 23.80 23.80 23.90 24.00 24.00 23.90 23.80 23.60 * 23.50 23.40 23.40 23.40 23.40 23.30 23.30 23.20 23.10 23.20 23.20 23.20 23.10 23.10 23.10 23.10 * 0
2018-01-16 15:55:34 26.80 25.60 23.70 23.50 23.60 23.60 23.50 23.60 23.80 23.70 23.90 23.90 23.90 23.90 23.80 23.60 * 23.60 24.00 23.90 23.40 23.40 23.30 23.20 23.10 23.10 23.20 23.20 23.20 23.10 23.00 23.00 23.00 * 0
2018-01-16 15:55:34 25.00 25.30 25.50 25.40 24.20 23.70 23.40 23.50 23.80 23.80 23.90 23.90 23.90 23.90 23.80 23.70 * 23.50 23.90 24.20 23.40 23.40 23.30 23.20 23.10 23.20 23.20 23.30 23.30 23.20 23.10 23.10 23.10 * 0
2018-01-16 15:55:34 23.90 24.20 24.90 25.70 25.00 24.10 23.70 23.50 23.90 23.80 23.90 23.90 23.80 23.90 23.80 23.60 * 23.50 23.90 24.30 23.50 23.60 23.60 23.20 23.10 23.40 23.30 23.20 23.30 23.20 23.10 23.10 23.10 * 0
2018-01-16 15:55:35 23.80 23.60 23.40 24.70 25.30 24.90 24.00 24.00 24.40 24.30 23.80 23.80 23.80 23.90 23.80 23.50 * 23.40 23.60 24.10 23.50 23.60 24.30 23.50 23.20 23.60 23.30 23.30 23.20 23.20 23.10 23.10 23.10 * 0
2018-01-16 15:55:35 23.80 23.60 23.30 23.60 24.40 25.10 25.10 24.60 25.50 25.10 23.90 23.90 23.90 23.90 23.90 23.70 * 23.30 23.30 23.60 23.40 23.50 24.70 23.70 23.30 23.80 23.40 23.40 23.20 23.10 23.10 23.10 23.10 * 0
2018-01-16 15:55:35 23.70 23.60 23.20 23.40 23.50 23.60 24.20 25.60 24.30 25.60 26.40 25.10 24.20 24.00 23.80 23.80 * 23.40 23.30 23.50 23.40 23.50 24.00 23.50 23.40 23.40 23.40 24.50 23.30 23.10 23.00 23.10 23.00 * 0
2018-01-16 15:55:35 23.70 23.60 23.30 23.50 23.50 23.60 23.50 24.30 24.00 24.20 25.80 26.40 24.80 24.50 24.00 23.90 * 23.40 23.30 23.40 23.40 23.50 23.40 23.40 23.20 23.20 23.40 24.50 23.70 23.20 23.10 23.10 23.00 * 0
2018-01-16 15:55:36 23.60 23.60 23.30 23.50 23.60 23.60 23.50 23.60 23.90 23.90 24.50 26.00 25.50 25.00 24.00 23.80 * 23.30 23.30 23.30 23.40 23.40 23.30 23.20 23.10 23.10 23.20 24.30 23.90 23.50 23.10 23.00 23.00 * 0
2018-01-16 15:55:36 23.70 23.60 23.30 23.50 23.60 23.60 23.50 23.60 23.70 23.80 24.00 24.80 26.00 25.40 24.10 23.70 * 23.30 23.20 23.30 23.30 23.40 23.30 23.20 23.00 23.10 23.20 23.90 23.90 23.80 23.10 23.10 23.00 * 0
2018-01-16 15:55:36 23.60 23.50 23.20 23.50 23.50 23.60 23.40 23.50 23.80 23.70 23.90 24.00 26.80 25.90 24.80 23.70 * 23.30 23.30 23.30 23.40 23.40 23.30 23.30 23.10 23.20 23.20 23.30 24.10 23.80 23.10 23.10 23.00 * 0
2018-01-16 15:55:36 23.60 23.60 23.20 23.50 23.50 23.60 23.50 23.50 23.80 23.80 23.90 24.10 27.10 25.40 24.60 23.70 * 23.30 23.20 23.30 23.40 23.40 23.30 23.20 23.10 23.20 23.30 23.70 24.10 23.90 23.10 23.20 23.10 * 0
2018-01-16 15:55:37 23.60 23.50 23.20 23.40 23.40 23.50 23.40 23.50 23.70 23.70 23.80 24.20 26.30 24.90 23.90 23.60 * 23.20 23.20 23.30 23.40 23.40 23.30 23.10 23.10 23.20 23.30 24.20 23.80 23.80 23.10 23.10 23.00 * 0
2018-01-16 15:55:37 23.60 23.50 23.20 23.40 23.40 23.50 23.40 23.50 23.70 23.70 23.90 25.00 25.70 24.20 23.80 23.50 * 23.30 23.30 23.30 23.40 23.40 23.30 23.20 23.10 23.20 23.30 24.40 23.80 23.50 23.10 23.10 23.10 * 0
2018-01-16 15:55:37 23.50 23.50 23.20 23.40 23.50 23.50 23.40 23.90 24.00 24.90 26.00 25.70 24.30 24.00 23.90 23.80 * 23.20 23.20 23.30 23.30 23.40 23.40 23.50 23.20 23.80 23.60 24.20 23.30 23.20 23.10 23.20 23.10 * 0
2018-01-16 15:55:38 23.50 23.50 23.20 23.40 23.50 23.50 23.60 25.10 24.60 26.00 26.00 24.70 24.10 24.10 24.00 23.80 * 23.20 23.20 23.30 23.30 23.40 24.00 23.80 23.20 23.90 23.30 23.60 23.20 23.10 23.10 23.10 23.10 * 0
2018-01-16 15:55:38 23.60 23.60 23.20 23.40 23.50 23.80 24.70 25.80 25.50 25.90 24.80 24.10 24.00 24.00 23.90 23.70 * 23.30 23.30 23.40 23.60 23.60 24.50 23.70 23.20 23.90 23.30 23.30 23.30 23.20 23.20 23.20 23.10 * 0
2018-01-16 15:55:38 23.60 23.50 23.20 23.40 23.70 24.80 25.60 25.10 25.70 24.80 24.00 24.10 23.90 24.00 23.90 23.70 * 23.30 23.60 24.00 23.60 23.60 24.60 23.60 23.10 23.60 23.20 23.30 23.30 23.20 23.10 23.20 23.10 * 0
2018-01-16 15:55:38 23.60 23.60 23.40 24.90 25.60 24.80 23.80 23.50 23.70 23.70 23.80 23.90 23.80 23.80 23.80 23.60 * 23.60 24.20 24.70 23.50 23.50 23.40 23.20 23.10 23.20 23.10 23.20 23.10 23.10 23.00 23.00 23.00 * 0
2018-01-16 15:55:39 23.60 23.60 24.40 25.60 24.80 23.80 23.40 23.40 23.70 23.70 23.80 23.90 23.80 23.80 23.80 23.60 * 23.70 24.30 24.60 23.40 23.40 23.30 23.20 23.00 23.10 23.10 23.20 23.20 23.10 23.00 23.00 23.00 * 0
2018-01-16 15:55:39 23.90 24.40 25.40 24.80 23.70 23.60 23.40 23.40 23.80 23.80 23.90 24.00 23.90 23.90 23.90 23.60 * 23.50 24.10 24.10 23.40 23.40 23.30 23.20 23.00 23.20 23.20 23.30 23.20 23.20 23.10 23.10 23.10 * 0
2018-01-16 15:55:39 24.70 25.40 24.50 23.70 23.60 23.60 23.50 23.50 23.80 23.70 23.90 24.00 23.90 23.90 23.90 23.60 * 23.40 23.60 23.40 23.40 23.40 23.30 23.20 23.00 23.20 23.20 23.30 23.20 23.20 23.10 23.10 23.10 * 0
2018-01-16 15:55:39 25.80 24.20 23.20 23.40 23.50 23.50 23.40 23.50 23.60 23.60 23.80 23.80 23.80 23.80 23.80 23.60 * 23.40 23.30 23.30 23.40 23.50 23.30 23.20 23.10 23.10 23.10 23.20 23.20 23.10 23.00 23.00 23.00 * 0
2018-01-16 15:55:40 25.70 23.70 23.20 23.50 23.50 23.60 23.40 23.50 23.70 23.70 23.80 23.80 23.80 23.80 23.80 23.60 * 23.30 23.30 23.30 23.40 23.50 23.30 23.20 23.00 23.10 23.20 23.10 23.20 23.10 23.00 23.10 23.00 * 0
2018-01-16 15:55:40 25.60 23.60 23.20 23.50 23.50 23.60 23.40 23.50 23.70 23.60 23.80 23.80 23.70 23.70 23.80 23.60 * 23.40 23.30 23.30 23.40 23.40 23.30 23.20 23.00 23.10 23.20 23.20 23.20 23.10 23.00 23.10 23.00 * 0
2018-01-16 15:55:40 25.80 23.70 23.30 23.50 23.50 23.60 23.50 23.60 23.70 23.60 23.70 23.80 23.80 23.80 23.80 23.60 * 24.00 23.50 23.30 23.40 23.40 23.30 23.20 23.10 23.10 23.20 23.20 23.20 23.10 23.00 23.10 23.10 * 0
2018-01-16 15:55:40 25.30 25.10 23.40 23.40 23.50 23.50 23.40 23.50 23.70 23.60 23.70 23.80 23.80 23.80 23.70 23.60 * 24.70 24.20 23.40 23.40 23.40 23.30 23.10 23.10 23.20 23.20 23.20 23.20 23.20 23.10 23.10 23.10 * 0
2018-01-16 15:55:41 24.50 25.30 24.60 23.70 23.50 23.50 23.40 23.50 23.80 23.80 24.00 24.00 24.00 24.00 24.00 23.70 * 24.60 24.10 23.40 23.60 23.60 23.30 23.10 23.00 23.10 23.20 23.20 23.10 23.10 23.00 23.10 23.00 * 0
2018-01-16 15:55:41 23.80 24.30 24.90 24.80 24.10 23.60 23.50 23.50 23.80 23.80 23.90 23.90 23.90 23.90 23.90 23.70 * 24.30 24.20 23.50 23.60 24.00 23.90 23.10 23.10 23.20 23.30 23.20 23.20 23.20 23.10 23.10 23.10 * 0
2018-01-16 15:55:41 23.70 23.60 23.70 24.70 24.80 24.60 23.80 23.50 24.50 23.90 23.90 23.90 24.00 24.00 23.90 23.70 * 23.60 23.70 23.40 23.40 24.20 24.60 23.20 23.10 23.40 23.30 23.20 23.20 23.20 23.10 23.10 23.00 * 0
2018-01-16 15:55:42 23.60 23.50 23.20 23.60 24.30 25.00 24.80 24.00 25.40 24.60 24.00 24.00 24.00 24.10 24.00 23.80 * 23.30 23.20 23.40 23.40 24.10 24.70 23.50 23.40 23.50 23.50 23.70 23.20 23.10 23.00 23.00 22.90 * 0
2018-01-16 15:55:42 23.50 23.40 23.10 23.30 23.40 23.50 23.70 24.60 24.80 25.20 24.90 24.10 23.90 24.00 23.90 23.70 * 23.20 23.20 23.30 23.40 23.50 23.70 23.20 23.40 23.40 23.60 24.60 23.30 23.10 23.10 23.10 23.00 * 0
2018-01-16 15:55:42 23.50 23.40 23.10 23.30 23.40 23.50 23.40 23.60 23.70 23.80 24.80 26.00 25.10 24.00 23.90 23.70 * 23.20 23.20 23.20 23.30 23.40 23.30 23.10 23.30 23.30 23.50 24.80 23.70 23.80 23.10 23.10 23.00 * 0
2018-01-16 15:55:42 23.60 23.50 23.10 23.30 23.40 23.50 23.50 23.60 23.70 23.80 24.00 25.10 26.10 24.60 23.90 23.70 * 23.30 23.30 23.20 23.30 23.40 23.30 23.20 23.20 23.30 23.40 24.00 23.80 24.10 23.10 23.20 23.10 * 0
2018-01-16 15:55:43 23.50 23.50 23.20 23.40 23.50 23.50 23.40 23.50 23.70 23.80 23.90 24.10 25.70 25.60 24.00 23.70 * 23.30 23.20 23.20 23.30 23.40 23.30 23.20 23.10 23.10 23.20 23.30 23.60 24.30 23.10 23.10 23.00 * 0
2018-01-16 15:55:43 23.50 23.50 23.20 23.40 23.50 23.50 23.40 23.50 23.80 23.80 23.90 24.00 24.60 26.20 24.20 23.80 * 23.30 23.20 23.20 23.30 23.40 23.30 23.10 23.00 23.10 23.10 23.20 23.40 24.50 23.30 23.10 23.00 * 0
2018-01-16 15:55:43 23.50 23.50 23.20 23.40 23.50 23.50 23.40 23.50 23.90 23.80 24.00 24.10 24.00 25.90 24.40 23.80 * 23.40 23.30 23.30 23.30 23.40 23.30 23.20 23.10 23.10 23.20 23.20 23.40 24.40 23.40 23.10 23.10 * 0
2018-01-16 15:55:43 23.60 23.50 23.20 23.50 23.50 23.60 23.40 23.50 23.80 23.80 24.00 24.00 24.00 25.80 24.40 23.80 * 23.40 23.30 23.30 23.30 23.40 23.20 23.20 23.00 23.20 23.30 23.30 23.50 24.40 23.50 23.10 23.10 * 0
2018-01-16 15:55:44 23.60 23.50 23.20 23.40 23.50 23.60 23.40 23.50 23.70 23.70 23.90 23.90 24.00 25.90 24.40 23.70 * 23.20 23.30 23.30 23.30 23.40 23.20 23.20 23.00 23.20 23.30 23.30 23.40 24.30 23.50 23.10 23.10 * 0
2018-01-16 15:55:44 23.50 23.50 23.20 23.30 23.40 23.50 23.40 23.50 23.60 23.70 23.80 23.90 24.10 25.90 24.20 23.60 * 23.20 23.30 23.30 23.40 23.40 23.30 23.20 23.00 23.10 23.20 23.20 23.40 24.00 23.30 23.10 23.10 * 0
2018-01-16 15:55:44 23.50 23.50 23.20 23.40 23.40 23.60 23.50 23.50 23.70 23.80 24.00 24.30 25.30 26.30 24.10 23.60 * 23.30 23.20 23.30 23.40 23.40 23.40 23.30 23.00 23.10 23.20 23.30 23.90 23.80 23.10 23.10 23.00 * 0
2018-01-16 15:55:44 23.60 23.50 23.20 23.40 23.50 23.60 23.50 23.50 23.70 23.80 24.00 25.30 25.80 26.70 24.20 23.60 * 23.30 23.30 23.30 23.40 23.50 23.30 23.20 23.10 23.20 23.40 23.70 25.00 23.30 23.20 23.20 23.10 * 0
2018-01-16 15:55:45 23.60 23.60 23.20 23.40 23.50 23.60 23.40 23.50 23.70 23.80 24.00 26.20 26.30 26.00 24.00 23.60 * 23.20 23.30 23.30 23.30 23.40 23.20 23.20 23.40 23.50 24.00 23.90 25.00 23.30 23.30 23.20 23.20 * 0
2018-01-16 15:55:45 23.50 23.60 23.20 23.40 23.50 23.60 23.40 23.50 23.70 23.80 24.80 26.60 26.60 24.70 23.90 23.60 * 23.30 23.20 23.30 23.30 23.40 23.30 23.60 23.80 23.80 24.40 23.70 24.50 23.30 23.30 23.20 23.20 * 0
2018-01-16 15:55:45 23.60 23.60 23.20 23.40 23.50 23.50 23.40 24.20 23.80 24.00 26.10 27.20 25.40 24.00 23.90 23.60 * 23.20 23.20 23.30 23.40 23.40 23.30 24.00 24.10 23.90 24.50 23.90 23.70 23.30 23.30 23.20 23.20 * 0
2018-01-16 15:55:46 23.60 23.60 23.20 23.40 23.50 23.50 23.50 25.60 24.10 26.50 28.00 27.70 24.00 24.00 23.90 23.70 * 23.30 23.30 23.30 23.40 23.40 23.30 24.00 24.50 24.00 24.90 23.80 23.30 23.30 23.20 23.20 23.20 * 0
2018-01-16 15:55:46 23.70 23.60 23.20 23.50 23.60 23.60 23.60 26.80 24.30 27.60 28.80 27.20 24.00 23.90 23.80 23.60 * 23.30 23.30 23.30 23.40 23.40 23.30 24.10 24.60 24.00 24.80 23.70 23.20 23.20 23.10 23.10 23.10 * 0
2018-01-16 15:55:46 23.70 23.60 23.30 23.50 23.50 23.60 23.60 27.10 24.50 28.10 29.00 26.10 23.90 24.00 23.80 23.60 * 23.30 23.20 23.30 23.40 23.40 23.30 24.10 24.50 24.10 24.60 23.60 23.30 23.10 23.10 23.10 23.00 * 0
2018-01-16 15:55:46 23.60 23.60 23.20 23.50 23.50 23.60 23.60 28.70 24.70 29.60 29.20 24.30 24.00 24.00 23.80 23.60 * 23.40 23.30 23.30 23.40 23.50 23.40 24.20 24.50 24.10 24.50 23.60 23.30 23.20 23.10 23.20 23.00 * 0
2018-01-16 15:55:47 23.60 23.60 23.20 23.40 23.40 23.60 23.60 29.00 24.60 29.60 28.80 24.20 23.90 24.00 23.80 23.60 * 23.30 23.20 23.30 23.40 23.40 23.40 24.20 24.50 24.20 24.60 23.70 23.40 23.30 23.20 23.30 23.20 * 0
2018-01-16 15:55:47 23.60 23.50 23.20 23.40 23.40 23.60 23.50 28.90 24.40 29.50 28.70 24.00 23.80 23.80 23.70 23.50 * 23.30 23.20 23.40 23.40 23.40 23.40 24.20 24.40 24.10 24.50 23.70 23.30 23.20 23.10 23.20 23.20 * 0
2018-01-16 15:55:47 23.60 23.50 23.20 23.40 23.50 23.60 23.50 28.80 24.60 29.60 28.80 24.20 23.90 23.90 23.90 23.60 * 23.30 23.30 23.30 23.40 23.40 23.30 24.10 24.40 24.00 24.50 23.60 23.20 23.20 23.10 23.20 23.10 * 0
2018-01-16 15:55:47 23.50 23.50 23.10 23.40 23.40 23.50 23.70 28.30 24.80 29.50 29.00 24.40 24.00 24.00 24.00 23.70 * 23.20 23.20 23.30 23.40 23.30 23.20 24.10 24.40 24.20 24.90 23.80 23.50 23.30 23.30 23.30 23.20 * 0
2018-01-16 15:55:48 23.60 23.50 23.20 23.40 23.50 23.60 23.80 27.70 24.70 28.10 28.90 25.10 24.00 24.00 24.00 23.70 * 23.30 23.30 23.40 23.40 23.40 23.40 24.10 24.60 24.10 25.00 23.70 23.40 23.30 23.20 23.30 23.20 * 0
2018-01-16 15:55:48 23.60 23.50 23.20 23.40 23.50 23.60 23.70 26.90 24.50 26.70 27.50 24.90 24.00 24.00 23.90 23.70 * 23.30 23.30 23.30 23.40 23.40 23.40 24.00 24.50 24.10 24.80 23.60 23.40 23.40 23.30 23.30 23.20 * 0
2018-01-16 15:55:48 23.60 23.50 23.20 23.40 23.40 23.60 23.50 25.60 24.20 25.50 26.20 24.80 24.00 24.00 23.90 23.70 * 23.30 23.30 23.30 23.40 23.50 23.40 24.00 24.00 24.00 24.40 23.50 23.40 23.40 23.30 23.30 23.30 * 0
2018-01-16 15:55:48 23.70 23.50 23.20 23.50 23.50 23.60 23.60 25.30 24.20 25.70 26.00 25.30 24.00 24.00 23.90 23.80 * 23.30 23.30 23.30 23.30 23.50 23.30 24.00 24.20 24.00 24.50 23.40 23.40 23.30 23.30 23.30 23.20 * 0
2018-01-16 15:55:49 23.70 23.50 23.20 23.50 23.50 23.60 23.60 25.20 24.40 25.80 26.00 25.70 24.10 24.10 24.10 23.90 * 23.30 23.20 23.30 23.30 23.50 23.60 24.30 24.40 24.70 24.80 23.30 23.30 23.20 23.10 23.10 23.10 * 0
2018-01-16 15:55:49 23.60 23.50 23.10 23.40 23.50 23.60 23.90 25.20 24.60 25.80 25.90 25.80 24.20 24.00 24.00 23.80 * 23.20 23.30 23.30 23.40 23.60 24.50 25.00 24.60 25.00 24.90 23.30 23.20 23.10 23.00 23.00 23.00 * 0
2018-01-16 15:55:49 23.60 23.50 23.10 23.40 23.50 23.60 24.40 25.30 25.30 25.90 26.00 26.10 24.70 24.10 24.00 23.80 * 23.20 23.30 23.30 23.40 23.80 25.30 25.50 24.60 25.10 24.40 24.50 23.60 23.20 23.10 23.10 23.00 * 0
2018-01-16 15:55:50 23.60 23.50 23.20 23.40 23.50 23.70 25.00 25.50 25.80 26.10 26.30 26.40 25.50 24.10 24.00 23.80 * 23.40 23.30 23.40 23.40 23.80 25.50 25.50 23.50 25.10 23.60 25.40 24.70 23.20 23.10 23.10 23.10 * 0
2018-01-16 15:55:50 23.60 23.50 23.30 23.40 23.60 23.70 24.90 25.50 25.20 26.00 26.30 26.30 26.20 25.40 24.10 23.80 * 23.40 23.30 23.40 23.40 23.80 25.40 25.50 23.50 25.20 23.60 25.80 26.10 23.40 23.30 23.30 23.20 * 0
2018-01-16 15:55:50 23.50 23.50 23.30 23.40 23.60 23.60 24.10 25.30 24.50 25.80 26.20 26.10 26.10 25.90 24.60 23.80 * 23.40 23.30 23.30 23.50 23.80 25.40 25.60 23.50 25.50 23.80 25.90 26.00 23.30 23.30 23.20 23.20 * 0
2018-01-16 15:55:50 23.60 23.50 23.30 23.50 23.60 23.70 23.60 25.00 24.00 25.30 26.00 26.10 26.00 25.70 25.00 23.80 * 23.30 23.40 23.30 23.50 23.70 25.10 25.90 24.30 25.70 24.80 26.00 25.90 23.20 23.30 23.20 23.20 * 0
2018-01-16 15:55:51 23.70 23.50 23.20 23.40 23.50 23.60 23.50 24.10 23.90 24.70 26.10 26.10 25.80 25.70 24.60 23.70 * 23.30 23.30 23.30 23.40 23.50 24.10 25.20 25.20 25.00 25.80 26.10 25.80 23.30 23.30 23.20 23.20 * 0
2018-01-16 15:55:51 23.70 23.50 23.30 23.50 23.60 23.70 23.50 24.10 23.90 24.70 26.30 26.60 26.00 24.30 23.90 23.60 * 23.30 23.30 23.40 23.40 23.70 24.50 24.90 25.40 24.80 25.80 25.80 24.60 23.30 23.20 23.20 23.10 * 0
2018-01-16 15:55:51 23.70 23.60 23.30 23.50 23.60 23.60 23.60 24.80 24.30 26.00 27.10 27.40 25.20 24.10 24.00 23.80 * 23.30 23.30 23.30 23.40 23.70 25.00 24.90 25.50 24.80 25.90 25.10 23.40 23.30 23.30 23.20 23.20 * 0
2018-01-16 15:55:51 23.70 23.60 23.20 23.50 23.60 23.60 23.90 25.90 24.90 27.00 27.40 26.30 24.30 24.00 23.90 23.70 * 23.30 23.30 23.30 23.40 23.50 24.30 24.40 25.00 24.50 24.80 24.10 23.40 23.20 23.30 23.20 23.20 * 0
2018-01-16 15:55:52 23.70 23.60 23.30 23.50 23.60 23.70 24.70 26.60 25.90 27.20 25.10 24.10 23.90 24.00 23.80 23.60 * 23.30 23.30 23.30 23.40 23.50 24.00 24.30 23.30 24.30 23.40 23.30 23.30 23.10 23.20 23.10 23.10 * 0
2018-01-16 15:55:52 23.70 23.60 23.30 23.50 23.50 23.70 25.60 26.70 25.90 26.90 24.40 24.00 23.80 23.90 23.80 23.70 * 23.40 23.30 23.40 23.40 23.60 23.90 24.20 23.30 24.10 23.30 23.30 23.20 23.10 23.10 23.10 23.00 * 0
2018-01-16 15:55:52 23.60 23.60 23.20 23.40 23.50 23.60 25.50 26.50 25.70 26.80 24.10 24.00 23.90 23.90 23.90 23.70 * 23.30 23.20 23.30 23.40 23.50 23.90 23.90 23.20 24.00 23.30 23.30 23.30 23.10 23.10 23.10 23.00 * 0
2018-01-16 15:55:53 23.70 23.70 23.30 23.50 23.60 23.70 25.40 26.30 25.60 26.40 24.10 24.00 23.90 23.90 23.90 23.70 * 23.30 23.20 23.30 23.40 23.60 24.20 23.90 23.20 24.00 23.30 23.30 23.40 23.20 23.20 23.20 23.20 * 0
2018-01-16 15:55:53 23.60 23.60 23.20 23.40 23.50 23.70 25.40 24.80 25.60 25.60 24.10 24.00 23.90 24.00 23.90 23.70 * 23.40 23.30 23.40 23.50 23.80 24.50 24.00 23.30 23.90 23.40 23.40 23.40 23.30 23.20 23.30 23.20 * 0
2018-01-16 15:55:53 23.70 23.60 23.30 23.50 23.50 23.90 25.60 24.30 25.70 24.20 24.00 24.00 24.00 24.00 23.90 23.70 * 23.40 23.30 23.40 23.50 24.00 24.60 23.50 23.20 23.50 23.30 23.30 23.30 23.20 23.10 23.10 23.00 * 0
2018-01-16 15:55:53 23.80 23.60 23.30 23.50 23.60 24.30 25.60 24.10 25.60 23.80 23.80 23.90 23.90 23.90 23.70 23.60 * 23.30 23.30 23.40 23.50 24.30 24.50 23.40 23.10 23.20 23.30 23.30 23.30 23.20 23.10 23.20 23.10 * 0
2018-01-16 15:55:54 23.70 23.60 23.20 23.40 23.60 25.00 25.50 24.00 25.50 23.80 23.90 23.90 24.00 24.00 23.80 23.70 * 23.20 23.30 23.30 23.40 24.30 24.30 23.30 23.10 23.20 23.20 23.30 23.30 23.20 23.10 23.10 23.10 * 0
2018-01-16 15:55:54 23.80 23.60 23.30 23.50 23.60 25.50 25.20 23.90 25.30 23.80 24.00 24.00 24.00 24.00 23.90 23.70 * 23.30 23.30 23.30 23.40 24.30 24.00 23.20 23.10 23.30 23.40 23.40 23.40 23.20 23.20 23.20 23.20 * 0
2018-01-16 15:55:54 23.60 23.60 23.30 23.50 23.60 25.60 24.80 23.80 25.10 23.90 24.00 24.10 24.00 24.00 23.90 23.70 * 23.40 23.30 23.40 23.60 24.40 24.10 23.30 23.20 23.40 23.50 23.40 23.50 23.30 23.40 23.30 23.30 * 0
2018-01-16 15:55:54 23.60 23.60 23.30 23.40 23.60 25.60 24.70 23.80 25.10 23.80 24.00 24.00 24.00 23.90 23.90 23.60 * 23.30 23.30 23.30 23.50 24.30 24.00 23.30 23.10 23.20 23.20 23.30 23.20 23.10 23.10 23.10 23.10 * 0
2018-01-16 15:55:55 23.70 23.60 23.30 23.50 23.70 25.70 24.70 23.80 25.10 23.80 23.90 24.00 23.90 24.00 23.80 23.60 * 23.30 23.40 23.40 23.50 24.30 24.00 23.30 23.20 23.30 23.20 23.30 23.30 23.10 23.10 23.10 23.10 * 0
2018-01-16 15:55:55 23.60 23.50 23.20 24.00 23.70 25.60 24.80 24.40 25.20 24.50 23.90 24.00 23.90 23.90 23.80 23.70 * 23.40 23.40 23.50 23.50 24.30 24.00 23.30 23.20 23.40 23.30 23.40 23.30 23.10 23.10 23.10 23.10 * 0
2018-01-16 15:55:55 23.70 23.60 23.30 24.30 24.80 25.50 25.40 25.50 25.60 25.40 24.00 24.00 24.00 23.90 23.90 23.70 * 23.30 23.30 23.40 23.40 24.20 24.00 23.30 23.10 23.40 23.30 23.30 23.30 23.20 23.20 23.20 23.20 * 0
2018-01-16 15:55:55 23.60 23.60 23.20 23.50 24.50 25.90 25.80 26.00 26.40 26.00 23.90 23.90 23.80 23.90 23.80 23.70 * 23.30 23.30 23.30 23.40 23.90 24.10 23.30 23.10 23.40 23.40 23.30 23.30 23.20 23.20 23.20 23.20 * 0
2018-01-16 15:55:56 23.60 23.60 23.20 23.40 23.60 25.30 26.70 26.00 27.00 25.90 23.90 24.00 23.80 24.00 23.80 23.70 * 23.30 23.30 23.40 23.40 23.80 24.30 23.30 23.10 23.40 23.30 23.30 23.20 23.20 23.20 23.20 23.10 * 0
2018-01-16 15:55:56 23.70 23.60 23.20 23.40 23.60 24.80 27.20 26.20 26.90 25.90 24.80 24.00 23.90 24.10 23.90 23.70 * 23.30 23.30 23.40 23.40 23.70 24.70 23.40 23.20 23.60 23.40 23.40 23.30 23.30 23.20 23.20 23.20 * 0
2018-01-16 15:55:56 23.60 23.50 23.30 23.50 24.00 25.50 25.40 25.30 26.30 25.80 25.20 24.50 24.00 24.10 24.00 23.80 * 23.40 23.30 23.40 23.40 23.70 24.70 23.80 23.10 24.00 23.60 23.40 23.30 23.30 23.30 23.20 23.30 * 0
2018-01-16 15:55:57 23.60 23.50 23.20 23.50 23.60 24.30 25.30 25.40 26.00 25.90 24.30 24.10 24.10 24.10 24.00 23.90 * 23.30 23.20 23.30 23.40 23.80 24.50 23.80 24.20 23.90 24.10 23.30 23.30 23.20 23.10 23.10 23.10 * 0
2018-01-16 15:55:57 23.60 23.60 23.30 23.50 23.60 24.00 25.30 25.60 25.90 26.00 24.60 24.10 24.10 24.10 24.00 23.80 * 23.40 23.30 23.30 23.40 23.80 24.50 23.70 24.40 23.80 24.90 23.40 23.40 23.30 23.30 23.30 23.20 * 0
2018-01-16 15:55:57 23.60 23.50 23.30 23.40 23.60 23.80 25.30 25.60 25.80 26.00 24.90 24.10 24.10 24.10 24.00 23.80 * 23.30 23.30 23.30 23.40 23.80 24.50 23.60 24.30 23.80 24.90 23.30 23.40 23.30 23.20 23.30 23.20 * 0
2018-01-16 15:55:57 23.60 23.60 23.20 23.40 23.60 23.80 25.30 25.50 25.80 26.00 25.00 24.10 24.00 24.00 24.00 23.80 * 23.30 23.30 23.30 23.40 23.80 24.50 23.70 24.30 23.80 24.90 23.40 23.40 23.20 23.20 23.30 23.20 * 0
2018-01-16 15:55:58 23.60 23.50 23.20 23.40 23.50 23.70 25.20 25.40 25.60 25.80 24.80 23.90 23.80 23.90 23.90 23.60 * 23.20 23.20 23.30 23.40 23.70 24.50 23.60 24.30 23.70 24.80 23.30 23.30 23.10 23.10 23.20 23.20 * 0
2018-01-16 15:55:58 23.60 23.60 23.20 23.50 23.50 23.80 25.30 25.50 25.70 25.90 24.70 24.00 23.90 24.00 23.90 23.70 * 23.20 23.20 23.40 23.40 23.70 24.50 23.70 24.30 23.60 24.60 23.20 23.20 23.10 23.00 23.10 23.00 * 0
2018-01-16 15:55:58 23.60 23.60 23.30 23.50 23.50 23.80 25.30 25.50 25.80 25.90 24.50 24.10 24.00 24.10 24.00 23.80 * 23.30 23.30 23.40 23.50 23.80 24.50 23.80 24.30 23.80 24.80 23.40 23.30 23.20 23.10 23.10 23.20 * 0
2018-01-16 15:55:58 23.70 23.60 23.30 23.60 23.60 25.00 25.50 25.40 25.90 25.70 24.10 24.00 24.00 24.00 23.90 23.70 * 23.30 23.30 23.40 23.40 23.80 24.50 23.90 24.20 24.10 24.20 23.40 23.30 23.20 23.20 23.20 23.20 * 0
2018-01-16 15:55:59 23.60 23.60 23.20 23.50 23.60 25.30 25.50 24.90 25.90 24.50 23.90 23.90 23.90 23.90 23.90 23.70 * 23.30 23.70 24.20 24.00 24.20 24.60 23.50 23.10 23.80 23.50 23.30 23.30 23.20 23.20 23.20 23.20 * 0
2018-01-16 15:55:59 23.60 23.50 23.20 23.50 24.10 25.50 25.40 24.30 25.30 24.00 23.90 23.90 23.90 23.90 23.90 23.70 * 23.60 24.90 25.10 23.90 24.00 24.20 23.30 23.00 23.30 23.30 23.30 23.30 23.20 23.30 23.20 23.20 * 0
