2018-01-16 16:25:41 26.80 27.30 26.10 23.50 23.20 23.40 23.30 23.40 23.90 23.80 24.00 24.10 24.40 24.10 24.00 23.90 * 24.00 25.40 25.10 26.30 25.60 23.60 23.40 23.10 23.30 23.40 23.50 23.60 23.50 23.40 23.30 23.30 * 0
2018-01-16 16:25:41 27.40 25.20 23.30 23.30 23.20 23.40 23.30 23.40 23.90 23.80 24.00 24.10 24.40 24.10 24.00 23.90 * 24.10 25.50 24.20 23.80 23.60 23.50 23.40 23.20 23.30 23.50 23.60 23.60 23.50 23.40 23.40 23.30 * 0
2018-01-16 16:25:41 26.80 24.10 23.30 23.30 23.30 23.50 23.40 23.50 23.90 23.90 24.10 24.10 24.50 24.10 24.10 23.90 * 24.20 25.60 24.30 23.80 23.70 23.60 23.50 23.30 23.50 23.50 23.60 23.70 23.60 23.50 23.40 23.30 * 0
2018-01-16 16:25:42 26.90 24.40 23.30 23.30 23.30 23.50 23.50 23.50 24.00 23.90 24.20 24.20 24.50 24.10 24.10 23.90 * 23.80 25.20 24.50 23.80 23.60 23.60 23.40 23.30 23.40 23.50 23.60 23.60 23.60 23.50 23.30 23.30 * 0
2018-01-16 16:25:42 26.90 25.20 23.50 23.30 23.30 23.50 23.50 23.60 23.90 23.90 24.10 24.10 24.40 24.10 24.00 23.90 * 23.50 24.60 24.80 23.80 23.60 23.60 23.40 23.20 23.30 23.40 23.50 23.60 23.50 23.40 23.30 23.20 * 0
2018-01-16 16:25:42 26.80 25.80 23.70 23.30 23.30 23.50 23.40 23.60 23.90 23.90 24.10 24.20 24.40 24.10 24.00 23.80 * 23.40 24.50 24.90 23.80 23.60 23.60 23.50 23.20 23.40 23.40 23.50 23.60 23.60 23.50 23.40 23.30 * 0
2018-01-16 16:25:42 26.50 26.40 23.60 23.40 23.40 23.60 23.50 23.60 23.90 23.90 24.10 24.20 24.40 24.10 24.10 23.90 * 23.40 23.80 24.70 23.80 23.60 23.60 23.40 23.30 23.40 23.30 23.50 23.60 23.60 23.50 23.40 23.30 * 0
2018-01-16 16:25:43 26.40 26.40 23.70 23.40 23.40 23.60 23.40 23.60 23.90 23.90 24.10 24.10 24.40 24.10 24.00 23.90 * 23.30 23.70 24.60 23.80 23.60 23.50 23.30 23.20 23.30 23.40 23.60 23.60 23.50 23.40 23.40 23.30 * 0
2018-01-16 16:25:43 26.30 26.30 24.00 23.30 23.30 23.60 23.50 23.60 23.90 23.80 24.10 24.10 24.40 24.00 24.00 23.80 * 23.30 23.70 24.50 23.80 23.60 23.50 23.30 23.30 23.30 23.30 23.50 23.60 23.40 23.50 23.30 23.10 * 0
2018-01-16 16:25:43 26.50 26.30 24.40 23.30 23.30 23.60 23.50 23.60 23.90 23.80 24.10 24.10 24.40 24.10 24.00 23.90 * 23.30 23.70 24.80 23.80 23.60 23.50 23.40 23.30 23.30 23.40 23.50 23.60 23.50 23.50 23.30 23.20 * 0
2018-01-16 16:25:43 27.00 26.90 25.00 23.20 23.20 23.40 23.40 23.50 24.00 23.90 24.10 24.10 24.50 24.10 24.10 24.00 * 23.30 23.70 24.60 24.40 24.00 23.60 23.40 23.20 23.30 23.40 23.50 23.50 23.50 23.40 23.30 23.20 * 0
2018-01-16 16:25:44 26.70 27.40 26.20 23.20 23.20 23.40 23.40 23.40 24.00 23.90 24.20 24.20 24.50 24.10 24.10 24.00 * 23.30 23.60 24.50 24.20 25.00 24.10 23.40 23.30 23.40 23.30 23.50 23.50 23.40 23.30 23.20 23.20 * 0
2018-01-16 16:25:44 25.60 28.00 27.00 23.80 23.20 23.40 23.50 23.50 24.00 24.00 24.20 24.20 24.40 24.20 24.10 24.00 * 23.30 23.60 24.50 23.90 25.80 24.80 23.50 23.30 23.40 23.30 23.50 23.60 23.40 23.30 23.30 23.20 * 0
2018-01-16 16:25:44 24.70 28.00 27.10 25.60 24.40 23.60 23.50 23.60 24.10 24.00 24.20 24.20 24.50 24.20 24.10 24.00 * 23.20 23.50 24.10 24.10 25.90 25.00 23.50 23.20 24.20 24.00 23.60 23.50 23.50 23.40 23.20 23.20 * 0
2018-01-16 16:25:45 24.30 27.10 27.50 26.70 25.00 24.80 23.70 23.60 24.80 24.00 24.20 24.20 24.50 24.20 24.10 24.00 * 23.20 23.50 23.70 24.10 25.90 25.30 24.30 23.80 24.40 25.20 24.80 23.80 23.50 23.40 23.20 23.20 * 0
2018-01-16 16:25:45 23.90 24.10 25.80 26.70 26.80 25.60 26.50 24.00 26.20 24.00 24.20 24.20 24.50 24.10 24.10 23.90 * 23.30 23.60 23.70 23.70 25.10 25.30 23.60 25.30 23.80 25.70 26.10 24.10 23.40 23.40 23.20 23.10 * 0
2018-01-16 16:25:45 23.80 23.80 23.50 24.70 26.30 27.00 27.40 25.00 27.50 24.80 24.20 24.30 24.50 24.10 24.10 23.90 * 23.30 23.50 23.70 23.70 23.90 24.50 23.70 25.30 24.00 25.70 26.30 24.20 23.50 23.50 23.30 23.20 * 0
2018-01-16 16:25:45 23.80 23.80 23.30 23.30 24.20 26.60 27.10 26.10 27.10 27.20 26.50 26.70 24.90 24.10 24.10 23.80 * 23.30 23.50 23.70 23.70 23.50 23.60 23.70 25.30 23.90 25.80 26.40 24.90 24.80 24.40 23.50 23.30 * 0
2018-01-16 16:25:46 23.90 23.80 23.30 23.30 23.40 24.80 26.40 26.70 25.60 26.90 26.60 27.90 25.50 24.10 24.00 23.80 * 23.40 23.60 23.80 23.70 23.60 23.60 23.60 25.30 23.50 24.70 26.10 24.80 25.40 26.80 24.20 23.40 * 0
2018-01-16 16:25:46 23.80 23.70 23.30 23.30 23.20 23.50 23.50 25.00 24.20 25.80 27.30 28.60 25.90 24.10 24.00 23.80 * 23.30 23.50 23.70 23.70 23.50 23.50 23.40 23.40 23.30 23.60 24.90 25.90 25.80 26.60 24.00 23.30 * 0
2018-01-16 16:25:46 23.80 23.80 23.30 23.30 23.30 23.50 23.50 24.10 23.90 24.50 27.40 29.50 26.20 24.80 24.00 23.80 * 23.30 23.60 23.70 23.70 23.50 23.50 23.40 23.30 23.30 23.40 23.80 25.90 26.20 26.60 24.00 23.30 * 0
2018-01-16 16:25:46 23.80 23.80 23.30 23.40 23.30 23.60 23.60 24.00 23.90 24.30 27.70 29.90 26.40 25.90 24.10 23.90 * 23.40 23.60 23.70 23.80 23.60 23.50 23.50 23.40 23.40 23.40 23.60 25.10 26.30 26.60 24.00 23.30 * 0
2018-01-16 16:25:47 23.80 23.90 23.40 23.40 23.40 23.60 23.80 25.60 26.90 27.70 28.20 27.20 26.80 27.00 24.40 24.00 * 23.30 23.60 23.70 23.70 23.60 23.60 23.50 23.40 23.40 23.50 23.60 24.90 26.10 26.20 25.10 23.50 * 0
2018-01-16 16:25:47 23.80 23.80 23.40 23.30 23.50 27.40 26.80 26.70 27.20 27.30 27.20 27.20 27.30 27.60 24.40 24.00 * 23.30 23.60 23.70 23.70 23.70 24.20 24.60 24.80 24.70 25.10 25.40 25.90 26.30 25.00 24.20 23.40 * 0
2018-01-16 16:25:47 23.80 23.80 23.40 23.40 24.70 28.40 25.20 26.40 25.70 27.10 27.40 27.70 28.20 27.30 24.30 24.00 * 23.30 23.60 23.70 24.40 25.40 26.20 26.70 26.50 26.60 26.50 25.80 25.80 26.00 23.60 23.30 23.20 * 0
2018-01-16 16:25:47 23.80 23.80 23.60 25.50 26.40 26.10 26.00 26.90 26.50 27.40 27.60 27.90 28.50 26.00 24.20 24.00 * 23.40 23.60 23.80 24.90 26.40 27.70 27.70 26.40 27.00 25.90 24.10 25.20 25.40 23.50 23.20 23.20 * 0
2018-01-16 16:25:48 23.90 24.40 25.70 26.20 26.40 26.10 27.00 27.30 28.30 28.00 27.40 26.80 25.90 24.40 24.20 24.10 * 23.40 23.60 23.80 24.40 25.70 27.60 27.50 26.10 26.70 25.60 24.20 25.00 24.30 23.40 23.30 23.20 * 0
2018-01-16 16:25:48 24.00 24.60 25.80 25.80 27.30 28.30 28.00 27.70 28.20 27.50 25.50 24.70 24.50 24.20 24.20 24.10 * 23.30 23.60 23.80 24.20 25.40 27.50 27.40 26.10 26.70 25.80 23.70 23.60 23.50 23.40 23.30 23.20 * 0
2018-01-16 16:25:48 24.90 26.80 25.70 26.70 27.60 27.60 27.20 27.00 27.60 26.50 24.30 24.20 24.50 24.20 24.10 24.00 * 23.40 23.70 24.30 25.50 27.00 27.80 27.10 26.30 26.60 25.90 23.70 23.60 23.50 23.40 23.30 23.20 * 0
2018-01-16 16:25:49 24.40 25.40 23.80 25.90 27.20 27.60 27.20 26.70 27.50 25.90 24.30 24.20 24.50 24.20 24.10 24.00 * 23.50 23.80 24.50 26.60 27.80 27.80 26.80 26.30 26.50 26.00 23.70 23.60 23.50 23.40 23.30 23.20 * 0
2018-01-16 16:25:49 27.10 27.50 25.60 27.00 27.40 27.60 27.30 26.10 27.50 25.10 24.30 24.30 24.50 24.20 24.10 24.10 * 23.50 23.70 24.30 26.60 27.80 27.60 26.10 25.20 25.80 25.00 23.60 23.60 23.50 23.40 23.40 23.30 * 0
2018-01-16 16:25:49 28.00 29.20 28.90 28.50 27.70 27.70 27.30 25.20 26.50 24.10 24.20 24.30 24.50 24.10 24.00 23.90 * 23.50 24.10 25.50 27.00 27.70 27.60 25.20 23.80 24.50 23.70 23.50 23.60 23.50 23.40 23.30 23.20 * 0
2018-01-16 16:25:49 26.00 28.50 29.40 29.80 28.50 27.80 26.80 24.50 25.20 24.10 24.20 24.20 24.50 24.10 24.10 24.00 * 23.60 24.50 27.00 27.50 27.80 27.60 25.00 23.60 24.00 23.50 23.60 23.60 23.50 23.40 23.40 23.40 * 0
2018-01-16 16:25:50 25.80 27.00 27.40 28.30 29.30 28.70 25.00 24.10 24.50 24.00 24.20 24.10 24.40 24.10 24.00 23.90 * 23.50 24.40 26.90 27.00 25.40 25.90 25.50 24.90 25.10 24.80 24.30 23.90 23.60 23.40 23.40 23.30 * 0
2018-01-16 16:25:50 25.70 26.80 27.20 27.60 28.60 29.60 27.20 24.70 26.00 24.10 24.20 24.10 24.40 24.10 24.10 23.90 * 23.50 24.40 26.80 26.90 24.10 24.00 24.80 25.00 24.90 25.20 25.80 26.00 25.20 24.40 23.60 23.30 * 0
2018-01-16 16:25:50 25.10 26.50 26.90 27.20 27.60 28.60 28.60 27.00 28.60 26.20 24.80 24.20 24.50 24.20 24.10 24.10 * 23.40 24.40 26.70 26.90 24.30 23.50 23.40 23.60 23.60 24.00 25.30 27.50 27.20 25.20 23.70 23.40 * 0
2018-01-16 16:25:50 24.30 25.10 25.70 26.90 27.00 27.20 27.70 27.90 27.80 27.70 28.40 29.10 27.70 24.60 24.20 24.00 * 23.40 24.10 25.80 26.40 25.50 24.50 23.60 23.30 23.90 23.50 23.90 27.10 27.50 24.90 23.60 23.40 * 0
2018-01-16 16:25:51 24.10 24.00 24.10 25.90 26.70 26.90 27.20 27.10 27.70 27.40 27.70 28.60 28.70 25.30 24.20 24.00 * 23.30 23.70 24.20 24.90 26.30 26.40 24.40 23.40 24.30 23.60 23.90 27.10 27.60 25.10 23.60 23.40 * 0
2018-01-16 16:25:51 24.00 23.90 23.50 23.90 26.60 26.70 26.60 26.60 27.20 26.90 27.10 27.20 28.30 26.50 24.60 24.10 * 23.40 23.60 23.90 24.30 26.60 27.20 24.50 23.60 23.90 23.60 23.90 27.00 27.80 25.40 23.70 23.40 * 0
2018-01-16 16:25:51 24.10 24.00 24.40 25.60 27.10 27.10 26.90 27.00 27.30 27.30 27.00 26.50 28.10 26.40 24.60 24.10 * 23.40 23.60 23.80 25.00 27.00 26.00 23.80 23.50 23.40 23.50 23.80 27.00 27.80 25.60 23.70 23.30 * 0
2018-01-16 16:25:51 24.00 24.00 24.40 25.90 27.40 27.60 27.70 27.90 28.50 28.60 28.40 28.50 28.10 27.40 28.40 28.90 * 23.30 23.60 23.80 25.90 26.90 24.70 23.60 23.40 23.20 23.40 23.80 27.40 27.80 25.90 23.80 23.20 * 0
2018-01-16 16:25:52 24.00 23.90 23.50 24.00 25.40 26.50 27.40 28.10 26.80 27.30 27.60 27.50 26.90 26.50 30.00 31.10 * 23.30 23.50 23.80 26.40 26.60 24.60 23.60 23.40 23.40 23.40 24.30 28.30 27.90 26.50 23.90 23.40 * 0
2018-01-16 16:25:52 23.90 23.90 23.40 23.40 23.50 23.70 23.80 24.30 24.80 25.40 26.00 25.50 24.90 24.90 28.50 30.10 * 23.50 23.70 23.80 26.60 26.40 24.80 23.60 23.50 23.50 23.50 24.40 28.30 27.90 26.50 23.70 23.40 * 0
2018-01-16 16:25:52 23.90 23.80 23.30 23.40 23.40 23.60 23.70 24.10 24.50 25.10 25.50 24.90 24.60 24.70 28.40 30.00 * 23.40 23.60 23.70 26.50 26.30 24.50 23.50 23.40 23.40 23.40 24.40 28.30 27.80 26.50 23.60 23.30 * 0
2018-01-16 16:25:52 23.90 23.80 23.40 23.40 23.40 23.60 23.60 24.00 24.40 24.70 24.90 24.60 24.60 24.50 27.50 28.50 * 23.30 23.50 23.70 26.50 26.30 24.40 23.50 23.30 23.40 23.40 24.50 28.40 27.90 26.50 23.70 23.30 * 0
2018-01-16 16:25:53 23.90 23.80 23.40 23.40 23.40 23.70 23.60 24.00 24.50 25.50 25.70 24.80 26.30 27.90 28.40 25.20 * 23.30 23.50 23.70 26.40 26.40 24.50 23.50 23.30 23.40 23.50 24.30 27.90 28.10 27.10 24.60 23.60 * 0
2018-01-16 16:25:53 24.00 24.00 23.50 23.50 23.50 23.80 24.00 25.70 24.90 26.80 26.50 26.50 29.50 30.00 28.50 24.80 * 23.50 23.60 23.80 26.10 27.10 24.80 23.60 23.40 23.40 23.60 23.90 27.10 28.30 27.80 26.70 24.80 * 0
2018-01-16 16:25:53 24.00 23.90 23.50 23.50 23.50 23.80 24.00 25.60 25.00 26.90 26.50 27.90 31.20 30.30 27.60 24.40 * 23.40 23.50 23.70 25.90 27.20 25.10 23.60 23.40 23.30 23.40 23.60 26.60 28.40 28.10 27.80 25.40 * 0
2018-01-16 16:25:54 24.00 23.90 23.50 23.40 23.40 23.70 23.80 24.70 24.60 26.00 26.30 26.80 29.80 30.50 28.50 25.00 * 23.30 23.50 23.70 26.10 27.20 25.10 23.60 23.40 23.30 23.40 23.60 26.60 28.30 28.00 27.80 25.10 * 0
2018-01-16 16:25:54 23.90 23.80 23.40 23.40 23.30 23.60 23.60 24.00 24.10 24.20 25.30 25.70 25.00 27.30 29.80 27.90 * 25.00 25.40 25.60 26.80 26.20 24.40 23.60 23.50 23.40 23.40 23.70 26.60 28.20 28.00 27.80 25.00 * 0
2018-01-16 16:25:54 23.90 23.80 23.40 23.40 23.30 23.60 23.60 23.80 24.00 24.00 24.60 24.80 25.30 27.80 29.40 27.20 * 27.20 27.50 27.00 26.50 24.80 23.80 23.60 23.50 23.40 23.50 23.70 26.50 27.30 28.10 28.00 26.00 * 0
2018-01-16 16:25:54 23.70 23.60 23.20 23.20 23.20 23.50 23.50 23.60 23.90 23.90 24.60 26.10 27.50 28.90 27.60 25.20 * 27.70 27.40 26.40 26.00 25.00 23.70 23.50 23.50 23.40 23.50 23.70 26.50 25.60 28.40 28.10 27.30 * 0
2018-01-16 16:25:55 23.80 23.70 23.30 23.30 23.30 23.50 23.70 24.70 24.40 25.40 27.30 28.60 28.30 26.80 25.10 24.10 * 27.50 27.90 27.60 26.50 26.00 23.90 23.50 23.50 23.50 23.70 23.90 26.60 24.90 28.40 28.20 27.80 * 0
2018-01-16 16:25:55 24.00 23.80 23.40 23.50 23.50 23.90 26.10 27.30 26.90 28.00 28.70 26.90 25.80 24.40 24.10 23.90 * 27.20 28.00 29.00 27.80 26.70 24.00 23.60 23.50 23.70 23.80 24.10 26.70 25.00 28.50 28.40 28.00 * 0
2018-01-16 16:25:55 24.00 23.80 23.50 23.50 23.50 25.00 30.10 30.60 32.60 30.90 25.00 24.40 24.60 24.20 24.20 24.00 * 26.90 27.40 29.20 29.40 27.90 24.10 23.60 23.60 23.70 23.70 23.80 26.70 25.00 28.10 28.40 28.00 * 0
2018-01-16 16:25:55 24.00 23.90 23.50 23.50 23.60 28.00 32.20 31.60 32.40 28.30 24.30 24.30 24.50 24.20 24.20 24.00 * 26.80 27.00 29.10 30.00 28.70 24.10 23.60 23.50 23.70 23.70 23.80 26.70 24.90 28.00 28.30 28.00 * 0
2018-01-16 16:25:56 23.90 23.90 23.40 23.50 23.90 31.80 32.50 28.90 32.00 26.60 24.20 24.20 24.40 24.10 24.10 24.00 * 26.70 27.30 29.40 30.20 28.90 24.10 23.80 23.80 23.90 24.00 23.90 26.80 25.00 28.00 28.30 28.10 * 0
2018-01-16 16:25:56 24.00 23.90 23.50 23.50 23.90 30.60 32.30 29.40 32.10 27.20 24.20 24.20 24.40 24.10 24.10 24.00 * 27.20 27.50 28.80 29.70 29.30 24.80 24.60 25.20 24.90 25.50 25.00 26.50 24.80 28.30 28.40 28.10 * 0
2018-01-16 16:25:56 24.00 23.90 23.60 23.50 23.70 26.60 30.20 30.10 31.30 29.60 24.70 24.30 24.50 24.20 24.20 24.00 * 27.90 27.80 28.30 28.70 29.90 26.00 25.70 27.10 26.10 27.50 27.10 26.00 24.30 28.50 28.50 28.00 * 0
2018-01-16 16:25:56 24.00 23.90 23.50 23.50 23.50 24.50 28.90 28.90 29.30 26.30 24.20 24.20 24.40 24.10 24.10 23.90 * 28.00 28.10 28.20 28.60 29.90 26.40 26.60 28.20 28.20 29.30 28.30 26.10 24.50 28.70 28.50 27.90 * 0
2018-01-16 16:25:57 23.90 23.80 23.30 23.40 24.20 28.50 26.20 24.10 27.00 24.00 24.10 24.20 24.40 24.10 24.10 23.90 * 28.00 28.40 27.90 29.60 29.10 26.40 27.70 29.00 28.70 29.40 27.90 25.90 24.60 28.90 28.50 27.80 * 0
2018-01-16 16:25:57 23.80 23.80 23.30 23.40 24.30 27.70 25.20 23.90 25.90 24.00 24.20 24.20 24.40 24.10 24.10 23.90 * 28.00 28.10 28.30 30.10 28.60 26.80 28.30 29.30 28.80 29.50 28.00 25.90 24.50 29.00 28.50 27.80 * 0
2018-01-16 16:25:57 23.80 23.80 23.40 23.40 24.10 27.40 25.30 24.00 25.80 24.10 24.20 24.20 24.40 24.00 24.10 23.90 * 28.00 27.60 28.90 30.10 28.40 27.00 28.40 29.40 28.80 29.50 28.00 25.80 24.50 29.00 28.60 27.80 * 0
2018-01-16 16:25:58 23.90 23.90 23.50 23.40 24.00 27.20 25.30 24.00 25.50 23.90 24.10 24.10 24.40 24.00 24.10 23.90 * 27.80 27.10 29.20 30.00 28.10 27.00 28.40 29.30 28.80 29.50 27.80 25.80 24.40 29.00 28.40 27.80 * 0
2018-01-16 16:25:58 23.90 23.80 23.30 23.40 23.80 26.90 24.90 23.90 25.30 23.90 24.10 24.10 24.40 24.10 24.10 23.90 * 27.80 27.10 29.20 29.90 27.90 27.10 28.50 29.40 28.80 29.50 27.80 25.70 24.30 29.00 28.40 27.80 * 0
2018-01-16 16:25:58 23.90 23.90 23.40 23.40 23.80 26.90 25.00 23.90 25.50 24.00 24.20 24.10 24.40 24.10 24.00 23.90 * 27.90 27.20 29.30 30.00 28.00 27.20 28.50 29.50 28.80 29.50 27.90 25.80 24.20 29.00 28.40 27.80 * 0
2018-01-16 16:25:58 23.90 23.90 23.50 23.40 23.80 26.90 25.10 24.00 25.60 24.10 24.30 24.20 24.50 24.20 24.10 24.00 * 27.90 27.10 29.20 30.00 28.00 27.10 28.50 29.40 28.80 29.60 27.90 25.80 24.30 29.00 28.50 27.80 * 0
2018-01-16 16:25:59 23.90 23.80 23.50 23.40 23.80 26.90 25.10 24.00 25.50 24.00 24.10 24.10 24.40 24.10 24.00 23.80 * 27.80 27.10 29.00 29.80 28.00 27.00 28.40 29.30 28.80 29.50 27.90 25.70 24.30 29.00 28.50 27.80 * 0
2018-01-16 16:25:59 23.90 23.80 23.50 23.40 23.70 26.80 25.10 24.00 25.40 23.90 24.10 24.10 24.30 24.10 24.00 23.80 * 27.80 27.30 29.00 29.90 28.20 27.10 28.40 29.40 28.70 29.60 27.90 25.80 24.40 29.10 28.40 27.70 * 0
2018-01-16 16:25:59 24.00 23.90 23.50 23.50 23.70 26.90 25.10 24.00 25.40 23.90 24.10 24.10 24.30 24.00 24.00 23.80 * 28.00 27.50 29.00 30.00 28.40 27.20 28.60 29.60 28.80 29.70 28.00 25.90 24.50 29.10 28.50 27.80 * 0
2018-01-16 16:25:59 24.00 23.90 23.50 23.50 23.80 26.90 25.10 24.10 25.50 24.00 24.20 24.20 24.40 24.10 24.00 23.90 * 28.00 27.70 28.80 30.00 28.60 27.10 28.60 29.60 28.80 29.70 28.00 25.80 24.40 29.10 28.50 27.80 * 0
2018-01-16 16:26:00 23.90 23.90 23.50 23.50 23.80 26.80 25.00 24.10 25.50 24.00 24.20 24.20 24.50 24.10 24.10 24.00 * 27.90 27.80 28.40 29.30 28.00 26.50 28.10 29.10 28.40 29.20 27.60 25.80 24.20 29.00 28.40 27.80 * 0
2018-01-16 16:26:00 23.90 23.90 23.50 23.50 23.70 26.80 25.30 24.00 26.50 25.50 24.70 24.30 24.50 24.00 24.10 23.90 * 27.40 27.80 28.00 28.30 27.10 25.20 26.20 27.40 24.60 25.40 25.90 26.10 24.20 28.70 28.50 28.10 * 0
2018-01-16 16:26:00 23.90 23.80 23.40 23.40 23.50 25.40 25.50 25.10 25.50 25.80 26.20 26.40 25.30 24.20 24.10 24.00 * 26.90 27.50 27.70 27.10 26.50 24.60 24.30 25.00 24.10 24.00 24.90 26.00 24.10 28.20 29.00 28.20 * 0
2018-01-16 16:26:00 23.80 23.70 23.30 23.30 23.30 23.60 23.50 23.70 24.10 24.40 25.70 26.80 26.20 24.30 24.10 24.00 * 27.40 27.70 26.10 25.70 25.70 25.30 24.90 24.60 24.90 24.70 25.30 25.90 25.00 26.80 28.00 27.50 * 0
2018-01-16 16:26:01 23.60 23.60 23.20 23.20 23.20 23.40 23.40 23.50 24.00 23.90 24.20 24.60 25.30 24.30 24.00 23.90 * 27.30 26.60 25.30 25.60 25.50 25.40 25.20 25.10 25.30 25.40 25.70 25.80 25.90 26.10 26.70 27.00 * 0
2018-01-16 16:26:01 23.70 23.60 23.20 23.20 23.20 23.40 23.40 23.50 24.00 23.80 24.20 24.90 25.70 25.60 25.20 24.90 * 26.20 25.40 24.70 25.00 25.10 24.80 24.60 24.40 24.50 24.50 24.80 24.80 24.90 26.00 27.20 27.50 * 0
2018-01-16 16:26:01 23.80 23.70 23.30 23.30 23.30 23.50 23.50 23.70 24.30 25.20 27.20 28.00 28.00 28.10 28.20 27.90 * 24.30 24.40 24.10 24.20 24.10 23.90 23.80 23.60 23.60 23.60 23.70 23.70 23.60 25.30 27.40 27.60 * 0
2018-01-16 16:26:02 24.00 23.90 23.40 23.50 23.40 23.70 23.60 24.70 24.30 25.80 27.40 28.40 28.00 28.00 28.40 27.70 * 23.30 23.50 23.60 23.80 23.80 23.50 23.40 23.30 23.50 23.60 23.70 23.80 23.70 25.60 27.10 27.10 * 0
2018-01-16 16:26:02 23.90 23.80 23.20 23.40 23.30 23.60 23.60 24.30 24.20 25.10 27.50 29.00 28.10 28.00 27.60 25.90 * 23.30 23.50 23.60 23.80 23.80 23.50 23.40 23.30 23.50 23.60 23.70 23.80 23.70 25.80 26.50 25.70 * 0
2018-01-16 16:26:02 23.80 23.70 23.20 23.20 23.20 23.50 23.60 23.70 24.10 24.20 27.10 28.60 28.70 28.60 24.90 24.10 * 23.30 23.50 23.70 23.80 23.70 23.50 23.40 23.30 23.50 23.60 23.70 23.80 24.40 26.10 26.10 24.30 * 0
2018-01-16 16:26:02 23.80 23.70 23.30 23.20 23.20 23.50 23.60 23.70 24.10 24.40 27.90 28.60 28.80 28.00 24.50 24.10 * 23.40 23.50 23.70 23.90 23.80 23.60 23.50 23.40 23.40 24.10 25.20 25.90 25.00 25.80 25.70 23.50 * 0
2018-01-16 16:26:03 23.90 23.80 23.30 23.30 23.30 23.60 23.60 24.90 24.30 25.60 28.90 28.60 28.60 26.50 24.30 24.10 * 23.40 23.60 23.70 23.80 23.80 23.70 24.70 25.50 24.70 25.60 25.80 24.50 23.80 25.70 25.70 23.40 * 0
2018-01-16 16:26:03 23.80 23.70 23.30 23.20 23.30 23.60 24.20 26.70 25.00 27.40 28.90 28.30 27.10 24.70 24.10 23.90 * 23.40 23.60 23.70 23.80 23.80 23.80 25.90 26.40 25.90 26.40 24.90 23.60 23.70 25.70 25.10 23.30 * 0
2018-01-16 16:26:03 23.80 23.80 23.30 23.30 23.30 24.40 26.30 27.90 26.90 28.30 27.70 26.30 25.10 24.00 24.00 23.90 * 23.40 23.70 23.80 23.90 23.80 24.00 26.10 26.40 25.90 26.30 25.00 24.10 24.00 24.60 23.90 23.20 * 0
2018-01-16 16:26:03 23.90 23.90 23.40 23.40 24.00 26.60 28.10 27.70 27.70 25.50 24.20 24.20 24.40 24.00 24.10 24.00 * 23.40 23.60 23.70 24.00 24.40 24.60 26.30 26.30 26.20 26.30 25.00 24.20 23.80 23.50 23.30 23.30 * 0
2018-01-16 16:26:04 24.00 23.90 23.50 23.90 26.10 28.20 27.80 25.90 25.70 24.10 24.10 24.20 24.30 24.00 24.00 23.90 * 23.40 23.60 23.90 25.10 25.40 24.60 26.30 26.30 26.10 25.80 24.20 23.60 23.50 23.50 23.40 23.30 * 0
2018-01-16 16:26:04 24.00 24.30 26.10 27.80 26.90 25.20 23.90 23.80 24.10 23.80 24.00 24.10 24.20 23.90 23.90 23.70 * 23.40 23.60 24.50 26.20 25.60 24.30 25.00 24.30 24.90 24.30 23.60 23.60 23.50 23.40 23.30 23.30 * 0
2018-01-16 16:26:04 24.20 25.50 27.50 27.70 24.70 23.70 23.70 23.80 23.90 23.80 24.00 24.10 24.30 23.90 23.90 23.70 * 24.00 24.90 25.30 26.10 25.60 24.00 23.60 23.30 23.60 23.40 23.50 23.70 23.50 23.40 23.30 23.30 * 0
2018-01-16 16:26:04 24.40 26.50 27.60 26.90 23.60 23.70 23.60 23.80 23.90 23.80 24.00 24.10 24.30 23.90 24.00 23.70 * 24.90 26.50 26.00 26.20 25.70 23.60 23.50 23.30 23.50 23.50 23.60 23.70 23.60 23.50 23.40 23.30 * 0
2018-01-16 16:26:05 24.60 27.10 27.60 25.70 23.50 23.70 23.60 23.80 24.00 24.00 24.20 24.20 24.40 24.10 24.10 23.90 * 25.20 27.00 26.10 26.30 25.70 23.60 23.50 23.30 23.40 23.40 23.50 23.60 23.50 23.50 23.30 23.20 * 0
2018-01-16 16:26:05 24.90 27.50 27.60 24.10 23.40 23.50 23.50 23.60 23.90 23.90 24.10 24.10 24.40 24.00 24.00 23.80 * 25.10 27.10 26.20 26.30 25.60 23.60 23.40 23.20 23.30 23.40 23.50 23.50 23.50 23.40 23.20 23.20 * 0
2018-01-16 16:26:05 24.90 27.50 27.50 23.90 23.30 23.50 23.50 23.60 23.90 23.90 24.10 24.20 24.40 24.00 24.00 23.90 * 25.20 27.10 26.20 26.30 25.70 23.60 23.50 23.30 23.30 23.40 23.50 23.50 23.50 23.40 23.30 23.20 * 0
2018-01-16 16:26:05 24.80 27.40 27.50 23.90 23.30 23.60 23.50 23.60 24.00 23.90 24.20 24.20 24.40 24.10 24.10 23.90 * 25.20 27.10 26.20 26.30 25.70 23.60 23.50 23.30 23.30 23.40 23.50 23.60 23.50 23.40 23.30 23.20 * 0
2018-01-16 16:26:06 25.00 27.40 27.50 23.90 23.50 23.70 23.70 23.60 24.10 24.00 24.30 24.30 24.60 24.20 24.20 24.00 * 25.10 27.00 26.10 26.30 25.60 23.50 23.40 23.20 23.40 23.40 23.50 23.60 23.50 23.50 23.30 23.30 * 0
2018-01-16 16:26:06 25.00 27.50 27.50 23.90 23.40 23.60 23.60 23.70 24.00 24.00 24.20 24.30 24.50 24.20 24.10 24.00 * 24.90 26.90 26.00 26.20 25.50 23.40 23.30 23.10 23.40 23.40 23.50 23.60 23.60 23.50 23.40 23.30 * 0
2018-01-16 16:26:06 25.00 27.50 27.50 23.90 23.40 23.60 23.60 23.70 24.10 24.00 24.20 24.30 24.50 24.20 24.20 24.00 * 25.00 27.00 26.10 26.30 25.50 23.50 23.30 23.10 23.30 23.40 23.40 23.50 23.50 23.40 23.30 23.20 * 0
2018-01-16 16:26:07 24.90 27.40 27.50 23.90 23.40 23.60 23.60 23.70 24.10 24.00 24.20 24.20 24.50 24.10 24.20 24.00 * 25.10 27.10 26.10 26.30 25.60 23.60 23.40 23.20 23.40 23.40 23.50 23.60 23.50 23.40 23.30 23.20 * 0
2018-01-16 16:26:07 24.90 27.40 27.50 24.00 23.40 23.60 23.60 23.60 24.00 24.00 24.20 24.20 24.50 24.10 24.10 24.00 * 25.10 27.10 26.20 26.40 25.60 23.50 23.40 23.30 23.40 23.40 23.50 23.60 23.50 23.40 23.30 23.30 * 0
2018-01-16 16:26:07 24.90 27.50 27.40 24.00 23.40 23.60 23.60 23.60 24.00 23.90 24.10 24.10 24.40 24.10 24.00 23.90 * 25.10 27.10 26.20 26.30 25.60 23.50 23.40 23.30 23.40 23.30 23.50 23.60 23.50 23.40 23.30 23.20 * 0
2018-01-16 16:26:07 24.90 27.40 27.40 23.90 23.40 23.70 23.50 23.60 24.00 23.90 24.10 24.10 24.40 24.10 24.00 23.90 * 25.10 27.10 26.20 26.30 25.70 23.60 23.50 23.30 23.30 23.40 23.50 23.50 23.40 23.30 23.30 23.20 * 0
