2018-01-16 16:04:20 26.30 26.80 26.30 25.60 24.10 23.70 23.50 23.60 23.80 23.70 23.90 23.90 23.90 24.00 23.90 23.70 * 25.50 23.70 23.50 23.60 23.60 23.50 23.40 23.20 23.10 23.20 23.30 23.20 23.20 23.10 23.10 23.10 * 0
2018-01-16 16:04:20 25.90 25.90 26.20 25.20 25.90 23.70 23.60 23.60 23.70 23.80 23.90 24.00 23.90 23.90 23.80 23.70 * 24.90 24.10 23.60 23.70 23.70 23.60 23.50 23.30 23.20 23.30 23.40 23.40 23.20 23.20 23.20 23.20 * 0
2018-01-16 16:04:20 25.40 26.00 25.70 25.30 25.70 23.70 23.50 23.60 23.70 23.80 23.90 24.00 23.90 23.90 23.80 23.60 * 24.40 24.20 23.60 23.60 23.60 23.50 23.40 23.30 23.10 23.20 23.30 23.30 23.10 23.10 23.10 23.00 * 0
2018-01-16 16:04:21 24.80 26.00 25.30 24.60 23.70 23.70 23.50 23.60 23.90 23.90 24.00 24.10 24.00 24.10 24.00 23.80 * 24.50 23.90 23.50 23.50 23.60 23.40 23.30 23.20 23.10 23.10 23.20 23.20 23.10 23.10 23.10 23.00 * 0
2018-01-16 16:04:21 24.80 25.80 24.00 23.60 23.70 23.60 23.50 23.50 23.90 23.90 23.90 24.00 24.00 24.00 23.90 23.80 * 24.40 23.70 23.50 23.60 23.60 23.40 23.30 23.20 23.20 23.20 23.20 23.30 23.20 23.10 23.20 23.10 * 0
2018-01-16 16:04:21 25.10 25.50 23.40 23.50 23.70 23.60 23.50 23.50 23.70 23.80 23.90 23.90 24.00 23.90 23.80 23.60 * 24.20 23.50 23.60 23.50 23.60 23.50 23.40 23.30 23.10 23.20 23.30 23.30 23.20 23.10 23.10 23.00 * 0
2018-01-16 16:04:21 25.80 24.20 23.30 23.50 23.70 23.60 23.50 23.60 23.90 23.80 24.00 24.10 24.00 24.00 23.90 23.80 * 24.10 23.60 23.50 23.60 23.60 23.40 23.40 23.20 23.10 23.20 23.20 23.30 23.10 23.20 23.10 23.00 * 0
2018-01-16 16:04:22 25.70 23.70 23.30 23.50 23.60 23.60 23.50 23.60 23.80 23.70 23.90 24.00 23.90 23.90 23.80 23.70 * 23.80 23.50 23.50 23.60 23.60 23.40 23.30 23.20 23.10 23.20 23.20 23.30 23.10 23.20 23.10 23.10 * 0
2018-01-16 16:04:22 25.50 23.60 23.30 23.50 23.70 23.60 23.50 23.60 23.80 23.70 23.80 23.90 23.80 23.90 23.80 23.60 * 23.50 23.50 23.50 23.50 23.60 23.40 23.40 23.10 23.10 23.20 23.20 23.20 23.10 23.10 23.10 23.00 * 0
2018-01-16 16:04:22 24.90 23.50 23.30 23.40 23.60 23.60 23.40 23.60 23.80 23.80 23.80 24.00 23.90 23.90 23.90 23.70 * 23.60 23.50 23.50 23.50 23.60 23.40 23.40 23.20 23.10 23.20 23.30 23.30 23.20 23.10 23.20 23.10 * 0
2018-01-16 16:04:22 24.40 23.50 23.30 23.50 23.70 23.70 23.50 23.60 23.80 23.90 23.90 24.00 24.00 24.00 23.90 23.80 * 23.50 23.40 23.50 23.50 23.50 23.40 23.30 23.20 23.10 23.10 23.20 23.20 23.00 23.10 23.00 23.00 * 0
2018-01-16 16:04:23 25.10 23.60 23.30 23.50 23.70 23.60 23.50 23.50 23.60 23.60 23.80 23.80 23.80 23.80 23.70 23.50 * 23.50 23.40 23.40 23.40 23.50 23.40 23.20 23.10 23.00 23.00 23.10 23.10 23.00 22.90 22.90 22.90 * 0
2018-01-16 16:04:23 25.60 23.60 23.30 23.50 23.70 23.60 23.50 23.50 23.70 23.70 23.90 24.00 23.90 23.90 23.90 23.70 * 23.60 23.30 23.30 23.40 23.40 23.30 23.20 23.10 23.00 23.10 23.10 23.10 23.10 23.00 23.00 22.90 * 0
2018-01-16 16:04:23 25.70 23.70 23.40 23.50 23.70 23.60 23.50 23.50 23.70 23.70 23.90 24.00 23.90 24.00 23.90 23.70 * 23.90 23.50 23.50 23.50 23.60 23.50 23.30 23.20 23.10 23.10 23.20 23.20 23.10 23.00 23.00 23.00 * 0
2018-01-16 16:04:24 25.30 23.80 23.30 23.60 23.70 23.60 23.40 23.50 23.80 23.80 23.90 24.00 24.00 24.00 23.90 23.70 * 23.90 23.60 23.60 23.60 23.60 23.50 23.40 23.30 23.20 23.20 23.30 23.30 23.20 23.10 23.10 23.10 * 0
2018-01-16 16:04:24 25.30 23.60 23.30 23.50 23.70 23.60 23.40 23.50 23.70 23.70 23.90 23.90 23.80 23.90 23.80 23.70 * 23.90 23.50 23.50 23.50 23.60 23.40 23.30 23.20 23.10 23.10 23.20 23.20 23.20 23.10 23.10 22.90 * 0
2018-01-16 16:04:24 25.30 23.60 23.30 23.50 23.70 23.60 23.40 23.50 23.70 23.70 23.80 23.90 23.80 23.90 23.80 23.60 * 23.80 23.50 23.50 23.50 23.60 23.40 23.30 23.20 23.10 23.10 23.20 23.20 23.20 23.10 23.10 23.00 * 0
2018-01-16 16:04:24 25.00 23.60 23.30 23.50 23.70 23.60 23.50 23.50 23.70 23.70 23.80 23.90 23.80 23.90 23.80 23.60 * 23.60 23.50 23.50 23.60 23.60 23.50 23.40 23.20 23.20 23.20 23.20 23.20 23.00 23.10 23.10 23.10 * 0
2018-01-16 16:04:25 24.50 23.60 23.30 23.50 23.70 23.60 23.50 23.50 23.70 23.70 23.90 23.90 23.90 23.90 23.90 23.70 * 23.50 23.40 23.50 23.50 23.50 23.50 23.40 23.20 23.20 23.20 23.20 23.20 23.00 23.10 23.10 23.10 * 0
2018-01-16 16:04:25 23.90 23.60 23.30 23.50 23.60 23.60 23.40 23.50 23.60 23.70 23.80 23.80 23.80 23.70 23.80 23.50 * 23.50 23.40 23.50 23.50 23.50 23.50 23.30 23.20 23.10 23.20 23.30 23.20 23.10 23.10 23.10 23.10 * 0
2018-01-16 16:04:25 23.60 23.60 23.30 23.50 23.60 23.50 23.40 23.50 23.80 23.80 23.80 23.90 23.80 23.80 23.80 23.60 * 23.50 23.40 23.40 23.50 23.50 23.30 23.20 23.10 23.10 23.20 23.30 23.30 23.20 23.10 23.10 23.10 * 0
2018-01-16 16:04:25 23.70 23.60 23.40 23.60 23.70 23.60 23.50 23.50 23.80 23.80 23.80 23.90 23.80 23.90 23.80 23.60 * 23.50 23.30 23.40 23.40 23.50 23.30 23.20 23.10 23.20 23.30 23.30 23.30 23.20 23.20 23.30 23.20 * 0
2018-01-16 16:04:26 23.80 23.60 23.40 23.60 23.80 23.70 23.50 23.50 23.70 23.70 23.90 23.90 23.90 23.80 23.80 23.60 * 23.50 23.30 23.40 23.40 23.50 23.30 23.30 23.10 23.20 23.30 23.40 23.30 23.20 23.20 23.30 23.20 * 0
2018-01-16 16:04:26 23.60 23.60 23.20 23.50 23.60 23.60 23.30 23.40 23.80 23.80 23.90 24.00 23.90 23.90 23.90 23.70 * 23.40 23.30 23.40 23.40 23.50 23.40 23.30 23.10 23.20 23.30 23.30 23.30 23.20 23.10 23.20 23.10 * 0
2018-01-16 16:04:26 23.70 23.60 23.30 23.50 23.60 23.60 23.40 23.50 23.80 23.70 23.90 23.90 23.80 23.90 23.90 23.60 * 23.30 23.30 23.30 23.40 23.50 23.40 23.20 23.10 23.20 23.30 23.30 23.40 23.20 23.10 23.20 23.10 * 0
2018-01-16 16:04:26 23.70 23.60 23.30 23.50 23.60 23.60 23.40 23.50 23.70 23.70 23.90 23.90 23.80 23.80 23.90 23.60 * 23.50 23.50 23.50 23.50 23.60 23.40 23.40 23.20 23.20 23.20 23.30 23.30 23.20 23.20 23.10 23.10 * 0
2018-01-16 16:04:27 23.70 23.60 23.30 23.50 23.60 23.60 23.40 23.50 23.90 23.80 24.00 24.10 24.00 24.00 24.00 23.70 * 23.40 23.40 23.40 23.40 23.50 23.30 23.30 23.20 23.20 23.20 23.20 23.20 23.10 23.10 23.10 23.10 * 0
2018-01-16 16:04:27 23.70 23.70 23.30 23.50 23.70 23.60 23.50 23.50 23.80 23.80 24.00 24.10 24.00 24.00 24.00 23.80 * 23.50 23.40 23.40 23.40 23.50 23.30 23.20 23.20 23.10 23.10 23.20 23.10 23.10 23.00 23.10 23.00 * 0
2018-01-16 16:04:27 23.60 23.60 23.30 23.50 23.60 23.50 23.30 23.50 23.80 23.80 24.00 24.10 23.90 23.90 23.80 23.70 * 23.60 23.50 23.50 23.50 23.60 23.40 23.30 23.20 23.20 23.20 23.30 23.20 23.20 23.10 23.10 23.10 * 0
2018-01-16 16:04:28 23.70 23.60 23.30 23.50 23.60 23.60 23.40 23.50 23.70 23.80 23.90 24.00 23.90 23.90 23.90 23.70 * 23.50 23.50 23.50 23.50 23.60 23.40 23.30 23.20 23.20 23.30 23.40 23.30 23.20 23.20 23.10 23.20 * 0
2018-01-16 16:04:28 23.70 23.70 23.30 23.50 23.70 23.60 23.50 23.60 23.80 23.80 24.00 24.00 24.00 23.90 24.00 23.70 * 23.50 23.50 23.50 23.50 23.60 23.40 23.30 23.20 23.20 23.30 23.30 23.30 23.20 23.10 23.10 23.10 * 0
2018-01-16 16:04:28 23.80 23.60 23.20 23.40 23.60 23.50 23.40 23.40 23.70 23.70 23.90 23.90 23.90 23.90 23.80 23.60 * 23.40 23.40 23.50 23.50 23.60 23.40 23.30 23.20 23.20 23.20 23.30 23.30 23.20 23.10 23.20 23.10 * 0
2018-01-16 16:04:28 24.20 23.60 23.30 23.50 23.60 23.60 23.40 23.50 23.70 23.70 23.90 24.00 23.90 23.90 23.80 23.60 * 23.50 23.40 23.50 23.50 23.60 23.40 23.30 23.20 23.20 23.20 23.30 23.30 23.20 23.20 23.20 23.10 * 0
2018-01-16 16:04:29 24.90 23.60 23.30 23.50 23.70 23.60 23.40 23.50 23.70 23.70 23.90 24.00 23.90 23.90 23.80 23.60 * 23.70 23.50 23.50 23.50 23.60 23.40 23.30 23.20 23.10 23.20 23.30 23.20 23.10 23.10 23.20 23.10 * 0
2018-01-16 16:04:29 25.30 24.20 23.30 23.60 23.70 23.60 23.40 23.40 23.70 23.70 24.00 24.00 23.80 23.90 23.80 23.60 * 23.80 23.70 23.40 23.50 23.60 23.40 23.30 23.20 23.10 23.30 23.30 23.30 23.20 23.20 23.20 23.20 * 0
2018-01-16 16:04:29 24.20 25.70 24.60 23.60 23.70 23.60 23.50 23.50 23.70 23.70 23.90 24.00 23.80 23.90 23.80 23.60 * 23.70 24.10 23.40 23.50 23.60 23.40 23.30 23.20 23.10 23.20 23.30 23.30 23.20 23.20 23.20 23.10 * 0
2018-01-16 16:04:29 23.80 24.40 25.50 24.00 23.70 23.60 23.40 23.50 23.70 23.80 23.90 24.00 23.80 23.90 23.90 23.60 * 23.70 24.20 23.60 23.60 23.60 23.40 23.30 23.20 23.20 23.20 23.30 23.30 23.20 23.20 23.10 23.10 * 0
2018-01-16 16:04:30 23.60 23.70 24.70 25.00 24.00 23.70 23.40 23.50 23.80 23.80 23.90 24.00 23.90 23.90 23.80 23.60 * 23.60 23.70 23.70 24.00 23.60 23.50 23.30 23.20 23.30 23.30 23.30 23.30 23.20 23.20 23.20 23.20 * 0
2018-01-16 16:04:30 23.70 23.70 23.70 25.30 24.90 23.80 23.50 23.60 23.80 23.70 23.90 24.00 23.90 23.90 23.80 23.60 * 23.60 23.50 23.60 24.10 23.60 23.40 23.40 23.20 23.20 23.20 23.30 23.20 23.20 23.20 23.10 23.10 * 0
2018-01-16 16:04:30 23.60 23.60 23.30 23.60 24.70 25.00 23.60 23.50 23.80 23.70 23.80 23.90 23.80 23.90 23.70 23.60 * 23.40 23.30 23.50 24.10 23.70 23.50 23.30 23.20 23.20 23.30 23.30 23.20 23.20 23.20 23.20 23.10 * 0
2018-01-16 16:04:31 23.60 23.60 23.30 23.50 23.90 25.40 23.80 23.60 24.20 23.70 23.80 23.90 23.80 23.90 23.70 23.60 * 23.40 23.40 23.50 23.80 23.70 23.80 23.40 23.20 23.20 23.30 23.30 23.30 23.20 23.20 23.20 23.10 * 0
2018-01-16 16:04:31 23.60 23.50 23.30 23.50 23.70 24.70 24.50 23.70 25.00 23.70 23.90 23.90 23.80 23.90 23.80 23.60 * 23.50 23.40 23.50 23.60 23.60 23.90 23.60 23.30 23.50 23.30 23.30 23.20 23.20 23.20 23.20 23.10 * 0
2018-01-16 16:04:31 23.60 23.60 23.30 23.50 23.70 23.80 25.20 23.90 25.20 24.10 24.00 24.00 23.90 24.00 24.00 23.70 * 23.40 23.40 23.50 23.50 23.50 23.80 23.70 23.20 23.70 23.40 23.30 23.30 23.30 23.20 23.20 23.20 * 0
2018-01-16 16:04:31 23.60 23.50 23.20 23.40 23.60 23.60 24.60 24.40 24.90 24.60 24.00 24.00 23.90 24.00 23.90 23.70 * 23.40 23.40 23.50 23.50 23.50 23.80 23.80 23.30 23.60 23.30 23.20 23.30 23.20 23.10 23.10 23.10 * 0
2018-01-16 16:04:32 23.60 23.50 23.20 23.40 23.50 23.60 24.50 24.50 24.60 24.90 23.90 23.90 23.80 23.80 23.80 23.70 * 23.50 23.40 23.50 23.50 23.60 23.80 23.80 23.30 23.50 23.20 23.20 23.20 23.20 23.10 23.10 23.00 * 0
2018-01-16 16:04:32 23.70 23.60 23.30 23.40 23.60 23.60 24.60 24.50 24.60 24.80 24.00 23.90 23.90 23.90 23.90 23.70 * 23.50 23.50 23.50 23.50 23.60 23.90 23.80 23.30 23.70 23.30 23.30 23.30 23.20 23.20 23.20 23.20 * 0
2018-01-16 16:04:32 23.70 23.60 23.40 23.50 23.60 23.60 24.70 24.40 24.70 24.80 24.00 24.00 23.90 24.00 24.00 23.60 * 23.50 23.40 23.50 23.50 23.60 23.90 23.80 23.30 23.60 23.20 23.30 23.20 23.10 23.10 23.10 23.00 * 0
2018-01-16 16:04:32 23.70 23.60 23.30 23.50 23.60 23.60 24.60 24.50 24.60 24.80 23.90 23.90 23.90 23.90 23.70 23.60 * 23.50 23.40 23.40 23.50 23.60 23.80 23.70 23.20 23.60 23.20 23.30 23.30 23.20 23.10 23.10 23.10 * 0
2018-01-16 16:04:33 23.60 23.50 23.30 23.50 23.60 23.60 24.90 25.00 25.00 25.60 23.80 23.90 23.90 23.80 23.70 23.60 * 23.50 23.40 23.40 23.40 23.60 23.70 23.80 23.20 23.70 23.30 23.30 23.30 23.20 23.10 23.20 23.10 * 0
2018-01-16 16:04:33 23.60 23.50 23.20 23.50 23.60 23.60 25.30 25.70 25.30 26.50 23.80 23.90 23.90 23.80 23.80 23.60 * 23.40 23.30 23.40 23.40 23.50 23.60 23.70 23.20 23.60 23.30 23.20 23.30 23.20 23.10 23.20 23.10 * 0
2018-01-16 16:04:33 23.80 23.60 23.30 23.50 23.60 23.60 25.20 25.70 25.10 26.50 23.90 23.90 23.80 23.90 23.80 23.60 * 23.50 23.50 23.50 23.50 23.60 23.80 24.00 23.30 23.80 23.30 23.30 23.30 23.20 23.10 23.20 23.20 * 0
2018-01-16 16:04:33 23.80 23.60 23.30 23.50 23.60 23.60 24.70 25.20 24.80 26.20 23.90 23.90 23.80 23.90 23.80 23.60 * 23.40 23.30 23.40 23.40 23.40 23.70 23.90 23.20 23.80 23.30 23.30 23.30 23.20 23.10 23.20 23.20 * 0
2018-01-16 16:04:34 23.60 23.60 23.30 23.50 23.60 23.60 24.80 25.00 25.10 26.10 23.80 24.00 23.90 23.90 23.80 23.60 * 23.40 23.30 23.40 23.40 23.40 23.60 23.70 23.20 23.60 23.30 23.30 23.20 23.20 23.20 23.20 23.20 * 0
2018-01-16 16:04:34 23.60 23.60 23.30 23.50 23.60 23.60 25.30 25.20 25.40 26.10 23.90 24.00 23.90 23.90 23.90 23.70 * 23.60 23.50 23.50 23.60 23.60 23.80 23.80 23.40 23.60 23.30 23.30 23.30 23.20 23.20 23.20 23.20 * 0
2018-01-16 16:04:34 23.60 23.60 23.30 23.50 23.60 23.60 25.60 25.40 25.40 25.90 24.00 24.00 23.90 23.90 23.90 23.70 * 23.40 23.40 23.50 23.50 23.60 23.80 23.70 23.30 23.60 23.30 23.20 23.20 23.20 23.10 23.20 23.10 * 0
2018-01-16 16:04:35 23.50 23.50 23.20 23.40 23.60 23.60 24.80 24.60 25.20 25.30 24.10 24.00 23.90 24.00 23.90 23.80 * 23.30 23.30 23.40 23.40 23.50 23.60 23.60 23.20 23.60 23.20 23.20 23.20 23.20 23.10 23.10 23.10 * 0
2018-01-16 16:04:35 23.50 23.50 23.20 23.40 23.60 23.60 24.70 24.50 25.00 25.00 24.10 24.10 24.00 24.10 24.00 23.90 * 23.40 23.40 23.40 23.50 23.50 23.70 23.70 23.20 23.60 23.20 23.30 23.30 23.20 23.20 23.20 23.10 * 0
2018-01-16 16:04:35 23.60 23.50 23.20 23.40 23.60 23.60 24.80 24.50 24.90 24.80 24.00 24.00 23.90 24.00 23.90 23.80 * 23.40 23.40 23.50 23.50 23.50 23.80 23.70 23.30 23.60 23.30 23.20 23.30 23.20 23.20 23.20 23.10 * 0
2018-01-16 16:04:35 23.60 23.50 23.30 23.40 23.70 23.70 25.00 24.50 24.90 24.80 24.00 24.00 23.90 23.90 23.90 23.70 * 23.50 23.40 23.50 23.50 23.60 23.80 23.80 23.30 23.50 23.20 23.20 23.20 23.10 23.10 23.10 23.10 * 0
2018-01-16 16:04:36 23.60 23.50 23.30 23.50 23.60 23.60 25.00 24.50 24.90 24.90 24.00 24.00 23.90 23.90 23.80 23.60 * 23.60 23.50 23.50 23.50 23.60 23.80 23.70 23.30 23.50 23.20 23.20 23.20 23.10 23.00 23.10 23.00 * 0
2018-01-16 16:04:36 23.50 23.50 23.30 23.50 23.60 23.50 24.60 24.70 24.60 25.20 23.90 24.00 23.90 23.90 23.80 23.60 * 23.50 23.40 23.50 23.50 23.60 23.80 23.60 23.20 23.50 23.30 23.20 23.30 23.20 23.10 23.10 23.10 * 0
2018-01-16 16:04:36 23.50 23.50 23.20 23.40 23.60 23.50 24.40 25.10 24.50 25.60 24.00 24.00 23.90 23.90 23.80 23.70 * 23.50 23.40 23.50 23.50 23.60 23.70 23.70 23.30 23.70 23.30 23.30 23.30 23.20 23.20 23.20 23.20 * 0
2018-01-16 16:04:36 23.50 23.50 23.30 23.40 23.60 23.50 24.30 25.60 24.50 26.00 24.00 24.00 23.90 23.90 23.80 23.70 * 23.40 23.30 23.40 23.40 23.50 23.40 23.80 23.20 23.50 23.10 23.20 23.20 23.00 23.00 23.00 23.00 * 0
2018-01-16 16:04:37 23.60 23.50 23.30 23.50 23.60 23.50 24.30 26.10 24.40 26.20 24.00 24.00 23.90 24.00 23.90 23.70 * 23.40 23.30 23.40 23.40 23.50 23.40 23.70 23.20 23.50 23.10 23.20 23.20 23.00 22.90 22.90 22.90 * 0
2018-01-16 16:04:37 23.60 23.50 23.20 23.40 23.50 23.60 23.90 25.60 24.50 26.00 24.80 24.00 24.00 24.00 23.90 23.70 * 23.40 23.30 23.40 23.40 23.50 23.40 23.80 23.30 23.50 23.10 23.10 23.10 23.00 22.90 22.90 22.90 * 0
2018-01-16 16:04:37 23.70 23.50 23.20 23.40 23.60 23.60 23.70 25.50 24.30 25.90 25.50 24.10 24.00 24.00 23.90 23.70 * 23.50 23.40 23.50 23.50 23.60 23.40 23.80 23.50 23.50 23.60 23.30 23.30 23.10 23.00 23.10 23.00 * 0
2018-01-16 16:04:38 23.70 23.60 23.30 23.50 23.70 23.70 23.60 25.40 24.30 25.90 26.10 25.00 24.00 24.00 23.90 23.70 * 23.40 23.30 23.50 23.50 23.60 23.50 23.80 24.70 23.50 24.30 24.00 23.30 23.20 23.10 23.20 23.10 * 0
2018-01-16 16:04:38 23.60 23.60 23.30 23.50 23.60 23.70 23.70 25.50 24.30 25.90 26.00 25.70 24.40 24.00 23.90 23.60 * 23.40 23.30 23.40 23.50 23.60 24.00 24.30 25.20 24.40 25.40 24.40 23.20 23.10 23.00 23.10 23.00 * 0
2018-01-16 16:04:38 23.80 23.60 23.40 23.60 23.70 23.70 24.60 25.60 25.70 26.20 26.20 26.10 25.30 24.10 24.00 23.80 * 23.40 23.30 23.40 23.50 23.60 24.90 24.80 25.40 24.70 25.60 24.50 23.40 23.20 23.20 23.10 23.20 * 0
2018-01-16 16:04:38 23.70 23.60 23.30 23.50 23.70 23.90 25.50 25.70 26.30 26.40 26.00 25.80 25.00 24.20 24.10 24.00 * 23.50 23.40 23.50 23.50 23.60 25.40 25.20 25.40 24.90 25.40 24.00 23.40 23.20 23.20 23.10 23.20 * 0
2018-01-16 16:04:39 23.70 23.60 23.30 23.60 23.70 24.10 25.70 25.80 26.20 26.30 25.90 25.70 24.60 24.10 24.00 23.90 * 23.40 23.30 23.40 23.50 23.60 25.20 25.40 24.90 24.80 24.90 23.20 23.20 23.10 23.10 23.00 23.00 * 0
2018-01-16 16:04:39 23.70 23.60 23.30 23.60 23.70 24.10 25.50 25.70 26.00 26.10 25.80 25.60 24.20 24.10 24.00 23.80 * 23.50 23.40 23.50 23.60 23.60 24.60 24.80 25.10 24.40 24.80 23.30 23.20 23.10 23.10 23.10 23.00 * 0
2018-01-16 16:04:39 23.70 23.50 23.20 23.40 23.50 23.60 25.00 25.60 25.40 26.10 25.80 24.30 24.00 24.10 24.00 23.80 * 23.60 23.50 23.60 23.60 23.60 23.90 24.30 24.40 24.20 24.10 23.40 23.40 23.20 23.20 23.20 23.10 * 0
2018-01-16 16:04:39 23.70 23.60 23.20 23.50 23.60 23.60 25.10 25.60 25.40 26.00 24.90 24.10 24.00 24.10 23.90 23.80 * 23.60 23.40 23.50 23.60 23.60 23.80 24.00 23.60 24.10 23.60 23.50 23.50 23.30 23.30 23.30 23.30 * 0
2018-01-16 16:04:40 23.60 23.60 23.30 23.50 23.60 23.60 25.30 25.70 25.50 25.90 24.20 24.10 24.00 24.10 23.90 23.80 * 23.60 23.40 23.50 23.60 23.60 23.90 23.90 23.40 23.80 23.40 23.40 23.40 23.30 23.20 23.30 23.30 * 0
2018-01-16 16:04:40 23.60 23.60 23.20 23.50 23.60 23.60 25.30 25.50 25.50 25.60 24.00 24.00 23.90 24.00 23.90 23.70 * 23.40 23.30 23.40 23.40 23.50 23.90 23.70 23.30 23.60 23.30 23.30 23.30 23.20 23.10 23.20 23.20 * 0
2018-01-16 16:04:40 23.70 23.60 23.20 23.50 23.60 23.70 25.60 24.80 25.70 25.10 24.20 24.20 24.10 24.10 24.10 24.00 * 23.40 23.30 23.40 23.40 23.50 23.90 23.60 23.20 23.60 23.30 23.40 23.30 23.20 23.20 23.20 23.20 * 0
2018-01-16 16:04:41 23.80 23.60 23.30 23.50 23.60 23.70 25.40 24.70 25.60 25.10 24.20 24.30 24.20 24.10 24.20 24.00 * 23.40 23.30 23.40 23.40 23.50 23.90 23.50 23.10 23.60 23.40 23.40 23.30 23.20 23.20 23.10 23.10 * 0
2018-01-16 16:04:41 23.80 23.60 23.40 23.60 23.70 23.70 25.50 24.90 25.40 25.10 24.20 24.20 24.10 24.10 24.10 23.90 * 23.40 23.40 23.40 23.50 23.50 23.80 23.50 23.20 23.60 23.40 23.30 23.30 23.20 23.20 23.20 23.20 * 0
2018-01-16 16:04:41 23.70 23.60 23.30 23.50 23.60 23.60 25.30 24.90 25.30 25.00 24.10 24.10 24.00 24.00 24.00 23.90 * 23.40 23.40 23.40 23.50 23.50 23.90 23.50 23.30 23.60 23.40 23.50 23.40 23.30 23.30 23.30 23.30 * 0
2018-01-16 16:04:41 23.70 23.70 23.30 23.50 23.60 23.70 25.40 24.70 25.30 24.80 24.00 24.10 23.90 24.00 24.00 23.90 * 23.40 23.30 23.40 23.50 23.50 23.90 23.50 23.30 23.70 23.50 23.50 23.50 23.30 23.30 23.30 23.30 * 0
2018-01-16 16:04:42 23.70 23.60 23.30 23.50 23.60 23.60 25.50 24.50 25.40 24.60 24.00 24.10 23.90 24.00 23.90 23.90 * 23.30 23.20 23.40 23.40 23.40 23.80 23.40 23.20 23.60 23.50 23.40 23.40 23.30 23.20 23.30 23.30 * 0
2018-01-16 16:04:42 23.70 23.70 23.30 23.50 23.60 23.70 25.50 24.60 25.50 24.70 24.10 24.10 24.00 24.10 24.00 24.00 * 23.30 23.30 23.40 23.40 23.40 23.70 23.50 23.20 23.70 23.40 23.50 23.40 23.30 23.30 23.30 23.30 * 0
2018-01-16 16:04:42 23.70 23.70 23.30 23.50 23.70 23.70 25.50 24.70 25.30 24.90 24.20 24.10 24.10 24.10 24.10 23.90 * 23.40 23.30 23.40 23.40 23.40 23.60 23.60 23.20 23.70 23.30 23.40 23.40 23.30 23.30 23.30 23.20 * 0
2018-01-16 16:04:42 23.80 23.70 23.30 23.60 23.70 23.80 25.50 25.00 25.60 25.00 24.10 24.10 24.10 24.10 24.00 23.90 * 23.40 23.30 23.40 23.40 23.40 23.70 23.70 23.20 23.70 23.30 23.40 23.30 23.20 23.20 23.20 23.20 * 0
2018-01-16 16:04:43 23.80 23.70 23.30 23.60 23.60 24.10 26.10 24.80 25.80 24.40 24.00 24.00 24.00 24.00 23.90 23.80 * 23.40 23.30 23.40 23.50 23.50 24.00 23.60 23.20 23.60 23.40 23.40 23.40 23.20 23.20 23.20 23.20 * 0
2018-01-16 16:04:43 23.80 23.70 23.40 23.60 23.80 25.10 25.60 24.20 25.10 24.00 24.00 24.10 24.10 24.00 24.00 23.90 * 23.40 23.30 23.40 23.80 23.70 24.00 23.40 23.20 23.40 23.40 23.40 23.40 23.20 23.30 23.20 23.20 * 0
2018-01-16 16:04:43 23.90 23.70 23.40 23.90 24.80 25.30 24.30 23.80 24.20 24.00 24.10 24.10 24.10 24.10 24.10 24.00 * 23.80 23.70 23.70 24.20 23.50 23.40 23.30 23.20 23.30 23.40 23.30 23.30 23.20 23.20 23.20 23.20 * 0
2018-01-16 16:04:43 24.00 24.70 25.30 24.80 24.10 23.70 23.60 23.70 24.10 24.10 24.10 24.10 24.20 24.20 24.20 24.00 * 24.40 23.90 23.60 23.50 23.50 23.40 23.30 23.20 23.30 23.40 23.40 23.30 23.30 23.20 23.20 23.30 * 0
2018-01-16 16:04:44 24.70 25.70 24.40 23.70 23.70 23.70 23.60 23.70 24.10 24.00 24.00 24.10 24.10 24.10 24.10 24.00 * 24.50 23.80 23.50 23.50 23.50 23.40 23.30 23.20 23.20 23.30 23.30 23.30 23.30 23.10 23.20 23.20 * 0
2018-01-16 16:04:44 25.90 25.10 23.50 23.70 23.70 23.70 23.60 23.80 24.10 24.00 24.10 24.10 24.10 24.10 24.00 23.90 * 23.90 23.50 23.40 23.40 23.50 23.40 23.30 23.20 23.20 23.30 23.40 23.30 23.20 23.10 23.20 23.10 * 0
2018-01-16 16:04:44 26.10 24.00 23.40 23.60 23.70 23.70 23.60 23.70 24.10 24.00 24.10 24.10 24.10 24.10 24.00 23.90 * 23.40 23.30 23.40 23.50 23.50 23.50 23.40 23.20 23.30 23.40 23.40 23.40 23.30 23.20 23.20 23.20 * 0
2018-01-16 16:04:45 26.10 24.40 23.50 23.50 23.70 23.70 23.50 23.70 24.00 23.90 24.10 24.10 24.10 24.00 24.00 23.80 * 23.40 23.30 23.40 23.40 23.50 23.40 23.30 23.20 23.20 23.30 23.40 23.40 23.20 23.20 23.20 23.20 * 0
2018-01-16 16:04:45 25.70 24.80 23.80 23.50 23.70 23.60 23.50 23.60 24.00 23.90 24.10 24.10 24.10 24.00 24.00 23.80 * 23.70 23.40 23.50 23.50 23.60 23.40 23.40 23.20 23.30 23.30 23.40 23.40 23.20 23.20 23.20 23.20 * 0
2018-01-16 16:04:45 25.40 25.40 24.10 23.60 23.70 23.60 23.50 23.60 24.00 24.00 24.10 24.10 24.10 24.10 24.10 23.80 * 23.80 23.90 23.60 23.60 23.60 23.50 23.50 23.30 23.20 23.30 23.30 23.30 23.20 23.10 23.10 23.10 * 0
2018-01-16 16:04:45 24.90 25.80 24.60 23.90 23.70 23.70 23.60 23.60 23.90 23.90 24.10 24.10 24.10 24.00 24.00 23.80 * 23.60 24.10 23.80 23.50 23.50 23.40 23.30 23.30 23.20 23.30 23.30 23.20 23.20 23.10 23.10 23.00 * 0
2018-01-16 16:04:46 24.00 25.20 25.30 25.70 24.40 23.60 23.50 23.60 23.90 23.90 24.10 24.10 24.10 24.00 24.00 23.90 * 23.60 24.10 23.80 23.40 23.50 23.40 23.30 23.20 23.10 23.20 23.30 23.20 23.10 23.10 23.10 23.00 * 0
2018-01-16 16:04:46 24.00 24.80 25.70 26.20 24.40 23.70 23.60 23.70 24.00 23.90 24.10 24.10 24.00 24.00 24.00 23.90 * 23.70 24.10 23.80 23.40 23.50 23.40 23.30 23.10 23.20 23.30 23.30 23.30 23.10 23.10 23.10 23.10 * 0
2018-01-16 16:04:46 24.00 24.50 25.90 26.70 24.20 23.80 23.60 23.70 24.00 24.00 24.10 24.10 24.10 24.00 24.00 23.80 * 23.70 24.10 23.80 23.40 23.50 23.40 23.30 23.10 23.30 23.30 23.30 23.30 23.20 23.20 23.20 23.10 * 0
2018-01-16 16:04:46 24.00 24.40 26.00 27.00 24.40 23.70 23.60 23.70 23.90 23.90 24.00 24.10 24.00 24.00 23.90 23.70 * 23.60 24.10 23.70 23.50 23.50 23.40 23.20 23.10 23.30 23.30 23.30 23.30 23.20 23.20 23.20 23.20 * 0
2018-01-16 16:04:47 23.90 24.20 26.00 26.70 24.50 23.70 23.50 23.60 23.80 23.80 23.90 24.00 23.80 23.90 23.80 23.70 * 23.50 24.00 23.70 23.50 23.50 23.30 23.20 23.20 23.30 23.40 23.40 23.30 23.20 23.20 23.20 23.20 * 0
