2018-01-16 16:07:15 0.00 0.00 0.00 0.00 0.00 0.00 0.00 0.00 23.70 23.60 23.60 23.30 23.50 25.20 26.30 26.80 * 23.90 24.10 24.30 24.50 24.50 24.20 24.00 24.00 23.00 23.30 23.20 23.40 23.40 23.30 23.30 23.50 * 0
2018-01-16 16:07:16 23.00 23.00 23.10 23.20 23.20 23.10 23.20 23.00 23.70 23.50 23.60 23.30 23.50 25.30 26.80 27.20 * 23.90 24.00 24.20 24.50 24.40 24.10 23.90 24.00 23.10 23.40 23.40 23.60 23.50 23.40 23.50 24.10 * 0
2018-01-16 16:07:16 23.00 23.00 23.10 23.20 23.10 23.20 23.10 23.00 23.70 23.50 23.50 23.30 23.50 25.90 27.10 27.80 * 23.90 24.00 24.20 24.50 24.40 24.10 23.90 24.00 23.20 23.40 23.40 23.60 23.50 23.50 23.90 25.10 * 0
2018-01-16 16:07:16 23.00 23.00 23.10 23.30 23.20 23.20 23.20 23.20 23.70 23.60 23.70 23.40 23.70 26.70 27.10 28.30 * 23.90 24.10 24.10 24.50 24.40 24.10 23.90 23.90 23.10 23.30 23.30 23.50 23.50 23.50 24.30 25.70 * 0
2018-01-16 16:07:16 23.00 23.10 23.20 23.30 23.20 23.30 23.20 23.10 23.70 23.70 25.20 24.80 25.60 26.90 26.70 27.60 * 23.90 24.10 24.20 24.50 24.40 24.20 24.00 24.00 23.10 23.20 23.30 23.50 23.40 23.40 24.20 25.80 * 0
2018-01-16 16:07:17 22.90 23.00 23.10 23.20 23.20 23.20 23.10 23.00 23.80 24.60 26.60 24.20 25.80 26.80 26.70 28.10 * 23.90 24.00 24.20 24.50 24.40 24.10 24.00 25.00 23.20 23.30 23.40 23.50 23.50 23.50 24.40 25.70 * 0
2018-01-16 16:07:17 23.00 23.00 23.10 23.30 23.20 23.20 23.20 23.10 24.00 25.50 26.20 24.50 26.50 26.60 27.30 29.10 * 24.00 24.10 24.30 24.50 24.40 24.20 24.00 25.90 23.30 23.50 23.50 23.70 23.70 26.00 26.10 25.30 * 0
2018-01-16 16:07:17 23.10 23.10 23.20 23.30 23.20 23.20 23.20 23.10 24.20 26.40 26.60 26.80 27.70 27.80 28.20 27.70 * 24.00 24.10 24.20 24.60 24.50 24.20 24.20 26.90 23.30 23.60 24.20 24.80 24.50 26.20 25.80 24.20 * 0
2018-01-16 16:07:17 22.90 23.00 23.10 23.30 23.10 23.20 23.20 23.20 25.40 27.90 29.00 29.10 28.70 28.00 27.80 25.30 * 24.00 24.10 24.10 24.60 24.50 24.70 26.10 27.50 23.80 25.20 25.60 25.00 24.50 26.20 25.60 23.90 * 0
2018-01-16 16:07:18 23.00 23.00 23.20 23.40 23.20 23.20 23.40 24.50 26.50 27.80 28.90 29.40 29.50 28.30 26.90 24.60 * 23.90 24.00 24.40 25.90 26.10 26.10 27.20 27.20 24.90 26.30 24.80 23.80 23.60 26.00 25.60 23.80 * 0
2018-01-16 16:07:18 23.00 23.10 23.20 23.40 23.20 23.20 24.40 25.80 26.60 26.70 26.70 27.80 30.50 30.10 26.40 24.30 * 24.00 25.40 27.90 26.70 26.40 26.90 26.80 27.10 25.90 26.10 23.60 23.60 23.60 26.00 25.60 23.80 * 0
2018-01-16 16:07:18 23.00 23.00 23.10 23.30 23.10 23.20 25.60 26.10 26.60 26.40 26.60 28.40 30.50 28.20 25.10 24.20 * 24.60 28.50 29.70 25.80 26.30 27.00 27.00 27.00 26.20 26.10 23.70 24.30 25.00 26.70 25.70 24.10 * 0
2018-01-16 16:07:18 23.10 23.10 23.20 23.40 23.20 23.30 26.00 26.20 26.40 26.20 26.30 29.60 26.30 23.40 23.70 23.80 * 25.80 30.20 26.70 26.40 27.30 27.10 26.90 26.80 26.20 26.20 23.90 25.70 26.80 27.00 25.20 24.00 * 0
2018-01-16 16:07:19 23.00 23.10 23.10 23.30 23.10 23.40 26.00 26.20 26.60 25.60 24.40 28.80 25.70 23.40 23.60 23.80 * 25.60 30.20 29.20 28.00 27.80 27.60 27.30 26.20 26.20 26.10 24.00 26.60 27.30 26.70 24.50 23.60 * 0
2018-01-16 16:07:19 23.10 23.10 23.20 23.30 23.20 23.40 26.10 26.30 26.90 24.70 24.10 29.60 25.40 23.30 23.60 23.70 * 24.90 29.90 31.20 28.20 28.10 28.10 27.90 25.60 26.20 26.20 24.10 26.80 27.50 27.00 24.80 23.70 * 0
2018-01-16 16:07:19 23.00 23.10 23.10 23.30 23.20 23.30 26.00 26.30 27.50 24.60 25.00 30.80 24.80 23.40 23.60 23.80 * 24.70 29.30 31.70 28.30 28.40 28.60 28.40 25.80 26.20 26.20 24.20 27.00 27.70 27.10 25.00 23.70 * 0
2018-01-16 16:07:19 23.00 23.20 23.20 23.30 23.20 23.40 26.10 26.30 28.00 25.60 26.20 30.20 24.00 23.50 23.70 23.90 * 24.50 28.10 31.10 28.50 28.80 28.80 28.70 26.80 26.20 26.10 24.10 27.20 27.80 27.10 25.00 23.70 * 0
2018-01-16 16:07:20 23.00 23.10 23.20 23.30 23.20 23.40 26.00 26.30 28.30 26.70 27.40 27.40 23.60 23.40 23.60 23.80 * 24.30 26.60 29.30 28.60 29.10 29.20 28.90 27.80 26.20 26.20 24.10 27.40 27.90 27.10 25.00 23.70 * 0
2018-01-16 16:07:20 23.00 23.00 23.10 23.20 23.20 23.30 26.00 26.30 28.50 27.60 27.60 24.50 23.50 23.30 23.60 23.70 * 24.30 25.90 28.20 28.60 29.40 29.60 29.10 28.40 26.40 26.30 24.20 27.50 28.00 27.20 25.00 23.70 * 0
2018-01-16 16:07:20 23.00 23.10 23.10 23.30 23.20 23.30 26.10 26.40 28.40 28.00 25.90 23.40 23.50 23.30 23.60 23.70 * 24.30 26.30 28.40 28.80 29.50 29.50 28.50 28.60 26.60 26.50 24.20 27.50 28.10 27.20 24.90 23.70 * 0
2018-01-16 16:07:20 23.00 23.10 23.10 23.30 23.30 23.40 26.40 26.60 27.70 27.70 23.90 23.30 23.50 23.20 23.60 23.80 * 24.40 27.00 28.60 28.80 29.30 29.00 28.00 28.80 26.70 26.60 24.20 27.50 28.00 27.20 24.90 23.70 * 0
2018-01-16 16:07:21 23.10 23.10 23.20 23.40 23.30 23.40 26.70 26.80 27.90 26.60 23.70 23.30 23.40 23.30 23.60 23.80 * 24.80 28.50 28.70 28.80 28.90 28.40 28.40 27.50 26.70 26.60 24.20 27.50 28.00 27.20 24.90 23.70 * 0
2018-01-16 16:07:21 23.10 23.10 23.20 23.40 23.30 23.40 26.80 26.90 27.90 24.80 23.70 23.30 23.40 23.30 23.60 23.80 * 24.70 28.60 28.50 28.70 28.80 28.40 28.90 25.90 26.80 26.60 24.20 27.50 28.00 27.30 24.90 23.70 * 0
2018-01-16 16:07:21 23.10 23.10 23.20 23.40 23.30 23.40 26.80 26.90 27.10 24.00 23.70 23.40 23.50 23.30 23.70 23.80 * 24.60 28.30 28.50 28.70 28.70 28.50 28.40 25.10 26.80 26.70 24.30 27.50 28.10 27.20 24.90 23.70 * 0
2018-01-16 16:07:21 23.10 23.20 23.20 23.50 23.30 23.50 26.80 27.00 26.00 23.70 23.70 23.30 23.50 23.20 23.60 23.80 * 24.50 27.70 28.40 28.60 28.70 28.60 27.10 24.70 26.80 26.60 24.20 27.40 28.10 27.20 24.80 23.60 * 0
2018-01-16 16:07:22 23.10 23.10 23.20 23.40 23.30 23.40 26.80 26.90 25.10 23.60 23.60 23.20 23.40 23.20 23.50 23.70 * 24.50 27.30 28.40 28.60 28.70 28.50 26.10 24.50 26.80 26.50 24.20 27.40 28.10 27.20 24.80 23.70 * 0
2018-01-16 16:07:22 23.10 23.10 23.20 23.40 23.40 23.40 26.80 26.90 24.80 23.70 23.70 23.30 23.50 23.30 23.70 23.80 * 24.40 27.20 28.40 28.70 28.70 28.50 25.80 24.50 26.90 26.60 24.20 27.40 28.10 27.20 24.70 23.70 * 0
2018-01-16 16:07:22 23.10 23.10 23.20 23.30 23.30 23.40 26.80 26.80 24.70 23.70 23.70 23.30 23.60 23.30 23.70 23.90 * 24.40 27.10 28.50 28.60 28.80 28.50 25.70 24.50 26.80 26.50 24.10 27.30 28.00 27.10 24.60 23.60 * 0
2018-01-16 16:07:22 23.00 23.00 23.10 23.20 23.20 23.40 26.70 26.80 24.60 23.60 23.60 23.20 23.50 23.30 23.60 23.80 * 24.40 27.10 28.50 28.60 28.70 28.50 25.60 24.40 26.70 26.50 24.00 27.30 28.00 27.10 24.60 23.60 * 0
2018-01-16 16:07:22 23.10 23.10 23.20 23.30 23.20 23.40 26.70 26.90 24.50 23.50 23.50 23.20 23.40 23.20 23.50 23.70 * 24.50 27.20 28.40 28.60 28.70 28.50 25.60 24.50 26.70 26.50 24.10 27.30 28.00 27.10 24.60 23.60 * 0
2018-01-16 16:07:23 23.00 23.00 23.10 23.30 23.20 23.30 26.60 26.80 24.60 23.60 23.70 23.30 23.50 23.30 23.60 23.80 * 24.50 27.30 28.50 28.70 28.80 28.60 25.80 24.50 26.60 26.50 24.00 27.30 28.00 27.00 24.60 23.60 * 0
2018-01-16 16:07:23 23.10 23.10 23.20 23.40 23.30 23.40 26.80 26.80 24.60 23.70 23.70 23.30 23.50 23.30 23.60 23.80 * 24.40 27.20 28.40 28.80 28.80 28.60 25.70 24.50 26.80 26.60 24.20 27.40 28.10 27.20 24.60 23.70 * 0
2018-01-16 16:07:23 23.20 23.20 23.30 23.50 23.40 23.50 26.90 26.90 24.50 23.60 23.60 23.20 23.40 23.20 23.60 23.70 * 24.40 27.20 28.40 28.80 28.80 28.60 25.60 24.40 26.80 26.60 24.10 27.40 28.00 27.20 24.70 23.60 * 0
2018-01-16 16:07:23 23.20 23.10 23.30 23.50 23.40 23.50 26.90 27.00 24.50 23.60 23.60 23.20 23.40 23.20 23.60 23.70 * 24.40 27.20 28.50 28.80 28.80 28.60 25.60 24.40 26.70 26.60 24.10 27.30 28.00 27.10 24.60 23.60 * 0
2018-01-16 16:07:24 23.20 23.10 23.30 23.40 23.30 23.50 26.80 27.00 24.50 23.60 23.60 23.20 23.40 23.20 23.60 23.70 * 24.40 27.10 28.50 28.80 28.80 28.50 25.60 24.40 26.80 26.60 24.10 27.30 28.00 27.20 24.60 23.60 * 0
2018-01-16 16:07:24 23.10 23.10 23.30 23.40 23.30 23.50 26.70 26.90 24.40 23.60 23.60 23.20 23.40 23.10 23.50 23.70 * 24.40 27.00 28.50 28.70 28.80 28.50 25.60 24.30 26.70 26.50 24.10 27.30 28.00 27.20 24.60 23.60 * 0
2018-01-16 16:07:24 23.10 23.20 23.30 23.40 23.30 23.50 26.80 26.90 24.40 23.60 23.60 23.20 23.40 23.20 23.50 23.70 * 24.50 27.20 28.50 28.80 28.90 28.50 25.60 24.40 26.70 26.50 24.00 27.30 28.00 27.10 24.60 23.60 * 0
2018-01-16 16:07:24 23.10 23.20 23.20 23.40 23.30 23.50 26.80 26.90 24.40 23.50 23.50 23.20 23.40 23.20 23.50 23.70 * 24.40 27.20 28.50 28.80 28.90 28.50 25.60 24.40 26.80 26.60 24.10 27.30 28.10 27.20 24.70 23.60 * 0
2018-01-16 16:07:25 23.00 23.00 23.10 23.30 23.20 23.30 26.60 26.80 24.30 23.60 23.60 23.20 23.40 23.20 23.50 23.70 * 24.40 27.10 28.50 28.80 28.80 28.50 25.60 24.40 26.80 26.60 24.10 27.30 28.00 27.20 24.60 23.60 * 0
2018-01-16 16:07:25 23.00 23.00 23.10 23.30 23.30 23.40 26.70 26.80 24.30 23.60 23.60 23.20 23.40 23.20 23.50 23.70 * 24.40 27.10 28.50 28.90 28.90 28.60 25.60 24.50 26.80 26.50 24.10 27.30 28.00 27.20 24.60 23.60 * 0
2018-01-16 16:07:25 23.00 23.10 23.10 23.30 23.30 23.40 26.70 26.80 24.40 23.60 23.60 23.30 23.40 23.20 23.50 23.70 * 24.40 27.10 28.60 28.90 28.90 28.50 25.60 24.40 26.80 26.60 24.10 27.30 28.10 27.20 24.70 23.70 * 0
2018-01-16 16:07:25 23.10 23.20 23.20 23.40 23.30 23.50 26.80 26.90 24.50 23.60 23.70 23.30 23.40 23.30 23.60 23.70 * 24.50 27.10 28.60 28.90 28.90 28.50 25.60 24.40 26.70 26.60 24.10 27.20 28.00 27.20 24.60 23.70 * 0
2018-01-16 16:07:26 23.10 23.20 23.20 23.40 23.40 23.50 26.80 27.00 24.40 23.60 23.60 23.20 23.40 23.20 23.60 23.70 * 24.50 27.00 28.50 28.80 28.90 28.50 25.60 24.40 26.70 26.60 24.10 27.20 28.00 27.20 24.60 23.60 * 0
2018-01-16 16:07:26 23.10 23.10 23.10 23.30 23.30 23.40 26.70 26.90 24.40 23.50 23.60 23.20 23.40 23.20 23.60 23.70 * 24.50 27.00 28.50 28.80 28.90 28.50 25.50 24.40 26.70 26.60 24.10 27.20 27.90 27.20 24.60 23.60 * 0
2018-01-16 16:07:26 23.00 23.00 23.10 23.20 23.20 23.40 26.70 26.80 24.50 23.60 23.60 23.30 23.50 23.30 23.60 23.70 * 24.40 27.00 28.50 28.80 28.90 28.50 25.50 24.50 26.70 26.60 24.00 27.20 27.90 27.20 24.60 23.60 * 0
2018-01-16 16:07:26 23.10 23.00 23.10 23.30 23.30 23.40 26.70 26.80 24.60 23.70 23.70 23.40 23.60 23.40 23.70 23.80 * 24.30 27.00 28.50 28.80 28.90 28.50 25.60 24.40 26.80 26.60 24.10 27.30 27.90 27.20 24.70 23.70 * 0
2018-01-16 16:07:27 23.10 23.10 23.20 23.30 23.30 23.50 26.70 26.90 24.60 23.70 23.70 23.40 23.50 23.30 23.70 23.80 * 24.40 27.10 28.50 28.90 29.00 28.50 25.60 24.40 26.80 26.60 24.10 27.20 27.90 27.20 24.70 23.70 * 0
2018-01-16 16:07:27 23.00 23.10 23.20 23.30 23.30 23.50 26.70 26.90 24.50 23.60 23.60 23.30 23.40 23.30 23.60 23.80 * 24.40 27.10 28.50 28.90 28.90 28.50 25.60 24.50 26.80 26.70 24.10 27.30 28.00 27.20 24.70 23.70 * 0
2018-01-16 16:07:27 23.00 23.10 23.20 23.30 23.20 23.40 26.70 26.90 24.70 23.60 23.60 23.20 23.40 23.20 23.60 23.70 * 24.60 27.50 28.60 29.00 28.90 28.60 26.60 24.80 26.90 26.70 24.30 27.20 27.90 27.10 24.60 23.60 * 0
2018-01-16 16:07:27 23.10 23.10 23.20 23.30 23.20 23.50 26.80 26.90 26.10 23.80 23.70 23.30 23.50 23.30 23.60 23.80 * 24.70 28.00 28.60 29.10 29.10 28.50 28.20 25.60 26.90 26.50 25.40 27.50 27.60 26.00 24.10 23.60 * 0
2018-01-16 16:07:28 23.20 23.10 23.20 23.40 23.30 23.90 27.00 26.90 27.50 24.50 23.70 23.30 23.50 23.30 23.60 23.90 * 24.50 27.20 28.50 29.10 29.20 28.60 28.60 26.80 26.70 25.60 26.50 27.80 27.40 24.90 23.60 23.50 * 0
2018-01-16 16:07:28 23.10 23.00 23.10 23.30 23.30 24.90 26.90 25.90 27.80 26.00 23.80 23.30 23.50 23.30 23.60 23.90 * 24.30 26.00 28.30 29.10 29.30 28.90 28.20 27.90 26.00 24.20 26.70 27.90 27.30 24.80 23.50 23.50 * 0
2018-01-16 16:07:28 23.00 23.00 23.10 23.30 23.30 26.00 26.50 24.40 27.80 27.50 25.50 23.50 23.60 23.30 23.60 23.90 * 24.30 26.20 28.20 29.00 29.30 29.30 28.30 27.80 25.70 23.60 26.70 27.90 27.20 24.90 23.60 23.50 * 0
2018-01-16 16:07:28 23.00 23.00 23.10 23.30 23.30 26.30 26.30 23.80 28.10 26.10 29.40 25.00 23.60 23.40 23.70 23.90 * 24.40 27.10 28.50 28.90 29.30 29.30 28.70 27.10 25.60 23.70 26.70 27.90 27.10 24.90 23.60 23.50 * 0
2018-01-16 16:07:29 23.30 23.20 23.30 23.50 23.40 26.20 26.30 23.90 28.30 25.70 30.50 24.40 23.60 23.30 23.70 23.80 * 24.60 28.30 31.20 29.00 29.00 29.20 29.00 26.20 25.60 23.70 26.70 27.80 27.10 24.90 23.50 23.50 * 0
2018-01-16 16:07:29 23.20 23.20 23.30 23.50 23.40 26.20 26.30 23.80 28.10 25.80 30.50 23.70 23.60 23.40 23.70 23.80 * 24.20 25.90 31.00 29.40 28.50 28.70 28.30 26.10 25.50 23.70 26.70 27.80 27.10 24.90 23.50 23.50 * 0
2018-01-16 16:07:29 23.20 23.20 23.30 23.40 23.30 26.20 26.20 23.80 27.70 26.00 29.70 23.80 23.70 23.50 23.70 23.90 * 24.00 24.40 28.20 30.20 28.20 28.00 27.70 26.60 25.50 23.60 26.40 27.50 26.90 24.70 23.50 23.40 * 0
2018-01-16 16:07:29 23.20 23.20 23.20 23.40 23.30 26.20 26.30 23.80 27.10 26.30 27.80 25.40 23.60 23.40 23.70 23.80 * 23.90 24.20 25.30 29.80 29.30 27.70 27.20 27.10 25.60 23.60 26.30 27.40 26.90 24.70 23.50 23.40 * 0
2018-01-16 16:07:30 23.20 23.20 23.20 23.50 23.40 26.20 26.30 23.80 26.80 26.60 26.70 28.10 23.70 23.40 23.70 23.80 * 24.00 24.30 24.50 27.80 30.50 28.30 27.40 27.30 25.60 23.70 26.30 27.30 26.90 24.70 23.50 23.50 * 0
2018-01-16 16:07:30 23.10 23.20 23.20 23.40 23.40 26.20 26.40 23.80 27.10 26.80 27.00 29.30 24.40 23.50 23.80 24.00 * 24.00 24.20 24.50 26.20 30.80 29.40 27.90 27.70 25.70 23.60 26.30 27.30 26.90 24.60 23.50 23.50 * 0
2018-01-16 16:07:30 23.10 23.20 23.20 23.40 23.30 26.40 26.50 23.90 27.50 27.30 27.20 28.60 26.40 23.50 23.80 24.00 * 24.00 24.20 24.50 25.70 29.90 30.40 28.70 28.20 25.80 23.60 26.30 27.30 26.90 24.60 23.50 23.40 * 0
2018-01-16 16:07:30 23.10 23.20 23.30 23.50 23.40 26.50 26.60 23.90 29.50 27.80 27.70 27.60 29.20 23.50 23.60 23.70 * 24.00 24.20 24.50 25.30 27.10 30.00 30.10 29.00 25.80 23.60 26.30 27.30 26.90 24.60 23.50 23.40 * 0
2018-01-16 16:07:31 23.10 23.20 23.20 23.50 23.40 26.60 26.70 23.80 30.30 28.80 27.80 27.90 28.80 23.50 23.60 23.80 * 23.90 24.10 24.40 25.10 25.10 28.30 30.70 30.10 25.90 23.60 26.30 27.30 26.90 24.70 23.50 23.40 * 0
2018-01-16 16:07:31 23.10 23.20 23.20 23.40 23.40 26.70 26.80 24.00 30.00 29.90 28.10 27.80 29.40 23.70 23.80 23.90 * 23.90 24.10 24.30 25.00 24.80 25.80 28.30 30.70 26.00 23.60 26.30 27.30 26.90 24.60 23.40 23.40 * 0
2018-01-16 16:07:31 23.10 23.10 23.20 23.40 23.30 26.70 27.00 24.00 28.90 30.40 28.70 27.70 29.40 23.90 23.80 23.80 * 24.00 24.20 24.40 25.10 24.80 24.90 27.70 30.10 26.30 23.70 26.30 27.40 27.00 24.60 23.60 23.50 * 0
2018-01-16 16:07:31 23.10 23.10 23.20 23.50 23.30 26.50 27.10 24.00 28.00 30.10 29.80 27.90 29.00 24.30 23.80 23.80 * 24.00 24.20 24.40 25.10 24.80 24.40 27.30 29.10 26.50 24.30 26.40 27.40 27.00 24.60 23.60 23.60 * 0
2018-01-16 16:07:31 23.10 23.10 23.20 23.40 23.20 25.60 26.80 24.70 27.50 29.10 30.50 28.80 28.60 24.80 23.90 23.90 * 24.00 24.20 24.40 25.10 24.70 24.30 26.50 28.30 25.40 25.30 26.70 27.40 26.90 24.70 23.60 23.60 * 0
2018-01-16 16:07:32 23.00 23.00 23.10 23.30 23.20 24.00 25.10 25.20 26.60 28.10 29.70 29.90 29.00 24.90 23.90 23.90 * 23.90 24.10 24.30 25.10 24.70 24.20 25.30 27.90 23.70 24.70 26.60 27.30 27.00 26.00 25.30 24.90 * 0
2018-01-16 16:07:32 23.00 23.00 23.10 23.30 23.20 23.20 23.40 24.10 25.40 27.70 28.40 29.30 29.70 26.60 24.00 23.90 * 23.90 24.00 24.30 25.00 24.70 24.20 24.40 27.20 23.20 23.50 26.40 27.30 27.10 25.90 25.60 25.90 * 0
2018-01-16 16:07:32 23.00 23.10 23.10 23.30 23.20 23.20 23.20 23.20 24.00 25.20 27.70 28.10 28.20 28.70 28.70 26.10 * 23.90 24.10 24.30 25.00 24.70 24.20 24.10 25.70 23.20 23.50 26.40 27.50 27.10 24.60 23.90 24.70 * 0
2018-01-16 16:07:32 23.10 23.10 23.10 23.30 23.20 23.20 23.30 23.20 23.90 24.00 25.70 27.40 28.10 28.10 28.50 28.00 * 23.90 24.20 24.40 25.00 24.80 24.30 24.10 24.40 23.20 23.60 26.00 27.40 27.20 24.70 23.60 23.60 * 0
2018-01-16 16:07:33 23.10 23.10 23.20 23.30 23.30 23.30 23.30 23.20 23.80 23.70 23.90 25.20 26.90 28.10 28.00 28.20 * 23.80 24.10 24.30 24.90 24.60 24.20 24.00 24.00 23.20 23.50 24.70 26.20 26.90 25.00 23.60 23.50 * 0
2018-01-16 16:07:33 23.20 23.20 23.20 23.40 23.30 23.30 23.30 23.20 23.70 23.70 23.70 23.50 24.70 27.20 28.00 27.90 * 23.80 24.10 24.30 24.90 24.60 24.10 24.00 24.00 23.20 23.30 23.60 24.30 25.10 24.60 23.90 23.70 * 0
2018-01-16 16:07:33 23.20 23.20 23.20 23.40 23.30 23.30 23.30 23.20 23.70 23.60 23.70 23.40 23.60 25.30 27.90 27.90 * 23.80 24.10 24.30 24.90 24.50 24.10 24.00 24.00 23.20 23.40 23.40 23.60 23.50 23.50 23.60 24.50 * 0
2018-01-16 16:07:33 23.10 23.10 23.20 23.40 23.20 23.30 23.30 23.20 23.70 23.60 23.70 23.40 23.60 23.80 27.70 27.80 * 23.80 24.10 24.30 24.80 24.50 24.10 24.00 24.00 23.20 23.40 23.40 23.60 23.50 23.50 23.60 23.90 * 0
2018-01-16 16:07:34 23.10 23.10 23.20 23.40 23.30 23.20 23.30 23.20 23.60 23.60 23.60 23.30 23.50 23.40 27.00 27.70 * 23.80 24.10 24.30 24.80 24.60 24.10 24.00 24.00 23.10 23.30 23.40 23.50 23.50 23.50 23.40 23.70 * 0
2018-01-16 16:07:34 23.10 23.10 23.20 23.30 23.30 23.30 23.20 23.20 23.60 23.50 23.50 23.20 23.40 23.30 26.40 27.60 * 23.80 24.00 24.30 24.80 24.60 24.10 24.00 24.00 23.00 23.30 23.30 23.50 23.40 23.40 23.30 23.60 * 0
2018-01-16 16:07:34 23.00 23.10 23.20 23.20 23.20 23.20 23.20 23.20 23.40 23.40 23.50 23.20 23.40 23.20 26.70 27.60 * 23.70 24.00 24.20 24.90 24.60 24.10 24.00 24.00 23.10 23.30 23.40 23.60 23.40 23.40 23.40 23.60 * 0
2018-01-16 16:07:34 23.00 23.10 23.20 23.30 23.20 23.20 23.20 23.20 23.40 23.40 23.50 23.20 23.40 23.20 26.50 27.60 * 23.80 24.10 24.20 24.90 24.60 24.20 24.00 24.00 23.10 23.20 23.40 23.50 23.40 23.40 23.40 23.60 * 0
2018-01-16 16:07:35 23.10 23.10 23.20 23.40 23.20 23.20 23.20 23.20 23.50 23.40 23.40 23.20 23.40 23.20 26.10 27.70 * 23.90 24.10 24.30 24.90 24.60 24.20 24.00 24.00 23.10 23.20 23.30 23.40 23.40 23.40 23.30 23.60 * 0
2018-01-16 16:07:35 23.00 23.00 23.20 23.30 23.10 23.20 23.20 23.30 23.50 23.40 23.50 23.20 23.40 23.20 25.20 27.60 * 23.90 24.10 24.30 24.90 24.50 24.20 24.00 23.90 23.10 23.30 23.40 23.60 23.50 23.50 23.40 23.60 * 0
2018-01-16 16:07:35 23.20 23.10 23.20 23.40 23.20 23.30 23.30 23.30 23.60 23.50 23.50 23.20 23.50 23.30 24.10 27.20 * 23.90 24.10 24.30 24.90 24.50 24.20 23.90 23.90 23.20 23.30 23.40 23.60 23.50 23.50 23.40 23.40 * 0
2018-01-16 16:07:35 23.20 23.10 23.20 23.30 23.30 23.30 23.30 23.20 23.60 23.40 23.50 23.20 23.40 23.20 23.60 26.70 * 23.90 24.10 24.30 24.90 24.60 24.10 24.00 24.00 23.10 23.30 23.40 23.60 23.40 23.50 23.40 23.40 * 0
2018-01-16 16:07:36 23.10 23.10 23.10 23.30 23.20 23.20 23.20 23.20 23.60 23.40 23.60 23.20 23.40 23.20 23.60 26.30 * 23.90 24.10 24.20 24.90 24.60 24.10 23.90 24.00 23.10 23.30 23.40 23.60 23.50 23.50 23.40 23.50 * 0
2018-01-16 16:07:36 23.20 23.20 23.20 23.40 23.30 23.30 23.20 23.20 23.60 23.50 23.60 23.20 23.50 23.30 23.70 26.30 * 23.80 24.00 24.20 24.90 24.50 24.10 23.90 23.90 23.20 23.40 23.40 23.60 23.50 23.50 23.40 23.50 * 0
2018-01-16 16:07:36 23.20 23.30 23.20 23.50 23.30 23.30 23.30 23.20 23.50 23.40 23.50 23.20 23.30 23.20 23.60 26.50 * 23.80 24.00 24.20 24.90 24.50 24.10 23.90 23.90 23.10 23.30 23.30 23.60 23.50 23.50 23.40 23.50 * 0
2018-01-16 16:07:36 23.10 23.20 23.20 23.40 23.20 23.30 23.20 23.20 23.50 23.40 23.40 23.20 23.40 23.20 24.90 27.20 * 23.80 24.00 24.20 24.90 24.50 24.10 23.90 24.00 23.10 23.30 23.30 23.50 23.50 23.40 23.40 23.80 * 0
2018-01-16 16:07:37 23.00 23.10 23.10 23.30 23.20 23.20 23.20 23.10 23.40 23.30 23.40 23.10 23.30 23.30 26.30 27.10 * 23.80 24.00 24.20 24.80 24.50 24.10 23.90 23.90 23.20 23.30 23.40 23.60 23.50 23.50 23.40 24.10 * 0
2018-01-16 16:07:37 23.20 23.20 23.20 23.40 23.30 23.30 23.20 23.30 23.40 23.30 23.40 23.10 23.30 24.30 27.10 26.20 * 23.80 24.00 24.20 24.80 24.50 24.10 23.90 23.90 23.20 23.30 23.40 23.60 23.50 23.50 23.40 24.00 * 0
2018-01-16 16:07:37 23.00 23.10 23.10 23.30 23.20 23.20 23.20 23.20 23.50 23.50 23.60 23.30 23.50 25.50 27.80 25.30 * 23.80 24.10 24.20 24.80 24.50 24.10 23.90 24.00 23.10 23.30 23.40 23.50 23.50 23.50 23.50 24.40 * 0
2018-01-16 16:07:37 23.00 23.10 23.10 23.30 23.30 23.20 23.20 23.20 23.50 23.50 23.60 23.30 23.50 25.90 28.30 24.80 * 23.80 24.10 24.30 24.90 24.60 24.10 23.90 24.00 23.10 23.30 23.40 23.50 23.50 23.50 23.50 24.40 * 0
2018-01-16 16:07:38 23.10 23.10 23.10 23.30 23.20 23.20 23.20 23.20 23.50 23.40 23.50 23.20 23.50 26.20 28.40 24.60 * 23.80 24.00 24.20 24.80 24.60 24.10 24.00 23.90 23.10 23.20 23.40 23.50 23.40 23.50 23.60 24.40 * 0
2018-01-16 16:07:38 23.10 23.10 23.20 23.50 23.30 23.30 23.30 23.30 23.50 23.40 23.50 23.10 23.60 26.60 28.50 24.60 * 23.80 24.00 24.20 24.80 24.50 24.10 24.00 23.90 23.10 23.30 23.40 23.50 23.40 23.60 23.70 24.40 * 0
2018-01-16 16:07:38 23.10 23.10 23.20 23.40 23.30 23.30 23.30 23.30 23.60 23.50 23.60 23.20 24.10 26.90 28.60 24.60 * 23.80 24.00 24.30 24.90 24.60 24.20 24.00 24.00 23.10 23.30 23.40 23.50 23.50 24.20 23.60 24.30 * 0
2018-01-16 16:07:38 23.10 23.10 23.20 23.30 23.20 23.20 23.20 23.20 23.50 23.50 23.60 23.70 27.00 27.90 26.20 24.10 * 23.80 24.00 24.20 24.80 24.60 24.20 24.00 24.00 23.10 23.30 23.40 23.60 23.50 24.70 23.70 24.50 * 0
2018-01-16 16:07:39 23.20 23.10 23.20 23.30 23.20 23.30 23.20 23.20 23.40 23.40 23.50 24.30 27.40 27.90 24.80 23.90 * 23.80 24.10 24.30 24.90 24.60 24.20 24.00 24.00 23.10 23.40 23.40 23.70 23.60 24.80 24.10 24.70 * 0
2018-01-16 16:07:39 23.20 23.10 23.20 23.30 23.20 23.30 23.30 23.30 23.50 23.40 23.60 24.40 27.60 27.50 24.60 23.90 * 23.80 24.00 24.30 24.80 24.50 24.20 24.00 24.00 23.10 23.20 23.40 23.60 23.50 24.70 24.40 24.80 * 0
2018-01-16 16:07:39 23.10 23.20 23.20 23.40 23.30 23.30 23.30 23.30 23.60 23.60 23.70 23.90 27.60 27.50 25.20 24.00 * 23.80 24.00 24.30 24.80 24.50 24.10 24.00 23.90 23.10 23.10 23.30 23.50 23.40 24.60 24.50 24.70 * 0
2018-01-16 16:07:39 23.10 23.20 23.20 23.40 23.30 23.30 23.40 23.30 23.60 23.50 23.60 23.40 26.30 27.50 26.10 24.10 * 23.80 24.00 24.20 24.80 24.60 24.00 24.00 23.90 23.20 23.30 23.40 23.50 23.50 24.20 24.70 24.70 * 0
2018-01-16 16:07:39 23.10 23.20 23.20 23.40 23.20 23.30 23.30 23.20 23.40 23.40 23.50 23.20 24.30 27.10 26.60 24.10 * 23.80 24.00 24.10 24.70 24.50 24.00 24.00 23.90 23.30 23.30 23.40 23.60 23.50 23.70 24.70 24.90 * 0
2018-01-16 16:07:40 23.10 23.10 23.20 23.40 23.20 23.30 23.30 23.20 23.40 23.40 23.40 23.10 23.40 26.20 27.00 24.40 * 23.80 24.10 24.20 24.80 24.50 24.10 24.00 23.90 23.20 23.30 23.40 23.50 23.50 23.60 24.60 24.90 * 0
