2018-01-16 16:27:03 23.70 23.70 23.20 23.80 27.10 28.10 27.40 24.30 27.20 24.10 24.10 24.10 24.30 24.10 24.00 23.80 * 23.20 23.50 23.60 23.70 23.50 23.60 25.90 25.60 25.40 25.10 23.40 23.50 23.30 23.30 23.10 23.10 * 0
2018-01-16 16:27:03 23.70 23.80 23.30 23.50 26.70 28.30 27.20 25.10 27.20 24.90 24.60 24.20 24.40 24.10 24.10 23.90 * 23.30 23.60 23.70 23.80 23.60 23.60 25.10 24.00 24.70 24.00 23.80 23.60 23.40 23.30 23.20 23.10 * 0
2018-01-16 16:27:03 23.80 23.90 23.40 23.50 25.30 28.20 27.40 25.60 27.60 25.60 25.00 25.10 24.60 24.20 24.20 24.00 * 23.40 23.60 23.80 23.80 23.70 23.60 25.20 23.90 24.70 23.80 23.60 24.20 24.40 23.50 23.30 23.30 * 0
2018-01-16 16:27:04 23.80 23.80 23.40 23.40 23.80 26.70 27.60 26.20 27.70 27.60 25.50 25.00 25.30 24.20 24.10 23.90 * 23.30 23.60 23.70 23.80 23.60 23.60 24.70 23.80 24.10 23.80 23.40 23.90 24.50 23.40 23.20 23.20 * 0
2018-01-16 16:27:04 23.80 23.80 23.30 23.30 23.30 23.60 26.10 27.60 26.50 28.10 26.80 24.60 25.70 24.20 24.10 23.90 * 23.30 23.50 23.70 23.70 23.60 23.50 23.90 23.90 23.60 24.10 23.60 24.10 24.60 23.40 23.20 23.20 * 0
2018-01-16 16:27:04 23.80 23.80 23.30 23.30 23.40 23.60 24.80 27.50 25.50 28.20 27.40 24.80 25.70 24.20 24.10 23.90 * 23.30 23.50 23.70 23.70 23.60 23.50 23.50 23.70 23.40 23.90 24.20 24.20 24.80 23.50 23.40 23.30 * 0
2018-01-16 16:27:04 23.90 23.90 23.40 23.40 23.40 23.70 24.20 27.30 24.90 27.90 27.70 25.40 25.10 24.10 24.10 23.90 * 23.30 23.50 23.60 23.70 23.50 23.50 23.40 23.30 23.20 23.40 24.40 24.00 24.60 23.40 23.20 23.20 * 0
2018-01-16 16:27:05 23.90 23.90 23.40 23.50 23.50 23.70 24.30 27.20 25.10 27.80 27.70 25.50 24.30 24.00 24.00 23.90 * 23.30 23.50 23.60 23.70 23.50 23.50 23.40 23.40 23.30 23.60 24.40 24.00 24.50 23.30 23.20 23.20 * 0
2018-01-16 16:27:05 23.70 23.80 23.40 23.30 23.40 23.80 26.70 27.30 27.10 27.40 25.90 24.10 23.90 23.90 23.80 23.70 * 23.20 23.50 23.60 23.70 23.50 23.50 23.40 23.70 23.40 23.80 24.40 24.20 24.30 23.30 23.20 23.20 * 0
2018-01-16 16:27:05 23.70 23.80 23.30 23.30 23.40 24.40 27.20 26.70 27.60 26.60 24.90 24.00 23.90 24.00 23.90 23.80 * 23.20 23.50 23.60 23.70 23.50 23.50 23.40 23.80 23.40 23.80 24.50 24.50 24.10 23.40 23.30 23.20 * 0
2018-01-16 16:27:05 23.70 23.70 23.30 23.30 23.30 25.40 27.20 26.10 27.40 25.90 24.70 24.10 23.90 24.00 24.00 23.80 * 23.30 23.50 23.70 23.70 23.60 23.50 23.40 23.90 23.40 23.90 24.50 24.70 23.90 23.40 23.30 23.20 * 0
2018-01-16 16:27:06 23.60 23.60 23.20 23.20 23.20 26.20 27.00 25.60 27.20 25.50 24.60 24.20 24.00 24.10 24.00 23.80 * 23.20 23.50 23.60 23.70 23.50 23.40 23.40 23.90 23.70 24.40 24.70 23.90 23.50 23.40 23.30 23.20 * 0
2018-01-16 16:27:06 23.60 23.70 23.20 23.30 23.40 26.90 26.60 25.20 26.70 25.10 24.90 24.20 24.10 24.10 24.20 24.00 * 23.20 23.50 23.60 23.70 23.50 23.40 23.80 24.40 24.30 25.00 24.60 23.80 23.60 23.50 23.40 23.30 * 0
2018-01-16 16:27:06 23.70 23.80 23.30 23.40 23.50 27.00 25.90 25.20 26.10 25.30 24.60 24.20 24.10 24.10 24.20 24.00 * 23.30 23.60 23.60 23.70 23.60 23.60 24.70 25.10 24.50 25.20 24.20 23.50 23.50 23.30 23.10 23.20 * 0
2018-01-16 16:27:07 23.80 23.80 23.40 23.40 24.00 27.20 25.80 24.80 26.20 24.90 24.30 24.10 24.00 24.10 24.10 23.90 * 23.20 23.50 23.60 23.70 23.60 23.60 24.80 25.00 24.50 25.00 23.90 23.50 23.50 23.30 23.10 23.20 * 0
2018-01-16 16:27:07 23.80 23.80 23.30 23.40 24.10 28.40 26.90 25.00 27.10 25.20 24.30 24.10 24.00 24.00 24.00 23.90 * 23.20 23.50 23.60 23.70 23.60 23.50 24.70 24.70 24.50 24.90 24.20 23.50 23.40 23.30 23.20 23.10 * 0
2018-01-16 16:27:07 23.80 23.90 23.40 23.40 23.70 28.10 27.10 25.70 27.40 25.70 24.60 24.10 24.00 24.00 24.00 23.90 * 23.20 23.50 23.60 23.70 23.50 23.40 24.40 24.40 24.10 24.50 24.30 23.60 23.40 23.30 23.20 23.10 * 0
2018-01-16 16:27:07 23.80 23.80 23.40 23.30 23.50 27.80 27.00 25.90 27.50 25.90 24.80 24.10 24.00 24.10 24.00 23.90 * 23.20 23.50 23.60 23.60 23.50 23.40 24.20 24.10 23.90 24.20 24.20 23.60 23.40 23.40 23.20 23.20 * 0
2018-01-16 16:27:08 23.80 23.90 23.40 23.30 23.50 27.70 26.80 26.00 27.30 26.40 24.80 24.20 24.10 24.10 24.10 23.90 * 23.20 23.40 23.50 23.60 23.50 23.50 24.50 24.20 24.40 24.50 24.20 23.60 23.50 23.40 23.20 23.20 * 0
2018-01-16 16:27:08 23.70 23.80 23.40 23.30 23.40 26.60 26.40 26.20 26.90 26.50 24.80 24.20 24.10 24.10 24.10 24.00 * 23.10 23.50 23.50 23.60 23.50 23.50 24.60 24.20 24.40 24.50 24.30 23.60 23.50 23.40 23.20 23.20 * 0
2018-01-16 16:27:08 23.80 23.80 23.30 23.30 23.30 25.70 26.50 26.60 26.90 27.00 25.80 24.10 24.00 24.10 24.00 23.90 * 23.20 23.50 23.60 23.70 23.50 23.60 24.70 24.30 24.40 24.60 24.30 23.60 23.50 23.40 23.30 23.20 * 0
2018-01-16 16:27:09 23.70 23.70 23.20 23.30 23.20 24.80 26.40 26.90 26.90 27.20 26.30 24.10 24.00 24.10 24.00 23.80 * 23.30 23.50 23.60 23.70 23.60 23.60 24.50 24.10 24.50 24.50 24.40 23.60 23.50 23.40 23.30 23.20 * 0
2018-01-16 16:27:09 23.80 23.70 23.30 23.30 23.30 24.20 26.40 27.00 26.80 27.20 26.50 24.20 23.90 24.00 24.00 23.80 * 23.30 23.50 23.60 23.70 23.50 23.50 24.50 24.30 24.40 24.70 24.30 23.60 23.50 23.40 23.20 23.20 * 0
2018-01-16 16:27:09 23.90 23.90 23.40 23.40 23.40 24.00 26.40 27.00 26.60 27.10 26.50 24.10 24.00 24.10 24.00 23.80 * 23.20 23.50 23.60 23.70 23.50 23.50 24.60 24.70 24.40 25.10 23.90 23.60 23.40 23.40 23.20 23.10 * 0
2018-01-16 16:27:09 23.80 23.80 23.30 23.30 23.30 23.60 26.00 26.80 26.60 27.00 26.50 24.10 24.00 24.10 24.10 23.90 * 23.30 23.50 23.60 23.70 23.50 23.50 24.70 24.90 24.50 25.30 23.70 23.60 23.40 23.40 23.20 23.10 * 0
2018-01-16 16:27:10 23.80 23.70 23.30 23.30 23.30 23.70 25.80 26.80 26.50 27.10 26.60 24.10 24.00 24.10 24.10 23.90 * 23.30 23.50 23.60 23.70 23.50 23.50 24.70 25.00 24.60 25.40 23.80 23.70 23.60 23.50 23.40 23.30 * 0
2018-01-16 16:27:10 23.70 23.80 23.30 23.30 23.30 23.70 25.80 26.90 26.50 27.10 26.60 24.20 24.10 24.10 24.10 23.90 * 23.40 23.60 23.80 23.70 23.60 23.60 24.80 25.10 24.70 25.50 23.80 23.70 23.50 23.50 23.30 23.30 * 0
2018-01-16 16:27:10 23.60 23.70 23.20 23.30 23.30 23.60 25.70 26.80 26.50 27.20 26.50 24.10 24.00 24.10 24.10 23.90 * 23.30 23.60 23.70 23.70 23.60 23.60 24.80 25.10 24.70 25.50 23.80 23.70 23.60 23.50 23.40 23.30 * 0
2018-01-16 16:27:10 23.60 23.70 23.20 23.30 23.30 23.70 25.70 26.80 26.50 27.20 26.60 24.20 24.00 24.00 24.10 23.90 * 23.30 23.60 23.70 23.70 23.60 23.50 24.80 25.10 24.70 25.50 23.80 23.70 23.60 23.50 23.40 23.30 * 0
2018-01-16 16:27:11 23.70 23.80 23.30 23.30 23.30 23.60 25.70 26.80 26.40 27.10 26.60 24.10 24.00 24.00 24.00 23.80 * 23.30 23.50 23.60 23.70 23.50 23.50 24.90 25.10 24.70 25.60 23.80 23.60 23.60 23.50 23.30 23.30 * 0
2018-01-16 16:27:11 23.70 23.80 23.30 23.30 23.30 23.70 25.70 26.80 26.40 27.10 26.60 24.10 24.00 24.00 23.90 23.80 * 23.30 23.50 23.60 23.70 23.60 23.50 24.90 25.10 24.70 25.60 23.80 23.60 23.50 23.50 23.30 23.30 * 0
2018-01-16 16:27:11 23.80 23.80 23.40 23.30 23.30 23.80 25.80 26.90 26.50 27.20 26.60 24.10 24.00 24.00 24.00 23.90 * 23.20 23.50 23.60 23.60 23.50 23.40 24.60 25.00 24.60 25.40 23.70 23.50 23.50 23.40 23.20 23.20 * 0
2018-01-16 16:27:11 23.80 23.80 23.40 23.40 23.30 23.70 25.70 26.90 26.50 27.20 26.60 24.10 24.00 24.10 24.00 23.80 * 23.20 23.40 23.60 23.60 23.40 23.40 24.60 25.00 24.60 25.40 23.80 23.60 23.50 23.40 23.20 23.20 * 0
2018-01-16 16:27:12 23.80 23.90 23.30 23.40 23.30 23.70 25.70 26.90 26.50 27.20 26.60 24.20 24.10 24.10 24.00 23.90 * 23.10 23.40 23.60 23.60 23.40 23.40 24.60 25.00 24.60 25.40 23.80 23.70 23.50 23.40 23.30 23.20 * 0
2018-01-16 16:27:12 23.80 23.90 23.30 23.50 23.40 23.80 25.80 27.00 26.60 27.40 26.70 24.20 24.20 24.20 24.10 24.00 * 23.10 23.40 23.60 23.60 23.50 23.40 24.70 25.00 24.60 25.40 23.70 23.60 23.50 23.40 23.20 23.20 * 0
2018-01-16 16:27:12 23.80 23.80 23.40 23.40 23.40 23.80 25.80 27.00 26.60 27.30 26.70 24.20 24.10 24.20 24.10 23.90 * 23.20 23.40 23.50 23.60 23.50 23.40 24.60 24.90 24.50 25.40 23.70 23.50 23.40 23.40 23.20 23.20 * 0
2018-01-16 16:27:13 23.70 23.80 23.30 23.40 23.30 23.70 25.70 26.90 26.40 27.20 26.70 24.10 23.90 23.90 24.00 23.80 * 23.20 23.40 23.60 23.60 23.50 23.40 24.70 24.90 24.60 25.40 23.60 23.50 23.40 23.40 23.20 23.20 * 0
2018-01-16 16:27:13 23.80 23.80 23.30 23.30 23.40 23.80 25.70 27.00 26.40 27.30 26.90 24.10 24.00 24.00 24.10 23.90 * 23.20 23.50 23.60 23.70 23.60 23.50 24.70 25.00 24.60 25.40 23.70 23.50 23.50 23.40 23.30 23.20 * 0
2018-01-16 16:27:13 23.70 23.80 23.30 23.30 23.40 23.80 25.80 27.10 26.50 27.40 27.00 24.10 24.00 24.10 24.10 23.90 * 23.20 23.50 23.60 23.60 23.50 23.50 24.70 24.90 24.50 25.20 23.80 23.60 23.50 23.30 23.30 23.20 * 0
2018-01-16 16:27:13 23.70 23.80 23.30 23.30 23.30 23.70 26.10 27.20 26.50 27.40 27.00 24.10 24.00 24.00 24.00 23.90 * 23.20 23.50 23.60 23.70 23.60 23.50 24.60 24.40 24.30 24.70 24.70 23.50 23.50 23.40 23.20 23.20 * 0
2018-01-16 16:27:14 23.80 23.80 23.30 23.30 23.30 23.80 26.20 27.10 26.60 27.40 26.50 24.00 23.90 23.90 23.90 23.80 * 23.20 23.50 23.60 23.70 23.50 23.50 24.50 24.40 24.40 24.70 24.90 23.60 23.50 23.40 23.30 23.20 * 0
2018-01-16 16:27:14 23.80 23.80 23.30 23.30 23.30 24.70 26.40 26.60 27.20 27.10 25.00 24.10 24.00 24.00 24.00 23.80 * 23.20 23.50 23.60 23.70 23.50 23.50 24.50 24.40 24.40 24.70 24.90 23.60 23.50 23.40 23.30 23.20 * 0
2018-01-16 16:27:14 23.80 23.80 23.30 23.30 23.70 25.60 26.80 26.70 27.60 27.40 24.50 24.10 24.00 24.00 24.00 23.80 * 23.20 23.50 23.60 23.70 23.50 23.50 24.50 24.40 24.40 24.80 24.90 23.60 23.50 23.50 23.30 23.20 * 0
2018-01-16 16:27:14 23.80 23.80 23.30 23.30 24.20 25.90 27.30 26.90 27.90 27.50 24.40 24.10 24.00 24.00 24.00 23.90 * 23.20 23.40 23.50 23.60 23.50 23.50 24.40 24.30 24.40 24.80 25.00 23.60 23.50 23.30 23.20 23.20 * 0
2018-01-16 16:27:15 23.80 23.80 23.30 23.30 24.30 25.80 27.40 27.20 27.90 28.20 24.50 24.20 24.00 24.10 24.10 23.80 * 23.20 23.40 23.60 23.60 23.40 23.40 24.40 24.40 24.40 24.80 25.00 23.60 23.50 23.40 23.30 23.30 * 0
2018-01-16 16:27:15 23.70 23.70 23.30 23.30 25.10 25.50 27.10 27.90 27.90 28.40 24.50 24.20 24.00 24.10 24.10 24.00 * 23.20 23.40 23.60 23.60 23.50 23.50 24.40 24.30 24.40 24.70 25.00 23.60 23.50 23.40 23.40 23.20 * 0
2018-01-16 16:27:15 23.70 23.70 23.30 23.30 25.30 24.90 26.70 27.70 27.30 28.20 24.50 24.20 24.00 24.10 24.10 24.00 * 23.30 23.50 23.60 23.70 23.60 23.50 24.50 24.30 24.30 24.70 24.90 23.50 23.50 23.40 23.30 23.20 * 0
2018-01-16 16:27:15 23.70 23.70 23.30 23.40 24.60 25.20 26.20 27.10 26.50 27.50 24.50 24.10 24.00 24.00 24.00 23.90 * 23.10 23.40 23.60 23.60 23.50 23.40 24.40 24.20 24.20 24.60 24.80 23.50 23.40 23.30 23.20 23.10 * 0
2018-01-16 16:27:16 23.80 23.80 23.30 23.30 23.60 25.30 26.30 26.90 26.50 27.20 25.10 24.10 24.00 24.00 24.00 23.80 * 23.10 23.40 23.60 23.60 23.50 23.40 24.50 24.20 24.40 24.60 24.70 23.60 23.40 23.30 23.20 23.20 * 0
2018-01-16 16:27:16 23.70 23.70 23.30 23.20 23.20 23.70 25.40 26.70 26.30 27.20 26.70 24.20 24.10 24.10 24.00 23.90 * 23.20 23.40 23.60 23.60 23.50 23.40 24.70 24.30 24.60 24.70 24.70 23.60 23.50 23.40 23.30 23.20 * 0
2018-01-16 16:27:16 23.80 23.80 23.30 23.30 23.30 23.70 25.30 26.70 26.20 27.20 26.60 24.20 24.10 24.10 24.00 23.90 * 23.30 23.50 23.60 23.70 23.60 23.40 24.80 24.40 24.60 24.70 24.70 23.60 23.50 23.40 23.20 23.20 * 0
2018-01-16 16:27:17 23.70 23.70 23.30 23.30 23.20 23.70 25.30 26.70 26.10 27.10 26.60 24.10 24.00 24.00 24.00 23.80 * 23.30 23.50 23.60 23.70 23.60 23.50 24.80 24.40 24.60 24.80 24.80 23.60 23.50 23.40 23.30 23.20 * 0
2018-01-16 16:27:17 23.60 23.70 23.30 23.30 23.30 23.70 25.30 26.70 26.20 27.20 26.60 24.20 24.00 24.10 24.00 23.80 * 23.20 23.50 23.60 23.60 23.50 23.50 24.70 24.40 24.80 24.90 25.00 23.80 23.60 23.60 23.40 23.40 * 0
2018-01-16 16:27:17 23.70 23.80 23.20 23.30 23.30 23.80 25.40 26.70 26.10 27.20 26.50 24.20 24.00 24.10 24.00 23.80 * 23.20 23.50 23.60 23.60 23.50 23.50 24.70 24.40 24.70 24.80 24.90 23.70 23.60 23.50 23.40 23.30 * 0
2018-01-16 16:27:17 23.90 23.80 23.30 23.30 23.40 23.80 25.40 26.80 26.20 27.30 26.60 24.20 24.10 24.10 24.10 24.00 * 23.20 23.40 23.60 23.60 23.50 23.40 24.70 24.30 24.60 24.70 24.80 23.60 23.50 23.40 23.30 23.20 * 0
2018-01-16 16:27:18 23.80 23.80 23.30 23.30 23.30 23.80 25.40 26.80 26.10 27.30 26.60 24.20 24.10 24.10 24.00 23.90 * 23.10 23.40 23.50 23.50 23.40 23.40 24.60 24.30 24.50 24.60 24.80 23.60 23.40 23.40 23.20 23.20 * 0
2018-01-16 16:27:18 23.70 23.80 23.30 23.30 23.30 23.80 25.40 26.80 26.20 27.20 26.60 24.10 24.00 24.00 24.00 23.90 * 23.20 23.40 23.50 23.50 23.50 23.40 24.70 24.30 24.40 24.60 24.70 23.60 23.40 23.30 23.20 23.20 * 0
2018-01-16 16:27:18 23.70 23.80 23.30 23.40 23.40 23.70 25.40 26.80 26.10 27.20 26.60 24.10 24.00 24.10 24.00 23.90 * 23.30 23.50 23.50 23.60 23.50 23.50 24.80 24.40 24.50 24.60 24.80 23.60 23.50 23.30 23.20 23.20 * 0
2018-01-16 16:27:18 23.80 23.80 23.30 23.40 23.40 23.70 25.40 26.80 26.40 27.30 26.70 24.30 24.20 24.20 24.20 24.00 * 23.30 23.50 23.60 23.60 23.50 23.50 24.70 24.40 24.40 24.70 24.70 23.50 23.40 23.30 23.20 23.20 * 0
2018-01-16 16:27:19 23.70 23.70 23.30 23.30 23.30 23.70 25.40 26.80 26.30 27.30 26.70 24.20 24.10 24.20 24.10 24.00 * 23.20 23.40 23.60 23.60 23.50 23.40 24.60 24.40 24.50 24.70 24.70 23.50 23.40 23.30 23.20 23.20 * 0
2018-01-16 16:27:19 23.70 23.80 23.30 23.20 23.30 23.60 25.20 26.80 26.00 27.30 26.70 24.10 24.00 24.10 24.10 23.90 * 23.30 23.50 23.60 23.70 23.50 23.50 24.80 24.50 24.50 24.60 24.80 23.60 23.50 23.30 23.20 23.20 * 0
2018-01-16 16:27:19 23.70 23.80 23.30 23.20 23.30 23.60 24.80 26.70 25.60 27.30 26.40 24.10 24.00 24.10 24.10 23.90 * 23.30 23.50 23.60 23.60 23.50 23.50 24.80 24.50 24.50 24.70 24.80 23.60 23.60 23.40 23.20 23.20 * 0
2018-01-16 16:27:19 23.60 23.70 23.20 23.30 23.20 23.50 24.10 26.70 25.20 27.30 26.10 24.20 24.10 24.20 24.10 23.90 * 23.30 23.40 23.60 23.60 23.50 23.50 24.70 24.50 24.50 24.60 24.80 23.50 23.50 23.40 23.20 23.20 * 0
2018-01-16 16:27:20 23.60 23.70 23.20 23.20 23.30 23.50 24.20 26.70 25.20 27.30 26.20 24.20 24.10 24.20 24.10 23.90 * 23.20 23.40 23.50 23.50 23.40 23.40 24.70 24.40 24.50 24.60 24.80 23.50 23.40 23.30 23.20 23.20 * 0
2018-01-16 16:27:20 23.70 23.70 23.30 23.20 23.30 23.50 24.40 26.80 25.20 27.40 26.20 24.20 24.10 24.10 24.10 23.90 * 23.10 23.40 23.50 23.50 23.40 23.40 24.70 24.30 24.50 24.60 24.70 23.50 23.40 23.30 23.20 23.20 * 0
2018-01-16 16:27:20 23.70 23.70 23.30 23.30 23.30 23.50 24.40 26.80 25.20 27.40 26.20 24.20 24.10 24.10 24.10 23.90 * 23.10 23.40 23.50 23.50 23.50 23.40 24.60 24.40 24.50 24.70 24.80 23.60 23.50 23.40 23.30 23.20 * 0
2018-01-16 16:27:21 23.80 23.80 23.30 23.30 23.40 23.60 24.40 26.90 25.40 27.50 26.40 24.30 24.10 24.20 24.10 24.00 * 23.10 23.30 23.50 23.50 23.50 23.40 24.60 24.30 24.50 24.70 24.80 23.60 23.50 23.40 23.30 23.20 * 0
2018-01-16 16:27:21 23.60 23.70 23.20 23.30 23.30 23.50 24.60 26.90 25.50 27.40 26.40 24.20 24.10 24.10 24.10 24.00 * 23.10 23.30 23.50 23.60 23.50 23.40 24.60 24.40 24.50 24.60 24.80 23.60 23.50 23.30 23.20 23.20 * 0
2018-01-16 16:27:21 23.60 23.70 23.20 23.20 23.20 23.60 24.60 26.90 25.40 27.50 26.30 24.10 24.10 24.10 24.00 23.90 * 23.20 23.50 23.60 23.60 23.50 23.40 24.70 24.40 24.50 24.70 24.70 23.60 23.40 23.40 23.20 23.20 * 0
2018-01-16 16:27:21 23.60 23.70 23.30 23.20 23.20 23.60 24.40 26.90 25.30 27.40 26.30 24.10 24.00 24.10 24.00 23.90 * 23.30 23.50 23.60 23.60 23.50 23.50 24.80 24.50 24.50 24.70 24.70 23.60 23.40 23.40 23.20 23.10 * 0
2018-01-16 16:27:22 23.80 23.80 23.30 23.30 23.30 23.60 24.50 26.90 25.40 27.50 26.30 24.10 24.00 24.10 24.00 23.80 * 23.30 23.50 23.60 23.60 23.50 23.50 24.70 24.40 24.50 24.70 24.70 23.60 23.40 23.40 23.20 23.10 * 0
2018-01-16 16:27:22 23.70 23.80 23.30 23.30 23.30 23.60 24.80 26.90 25.60 27.40 26.20 24.10 23.90 24.00 23.90 23.70 * 23.10 23.50 23.50 23.60 23.40 23.40 24.70 24.40 24.40 24.70 24.70 23.50 23.40 23.40 23.20 23.10 * 0
2018-01-16 16:27:22 23.80 23.80 23.40 23.30 23.30 23.60 25.20 27.00 25.70 27.50 26.20 24.10 24.00 24.00 24.00 23.70 * 23.20 23.40 23.50 23.60 23.50 23.50 24.70 24.50 24.40 24.70 24.70 23.50 23.40 23.30 23.30 23.20 * 0
2018-01-16 16:27:22 23.90 23.80 23.40 23.40 23.40 23.70 25.30 27.10 25.50 27.60 26.30 24.00 24.00 24.00 23.90 23.80 * 23.20 23.50 23.60 23.60 23.50 23.50 24.70 24.40 24.50 24.70 24.70 23.50 23.40 23.40 23.30 23.20 * 0
2018-01-16 16:27:23 23.90 23.90 23.40 23.40 23.40 23.70 25.10 27.20 25.50 27.60 26.40 24.00 24.00 24.00 24.00 23.80 * 23.20 23.50 23.60 23.70 23.50 23.50 24.70 24.40 24.60 24.70 24.70 23.60 23.50 23.40 23.30 23.20 * 0
2018-01-16 16:27:23 23.70 23.80 23.30 23.20 23.30 23.50 24.80 27.10 25.50 27.70 26.40 24.00 23.90 24.00 24.00 23.70 * 23.20 23.40 23.50 23.60 23.50 23.40 24.70 24.40 24.50 24.70 24.70 23.60 23.40 23.30 23.30 23.20 * 0
2018-01-16 16:27:23 23.60 23.80 23.30 23.20 23.30 23.50 24.60 27.10 25.50 27.80 26.50 24.10 24.00 24.10 24.00 23.90 * 23.20 23.50 23.60 23.60 23.50 23.50 24.80 24.50 24.60 24.80 24.80 23.70 23.50 23.40 23.30 23.20 * 0
2018-01-16 16:27:24 23.60 23.70 23.20 23.20 23.20 23.50 24.60 27.00 25.60 27.80 26.60 24.10 24.00 24.10 24.00 23.90 * 23.30 23.50 23.60 23.60 23.50 23.50 24.80 24.50 24.70 24.80 24.90 23.70 23.60 23.50 23.40 23.30 * 0
2018-01-16 16:27:24 23.60 23.70 23.20 23.20 23.20 23.50 24.70 27.00 25.50 27.80 26.60 24.10 24.00 24.00 24.10 23.90 * 23.30 23.40 23.60 23.60 23.50 23.50 24.80 24.40 24.60 24.80 24.80 23.50 23.50 23.40 23.20 23.20 * 0
2018-01-16 16:27:24 23.60 23.70 23.20 23.20 23.20 23.50 24.60 27.00 25.50 27.90 26.60 24.10 24.00 24.10 24.00 23.90 * 23.20 23.40 23.50 23.60 23.50 23.40 24.70 24.30 24.60 24.80 24.80 23.60 23.50 23.40 23.30 23.20 * 0
2018-01-16 16:27:24 23.70 23.70 23.30 23.30 23.20 23.60 24.70 27.10 25.60 27.90 26.70 24.10 24.00 24.00 24.00 23.90 * 23.20 23.40 23.60 23.60 23.40 23.40 24.70 24.30 24.60 24.80 24.80 23.60 23.50 23.40 23.40 23.30 * 0
2018-01-16 16:27:25 23.80 23.80 23.30 23.30 23.30 23.60 24.80 27.10 25.50 27.90 26.70 24.10 24.00 24.00 24.00 23.80 * 23.20 23.40 23.50 23.60 23.40 23.40 24.70 24.30 24.50 24.80 24.80 23.50 23.50 23.30 23.30 23.20 * 0
2018-01-16 16:27:25 23.80 23.90 23.40 23.30 23.40 23.60 24.80 27.20 25.70 28.10 26.80 24.20 24.10 24.10 24.10 24.00 * 23.20 23.40 23.60 23.60 23.50 23.40 24.70 24.40 24.60 24.70 24.70 23.60 23.50 23.40 23.30 23.10 * 0
2018-01-16 16:27:25 23.70 23.80 23.30 23.30 23.30 23.50 24.80 27.20 25.60 28.00 26.80 24.20 24.00 24.10 24.10 24.00 * 23.20 23.40 23.60 23.60 23.50 23.40 24.70 24.40 24.60 24.70 24.70 23.60 23.50 23.40 23.30 23.20 * 0
2018-01-16 16:27:25 23.70 23.80 23.30 23.20 23.30 23.60 24.70 27.20 25.50 27.90 26.70 24.10 24.00 24.10 24.00 23.90 * 23.30 23.40 23.60 23.70 23.50 23.40 24.70 24.40 24.60 24.70 24.70 23.50 23.40 23.30 23.20 23.20 * 0
2018-01-16 16:27:26 23.70 23.80 23.30 23.20 23.30 23.50 24.60 27.20 25.50 27.90 26.70 24.10 24.00 24.10 24.00 23.90 * 23.40 23.50 23.60 23.70 23.50 23.60 24.80 24.50 24.60 24.70 24.70 23.60 23.50 23.30 23.20 23.20 * 0
2018-01-16 16:27:26 23.80 23.80 23.30 23.30 23.30 23.50 24.70 27.20 25.60 28.00 26.70 24.20 24.00 24.10 24.10 23.90 * 23.30 23.50 23.60 23.70 23.50 23.50 24.80 24.40 24.60 24.70 24.80 23.60 23.50 23.30 23.30 23.20 * 0
2018-01-16 16:27:26 23.80 23.70 23.30 23.30 23.30 23.60 24.60 27.20 25.40 27.90 26.60 24.00 24.00 24.00 24.00 23.80 * 23.10 23.40 23.60 23.60 23.50 23.40 24.70 24.40 24.60 24.70 24.80 23.60 23.50 23.40 23.30 23.20 * 0
2018-01-16 16:27:26 23.80 23.80 23.30 23.30 23.30 23.60 24.60 27.20 25.40 27.90 26.60 24.00 23.90 24.00 23.90 23.70 * 23.10 23.40 23.60 23.60 23.40 23.40 24.70 24.40 24.60 24.70 24.80 23.60 23.50 23.40 23.30 23.20 * 0
2018-01-16 16:27:27 23.80 23.80 23.30 23.20 23.30 23.60 24.60 27.20 25.40 28.00 26.70 24.00 23.90 24.00 24.00 23.80 * 23.30 23.50 23.50 23.60 23.40 23.50 24.70 24.40 24.60 24.80 24.80 23.60 23.50 23.40 23.30 23.20 * 0
2018-01-16 16:27:27 23.80 23.80 23.30 23.30 23.30 23.60 24.70 27.30 25.60 28.10 26.70 24.20 24.00 24.10 24.10 23.90 * 23.30 23.50 23.60 23.60 23.50 23.40 24.80 24.50 24.60 24.70 24.80 23.60 23.50 23.30 23.20 23.20 * 0
2018-01-16 16:27:27 23.80 23.80 23.30 23.30 23.30 23.60 24.70 27.30 25.60 28.20 26.70 24.20 24.10 24.10 24.10 23.90 * 23.20 23.40 23.60 23.60 23.40 23.40 24.80 24.40 24.50 24.70 24.70 23.60 23.50 23.30 23.20 23.20 * 0
2018-01-16 16:27:28 23.70 23.80 23.30 23.30 23.30 23.60 24.70 27.30 25.60 28.10 26.70 24.10 24.00 24.00 24.00 23.80 * 23.20 23.40 23.60 23.60 23.40 23.50 24.80 24.40 24.50 24.60 24.70 23.50 23.40 23.30 23.20 23.10 * 0
2018-01-16 16:27:28 23.70 23.80 23.30 23.20 23.30 23.60 24.80 27.30 25.50 28.00 26.60 24.00 24.00 24.00 24.00 23.80 * 23.30 23.50 23.60 23.70 23.50 23.50 24.80 24.50 24.50 24.60 24.70 23.50 23.40 23.40 23.20 23.20 * 0
2018-01-16 16:27:28 23.70 23.80 23.30 23.20 23.30 23.60 24.70 27.30 25.60 28.10 26.70 24.10 24.00 24.00 24.00 23.80 * 23.30 23.50 23.70 23.70 23.60 23.50 24.80 24.50 24.50 24.80 24.80 23.60 23.50 23.40 23.30 23.30 * 0
2018-01-16 16:27:28 23.70 23.70 23.20 23.20 23.20 23.50 24.60 27.20 25.50 28.00 26.70 24.10 24.00 24.10 24.10 23.80 * 23.20 23.50 23.60 23.70 23.50 23.60 24.80 24.50 24.50 24.80 24.90 23.60 23.50 23.40 23.30 23.30 * 0
2018-01-16 16:27:29 23.50 23.60 23.20 23.10 23.20 23.40 24.50 27.10 25.40 28.00 26.60 24.10 23.90 24.00 24.00 23.80 * 23.20 23.50 23.60 23.70 23.50 23.50 24.80 24.50 24.50 24.60 24.70 23.50 23.40 23.20 23.10 23.10 * 0
2018-01-16 16:27:29 23.60 23.70 23.20 23.20 23.20 23.50 24.50 27.20 25.40 27.90 26.50 24.00 23.90 24.00 23.90 23.80 * 23.20 23.50 23.60 23.70 23.60 23.50 24.90 24.50 24.60 24.70 24.70 23.60 23.50 23.30 23.20 23.20 * 0
2018-01-16 16:27:29 23.60 23.70 23.30 23.20 23.30 23.50 24.60 27.20 25.50 27.90 26.60 24.00 23.90 24.00 24.00 23.80 * 23.20 23.50 23.60 23.70 23.50 23.50 24.80 24.50 24.50 24.80 24.80 23.60 23.40 23.30 23.20 23.20 * 0
2018-01-16 16:27:29 23.80 23.80 23.30 23.30 23.30 23.50 24.60 27.30 25.40 28.00 26.60 24.00 23.90 24.00 23.90 23.90 * 23.10 23.40 23.50 23.60 23.40 23.40 24.70 24.50 24.50 24.80 24.80 23.60 23.50 23.30 23.20 23.20 * 0
2018-01-16 16:27:30 23.80 23.70 23.30 23.30 23.30 23.50 24.60 27.30 25.40 28.00 26.70 24.10 23.90 24.00 24.00 23.90 * 23.10 23.40 23.50 23.50 23.40 23.30 24.60 24.40 24.50 24.70 24.80 23.60 23.50 23.40 23.30 23.20 * 0
