2018-01-16 17:40:13 24.10 23.90 23.90 23.80 23.40 23.60 23.60 23.90 23.90 24.00 25.70 26.60 26.00 24.30 24.20 24.20 * 23.30 23.40 23.40 23.50 23.60 23.50 23.50 23.70 23.30 24.10 24.20 23.60 23.20 23.20 23.20 23.00 * 1
2018-01-16 17:40:14 24.10 23.90 23.90 23.70 23.30 23.70 23.60 23.90 24.00 24.00 24.70 25.70 27.20 24.50 24.30 24.20 * 23.20 23.20 23.30 23.30 23.50 23.50 23.30 23.60 23.30 24.00 24.50 23.80 23.30 23.20 23.30 23.00 * 1
2018-01-16 17:40:14 24.10 23.90 23.90 23.70 23.40 23.70 23.70 23.80 24.00 24.00 24.10 24.40 27.70 25.30 24.40 24.20 * 23.20 23.20 23.30 23.30 23.50 23.50 23.20 23.50 23.20 23.60 24.40 24.30 23.30 23.20 23.30 23.10 * 1
2018-01-16 17:40:14 24.10 23.90 23.90 23.70 23.40 23.70 23.60 23.80 23.90 23.90 24.00 24.20 27.40 26.60 24.40 24.10 * 23.20 23.30 23.20 23.40 23.50 23.50 23.30 23.30 23.20 23.40 24.30 24.70 23.30 23.30 23.30 23.10 * 1
2018-01-16 17:40:14 24.00 23.80 23.90 23.70 23.40 23.60 23.60 23.80 23.90 24.00 24.10 24.20 27.10 27.70 24.60 24.20 * 23.10 23.10 23.10 23.30 23.40 23.40 23.20 23.30 23.30 23.60 24.30 24.60 23.40 23.30 23.30 23.10 * 1
2018-01-16 17:40:15 23.90 23.80 23.80 23.60 23.40 23.60 23.50 23.70 23.90 24.00 24.10 25.20 27.60 26.40 24.30 24.20 * 23.30 23.30 23.30 23.40 23.50 23.50 23.40 23.80 23.60 24.20 24.00 24.70 23.50 23.40 23.40 23.30 * 1
2018-01-16 17:40:15 23.90 23.80 23.80 23.70 23.40 23.60 23.60 23.80 23.90 23.90 24.70 26.80 26.40 24.50 24.10 24.10 * 23.40 23.40 23.40 23.50 23.60 23.60 23.60 24.00 23.90 24.10 23.80 23.50 23.40 23.40 23.40 23.20 * 1
2018-01-16 17:40:15 23.90 23.80 23.80 23.70 23.40 23.60 23.50 24.20 24.00 24.70 26.10 26.50 24.60 24.10 24.20 24.10 * 23.20 23.30 23.20 23.40 23.60 23.70 24.30 23.50 24.20 23.60 23.60 23.50 23.40 23.30 23.40 23.20 * 1
2018-01-16 17:40:16 23.90 23.80 23.80 23.70 23.40 23.60 23.60 25.50 25.40 26.40 25.40 24.00 23.90 24.00 24.00 23.90 * 23.30 23.40 23.40 23.60 24.40 24.40 24.20 23.40 24.10 23.40 23.60 23.60 23.40 23.30 23.40 23.20 * 1
2018-01-16 17:40:16 24.00 23.90 23.90 23.70 23.50 24.30 25.10 24.90 25.20 24.70 24.00 24.00 24.00 24.10 24.10 24.00 * 23.30 23.40 24.00 24.50 25.00 24.70 24.00 23.40 24.00 23.50 23.60 23.60 23.40 23.30 23.30 23.10 * 1
2018-01-16 17:40:16 24.00 23.90 23.90 23.80 23.50 24.00 23.60 23.80 23.80 23.90 24.00 24.10 24.00 24.10 24.10 24.00 * 23.30 23.40 24.50 25.40 25.00 24.60 23.80 23.30 23.80 23.40 23.50 23.50 23.40 23.30 23.30 23.00 * 1
2018-01-16 17:40:16 24.00 23.80 23.80 23.70 23.40 23.60 23.50 23.70 23.70 23.70 23.90 23.90 23.90 24.00 24.00 23.90 * 23.30 23.40 25.00 25.50 25.00 24.40 23.50 23.30 23.20 23.40 23.60 23.50 23.30 23.30 23.20 23.20 * 1
2018-01-16 17:40:17 23.90 23.80 23.80 23.60 23.30 23.50 23.40 23.60 23.60 23.70 23.90 23.90 23.90 24.00 24.00 23.90 * 23.30 23.60 25.60 25.30 24.70 24.00 23.40 23.30 23.20 23.30 23.60 23.50 23.30 23.20 23.20 23.20 * 1
2018-01-16 17:40:17 23.80 23.70 23.70 23.60 23.30 23.50 23.40 23.60 23.80 24.00 24.00 24.10 24.00 24.10 24.10 24.10 * 23.30 23.60 25.60 25.30 24.60 24.10 23.40 23.30 23.50 23.40 23.60 23.60 23.40 23.30 23.30 23.20 * 1
2018-01-16 17:40:17 23.90 23.80 23.80 23.60 23.40 23.60 23.50 23.70 23.70 24.00 24.00 24.00 24.00 24.10 24.10 24.10 * 23.50 23.70 25.60 25.40 24.70 24.40 23.60 23.40 23.60 23.40 23.60 23.50 23.30 23.30 23.30 23.20 * 1
2018-01-16 17:40:17 23.90 23.80 23.80 23.70 23.50 23.60 23.60 23.80 23.70 23.80 23.90 23.90 23.90 24.00 24.00 24.00 * 23.50 23.60 25.60 25.30 24.70 24.50 23.50 23.30 23.50 23.40 23.50 23.50 23.30 23.30 23.20 23.20 * 1
2018-01-16 17:40:18 23.90 23.70 23.70 23.60 23.40 23.60 23.50 23.70 23.80 23.90 24.00 24.10 24.00 24.10 24.10 24.10 * 23.50 23.70 25.60 25.30 24.80 24.50 23.50 23.20 23.50 23.30 23.50 23.40 23.40 23.20 23.20 23.10 * 1
2018-01-16 17:40:18 23.80 23.80 23.70 23.60 23.30 23.50 23.40 23.60 23.80 23.80 24.00 24.00 23.90 24.00 24.10 24.10 * 23.50 23.80 25.70 25.40 24.90 24.60 23.70 23.40 23.60 23.40 23.60 23.50 23.50 23.30 23.40 23.30 * 1
2018-01-16 17:40:18 23.90 23.80 23.80 23.70 23.40 23.60 23.50 23.70 23.70 23.80 23.90 23.90 23.90 24.00 24.10 24.00 * 23.40 23.70 25.70 25.30 24.80 24.50 23.60 23.30 23.70 23.50 23.60 23.60 23.40 23.40 23.40 23.30 * 1
2018-01-16 17:40:18 24.00 23.80 23.80 23.70 23.40 23.60 23.50 23.70 23.70 23.80 23.90 23.90 23.90 24.00 24.00 24.00 * 23.10 23.50 25.60 25.20 24.70 24.40 23.40 23.10 23.60 23.40 23.50 23.60 23.30 23.20 23.30 23.20 * 1
2018-01-16 17:40:19 24.00 23.80 23.80 23.70 23.40 23.60 23.50 23.60 23.70 23.80 23.90 24.00 23.90 24.10 24.00 24.00 * 23.20 23.60 25.60 25.30 24.70 24.50 23.40 23.10 23.60 23.40 23.60 23.60 23.30 23.30 23.30 23.20 * 1
2018-01-16 17:40:19 23.90 23.70 23.70 23.60 23.30 23.50 23.40 23.50 23.80 24.00 24.10 24.00 24.00 24.10 24.20 24.10 * 23.40 23.70 25.70 25.30 24.80 24.60 23.60 23.20 23.60 23.40 23.60 23.50 23.40 23.30 23.30 23.20 * 1
2018-01-16 17:40:19 23.90 23.70 23.80 23.60 23.40 23.60 23.50 23.70 23.80 23.90 24.10 24.00 24.00 24.10 24.10 24.10 * 23.50 23.80 25.80 25.40 25.00 24.60 23.70 23.40 23.50 23.40 23.60 23.60 23.40 23.40 23.30 23.20 * 1
2018-01-16 17:40:20 23.80 23.70 23.70 23.60 23.30 23.60 23.50 23.60 23.70 23.80 23.90 23.90 23.90 24.00 24.00 24.00 * 23.50 23.80 25.80 25.40 24.90 24.60 23.60 23.40 23.60 23.40 23.60 23.50 23.40 23.30 23.30 23.20 * 1
2018-01-16 17:40:20 23.80 23.70 23.70 23.60 23.30 23.50 23.40 23.60 23.70 23.80 23.90 24.00 23.90 24.00 24.00 24.00 * 23.40 23.70 25.80 25.40 24.80 24.60 23.60 23.20 23.60 23.40 23.60 23.50 23.40 23.30 23.30 23.20 * 1
2018-01-16 17:40:20 23.90 23.70 23.70 23.60 23.40 23.60 23.50 23.60 23.80 23.80 24.00 24.00 24.00 24.10 24.10 24.10 * 23.40 23.70 25.80 25.40 24.90 24.70 23.60 23.30 23.60 23.40 23.60 23.60 23.40 23.30 23.40 23.20 * 1
2018-01-16 17:40:20 23.90 23.80 23.80 23.70 23.40 23.60 23.50 23.60 23.70 23.80 24.00 24.00 23.90 24.10 24.10 24.10 * 23.30 23.60 25.70 25.40 24.80 24.60 23.50 23.30 23.60 23.40 23.60 23.60 23.30 23.40 23.40 23.20 * 1
2018-01-16 17:40:21 23.90 23.70 23.70 23.70 23.40 23.60 23.50 23.60 23.80 23.80 24.00 23.90 23.90 24.10 24.10 24.00 * 23.20 23.60 25.70 25.30 24.70 24.50 23.40 23.20 23.60 23.30 23.50 23.50 23.30 23.30 23.30 23.10 * 1
2018-01-16 17:40:21 23.90 23.80 23.80 23.60 23.40 23.60 23.50 23.60 23.80 23.70 23.90 23.80 23.90 24.00 24.00 24.00 * 23.40 23.70 25.80 25.40 24.80 24.50 23.50 23.30 23.60 23.40 23.60 23.50 23.40 23.30 23.30 23.20 * 1
2018-01-16 17:40:21 23.90 23.80 23.80 23.70 23.40 23.60 23.50 23.60 23.80 23.80 24.00 24.00 23.90 24.20 24.10 24.00 * 23.30 23.60 25.70 25.40 24.80 24.50 23.50 23.20 23.70 23.50 23.60 23.60 23.50 23.40 23.40 23.20 * 1
2018-01-16 17:40:21 23.80 23.70 23.70 23.60 23.30 23.50 23.40 23.50 23.80 23.80 24.00 24.00 24.00 24.10 24.10 24.00 * 23.30 23.70 25.70 25.40 24.80 24.50 23.50 23.20 23.60 23.50 23.60 23.60 23.40 23.40 23.30 23.20 * 1
2018-01-16 17:40:22 23.80 23.70 23.70 23.60 23.30 23.50 23.40 23.40 23.70 23.70 23.90 23.90 23.90 24.00 23.90 23.90 * 23.30 23.70 25.70 25.40 24.90 24.50 23.50 23.20 23.70 23.50 23.60 23.60 23.40 23.40 23.30 23.20 * 1
2018-01-16 17:40:22 23.90 23.70 23.70 23.60 23.30 23.60 23.40 23.40 23.70 23.70 23.90 23.90 23.80 24.00 24.00 23.90 * 23.20 23.50 25.60 25.40 24.80 24.50 23.40 23.10 23.60 23.50 23.60 23.60 23.40 23.30 23.30 23.20 * 1
2018-01-16 17:40:22 23.90 23.70 23.80 23.60 23.30 23.60 23.40 23.50 23.80 23.70 23.90 24.00 23.90 24.10 24.00 23.90 * 23.30 23.70 25.70 25.40 24.90 24.50 23.50 23.20 23.60 23.50 23.70 23.60 23.40 23.30 23.40 23.20 * 1
2018-01-16 17:40:22 23.80 23.70 23.70 23.60 23.40 23.60 23.50 23.60 23.80 23.70 23.90 24.00 23.90 24.10 24.00 23.90 * 23.40 23.70 25.70 25.40 24.90 24.50 23.50 23.30 23.60 23.50 23.70 23.60 23.40 23.30 23.40 23.30 * 1
2018-01-16 17:40:23 23.70 23.60 23.70 23.60 23.30 23.40 23.30 23.50 23.70 23.70 24.00 23.90 24.00 24.10 24.10 24.00 * 23.30 23.60 25.70 25.40 24.90 24.50 23.50 23.20 23.50 23.40 23.50 23.50 23.30 23.30 23.30 23.20 * 1
2018-01-16 17:40:23 23.70 23.70 23.70 23.60 23.30 23.40 23.30 23.50 23.70 23.80 24.00 24.00 24.00 24.00 24.10 24.00 * 23.40 23.70 25.70 25.40 24.90 24.50 23.50 23.20 23.60 23.40 23.60 23.60 23.40 23.30 23.30 23.20 * 1
2018-01-16 17:40:23 23.70 23.70 23.70 23.60 23.30 23.50 23.40 23.40 23.70 23.70 23.90 24.00 24.00 24.10 24.10 24.00 * 23.50 23.80 25.80 25.50 25.00 24.60 23.60 23.30 23.70 23.50 23.70 23.70 23.50 23.40 23.50 23.30 * 1
2018-01-16 17:40:24 23.70 23.60 23.70 23.50 23.30 23.50 23.30 23.40 23.80 23.80 24.00 24.00 24.00 24.20 24.20 24.10 * 23.40 23.70 25.80 25.40 24.90 24.50 23.60 23.20 23.70 23.50 23.70 23.70 23.50 23.40 23.40 23.30 * 1
2018-01-16 17:40:24 23.60 23.60 23.60 23.50 23.20 23.40 23.20 23.30 23.80 23.80 23.90 24.00 24.00 24.10 24.00 23.90 * 23.40 23.60 25.70 25.40 24.90 24.50 23.50 23.20 23.60 23.50 23.60 23.60 23.40 23.30 23.30 23.20 * 1
2018-01-16 17:40:24 23.70 23.60 23.70 23.60 23.30 23.50 23.30 23.40 23.70 23.80 23.90 23.90 24.00 24.10 24.00 23.90 * 23.20 23.50 25.60 25.30 24.80 24.30 23.40 23.00 23.60 23.40 23.60 23.60 23.40 23.30 23.40 23.20 * 1
2018-01-16 17:40:24 23.80 23.70 23.70 23.60 23.30 23.50 23.40 23.50 23.80 23.90 24.00 24.00 24.00 24.10 24.10 24.00 * 23.20 23.50 25.60 25.40 24.80 24.40 23.40 23.00 23.60 23.40 23.60 23.60 23.40 23.30 23.40 23.30 * 1
2018-01-16 17:40:25 23.90 23.80 23.80 23.60 23.40 23.60 23.50 23.60 23.70 23.80 23.90 23.90 23.90 24.10 24.10 23.90 * 23.30 23.60 25.60 25.40 24.80 24.40 23.40 23.10 23.60 23.40 23.60 23.60 23.40 23.30 23.40 23.20 * 1
2018-01-16 17:40:25 23.80 23.70 23.70 23.60 23.30 23.50 23.40 23.50 23.70 23.70 23.90 23.90 23.90 24.00 24.00 23.90 * 23.30 23.60 25.60 25.30 24.80 24.40 23.40 23.10 23.60 23.40 23.60 23.60 23.40 23.30 23.30 23.10 * 1
2018-01-16 17:40:25 23.70 23.60 23.60 23.60 23.20 23.50 23.30 23.40 23.80 23.80 24.00 24.00 24.00 24.10 24.10 24.00 * 23.20 23.50 25.60 25.30 24.70 24.40 23.40 23.10 23.60 23.50 23.60 23.60 23.40 23.40 23.30 23.20 * 1
2018-01-16 17:40:26 23.70 23.60 23.70 23.60 23.30 23.50 23.40 23.50 23.70 23.80 23.90 23.90 23.90 23.90 24.00 24.00 * 23.50 23.80 25.90 25.50 25.00 24.70 23.60 23.30 23.80 23.60 23.80 23.80 23.60 23.50 23.50 23.40 * 1
2018-01-16 17:40:26 23.80 23.60 23.70 23.60 23.30 23.50 23.40 23.50 23.70 23.80 24.00 24.00 24.00 24.10 24.10 24.10 * 23.30 23.70 25.80 25.40 24.90 24.60 23.50 23.20 23.80 23.60 23.80 23.80 23.60 23.50 23.60 23.40 * 1
2018-01-16 17:40:26 23.70 23.60 23.70 23.60 23.30 23.50 23.40 23.50 23.70 23.80 23.90 23.90 23.90 24.00 24.10 24.00 * 23.30 23.70 25.80 25.40 24.90 24.50 23.50 23.20 23.70 23.40 23.60 23.60 23.40 23.40 23.40 23.20 * 1
2018-01-16 17:40:26 23.70 23.70 23.70 23.60 23.30 23.60 23.40 23.50 23.70 23.80 23.90 23.90 23.90 24.00 24.00 24.00 * 23.30 23.60 25.70 25.40 24.90 24.50 23.50 23.20 23.60 23.40 23.50 23.60 23.30 23.30 23.30 23.20 * 1
2018-01-16 17:40:27 23.80 23.70 23.70 23.60 23.30 23.60 23.40 23.50 23.60 23.70 23.80 23.90 23.90 24.00 24.00 23.90 * 23.40 23.70 25.80 25.40 25.00 24.60 23.50 23.30 23.60 23.40 23.50 23.60 23.40 23.30 23.30 23.20 * 1
2018-01-16 17:40:27 23.80 23.70 23.70 23.60 23.30 23.50 23.40 23.50 23.60 23.70 23.80 23.90 23.80 24.00 24.00 23.90 * 23.50 23.80 25.80 25.40 25.00 24.60 23.60 23.30 23.60 23.50 23.60 23.60 23.40 23.30 23.30 23.30 * 1
2018-01-16 17:40:27 23.60 23.60 23.60 23.60 23.20 23.50 23.30 23.40 23.70 23.80 23.90 24.00 24.00 24.00 24.00 23.90 * 23.40 23.70 25.80 25.40 25.00 24.50 23.50 23.20 23.60 23.40 23.50 23.50 23.30 23.30 23.30 23.10 * 1
2018-01-16 17:40:27 23.60 23.60 23.60 23.50 23.20 23.50 23.30 23.40 23.80 23.80 23.90 24.00 24.00 24.10 24.00 24.00 * 23.40 23.80 25.80 25.40 25.00 24.50 23.50 23.20 23.60 23.40 23.60 23.50 23.40 23.30 23.40 23.20 * 1
2018-01-16 17:40:28 23.70 23.60 23.60 23.50 23.30 23.50 23.30 23.40 23.70 23.80 23.90 24.00 24.00 24.10 24.00 24.00 * 23.50 23.80 25.80 25.50 25.00 24.70 23.60 23.30 23.60 23.50 23.60 23.60 23.40 23.30 23.40 23.30 * 1
2018-01-16 17:40:28 23.90 23.80 23.80 23.70 23.40 23.60 23.50 23.60 23.70 23.70 23.90 24.00 24.00 24.10 24.10 24.00 * 23.40 23.80 25.80 25.50 25.00 24.70 23.60 23.30 23.60 23.50 23.60 23.60 23.40 23.30 23.30 23.20 * 1
2018-01-16 17:40:28 23.80 23.70 23.70 23.60 23.30 23.60 23.40 23.50 23.60 23.60 23.90 23.90 23.80 24.00 24.00 23.90 * 23.20 23.70 25.80 25.50 25.00 24.50 23.50 23.20 23.60 23.40 23.60 23.50 23.30 23.30 23.30 23.20 * 1
2018-01-16 17:40:28 23.80 23.70 23.70 23.60 23.20 23.50 23.40 23.50 23.70 23.80 23.90 23.90 23.80 24.00 24.10 23.90 * 23.30 23.60 25.80 25.50 25.00 24.50 23.50 23.20 23.60 23.50 23.60 23.60 23.40 23.40 23.30 23.20 * 1
2018-01-16 17:40:29 23.70 23.70 23.70 23.60 23.30 23.50 23.30 23.50 23.70 23.80 23.90 24.00 23.90 24.10 24.10 24.00 * 23.30 23.60 25.60 25.50 25.00 24.60 23.50 23.20 23.70 23.50 23.60 23.60 23.40 23.40 23.50 23.30 * 1
2018-01-16 17:40:29 23.80 23.70 23.70 23.60 23.30 23.50 23.40 23.50 23.60 23.70 23.90 23.90 23.90 24.00 24.10 24.00 * 23.30 23.60 25.30 25.60 25.10 24.50 23.60 23.30 23.80 23.50 23.70 23.70 23.50 23.40 23.50 23.30 * 1
2018-01-16 17:40:29 23.80 23.60 23.70 23.50 23.20 23.50 23.30 23.50 23.60 23.70 23.80 23.90 23.80 23.90 24.00 23.90 * 23.30 23.50 24.80 25.70 25.30 24.50 23.60 23.30 23.70 23.60 23.70 23.70 23.50 23.40 23.50 23.30 * 1
2018-01-16 17:40:30 23.60 23.60 23.60 23.50 23.20 23.50 23.30 23.50 23.70 23.80 23.90 24.00 23.90 24.10 24.00 23.90 * 23.20 23.40 24.50 26.00 25.50 24.60 23.60 23.20 23.90 23.50 23.60 23.60 23.40 23.30 23.30 23.20 * 1
