2018-01-16 16:56:33 23.90 23.60 23.60 23.60 23.10 23.30 23.20 23.70 23.60 24.00 25.60 25.60 26.60 26.40 24.10 23.90 * 23.30 23.30 23.30 23.30 23.50 23.70 23.60 23.40 23.30 23.50 24.00 24.80 23.60 23.10 23.10 22.90 * 1
2018-01-16 16:56:33 24.00 23.70 23.70 23.70 23.20 23.40 23.20 23.50 23.50 23.60 23.90 25.30 25.70 26.50 25.50 24.10 * 23.30 23.30 23.40 23.40 23.60 23.80 23.60 23.40 23.40 23.40 23.90 24.80 24.60 23.30 23.20 23.00 * 1
2018-01-16 16:56:34 24.00 23.70 23.70 23.70 23.30 23.40 23.30 23.60 23.60 23.70 23.90 24.40 25.50 26.40 26.10 24.30 * 23.30 23.30 23.40 23.40 23.50 23.80 23.60 23.50 23.40 23.50 23.60 23.80 25.10 23.60 23.20 23.00 * 1
2018-01-16 16:56:34 24.00 23.60 23.60 23.70 23.20 23.40 23.20 23.50 23.60 23.70 23.90 24.00 24.70 26.50 26.10 24.30 * 23.30 23.30 23.20 23.30 23.40 23.70 23.50 23.40 23.50 23.50 23.70 23.50 25.00 24.40 23.30 23.10 * 1
2018-01-16 16:56:34 24.00 23.70 23.60 23.70 23.20 23.40 23.20 23.50 23.70 23.90 23.90 24.00 24.10 26.80 26.10 24.30 * 23.30 23.30 23.30 23.30 23.50 23.70 23.60 23.40 23.40 23.50 23.60 23.60 24.80 25.00 23.30 23.10 * 1
2018-01-16 16:56:35 23.90 23.60 23.60 23.60 23.10 23.30 23.10 23.40 23.70 23.80 23.90 24.30 24.90 26.60 25.50 24.20 * 23.30 23.30 23.30 23.30 23.60 23.70 23.60 23.60 23.40 23.50 23.90 23.90 24.00 24.90 23.30 23.10 * 1
2018-01-16 16:56:35 23.90 23.60 23.60 23.70 23.10 23.30 23.10 23.40 23.60 23.70 23.90 24.60 25.80 25.60 24.50 24.00 * 23.30 23.30 23.30 23.20 23.50 23.60 23.60 24.00 23.60 24.40 24.20 23.50 23.30 23.80 23.20 23.10 * 1
2018-01-16 16:56:35 23.80 23.60 23.60 23.60 23.10 23.30 23.30 23.70 23.70 24.00 25.10 25.70 25.40 24.50 24.00 24.00 * 23.20 23.20 23.20 23.20 23.50 23.80 23.70 24.30 23.60 24.30 23.90 23.50 23.20 23.20 23.10 23.00 * 1
2018-01-16 16:56:35 23.80 23.60 23.60 23.60 23.10 23.30 23.40 24.40 23.90 24.80 26.50 26.20 24.60 24.10 24.00 24.10 * 23.30 23.30 23.40 24.00 24.80 24.00 23.80 23.60 23.60 23.80 23.60 23.50 23.20 23.20 23.20 23.10 * 1
2018-01-16 16:56:36 23.70 23.50 23.60 23.50 23.10 23.30 23.70 25.50 25.50 26.70 24.70 24.00 24.00 24.10 24.10 24.10 * 23.40 23.40 23.70 24.60 24.80 24.80 24.40 23.70 24.10 23.60 23.60 23.60 23.30 23.30 23.30 23.20 * 1
2018-01-16 16:56:36 23.70 23.60 23.60 23.50 23.10 23.40 24.30 24.50 24.90 25.00 24.00 23.90 23.90 23.90 24.00 24.00 * 23.40 23.40 23.70 24.40 24.20 24.80 24.90 24.30 24.90 24.70 24.90 24.00 23.30 23.20 23.20 23.10 * 1
2018-01-16 16:56:36 23.80 23.60 23.60 23.50 23.10 23.30 23.10 23.40 23.60 23.70 23.80 23.80 23.80 23.90 24.00 23.90 * 23.40 23.30 23.50 23.70 23.60 24.20 24.90 24.80 24.80 25.00 25.80 25.00 23.40 23.30 23.20 23.10 * 1
2018-01-16 16:56:36 24.00 23.70 23.80 23.70 23.30 23.50 23.30 23.60 23.60 23.60 23.80 23.90 23.80 23.90 23.90 23.90 * 23.30 23.30 23.30 23.30 23.70 24.10 24.90 24.80 24.90 25.00 25.80 25.80 24.20 23.20 23.20 23.10 * 1
2018-01-16 16:56:37 23.90 23.70 23.70 23.70 23.20 23.50 23.30 23.60 23.50 23.60 23.80 23.90 23.80 23.90 23.90 23.90 * 23.40 23.30 23.30 23.60 24.00 24.30 25.00 24.90 25.10 25.10 26.00 26.40 24.50 23.30 23.20 23.20 * 1
2018-01-16 16:56:37 24.00 23.70 23.70 23.70 23.30 23.50 23.20 23.60 23.50 23.60 23.80 23.90 23.80 24.00 23.90 24.00 * 23.30 23.40 23.40 24.00 24.30 24.40 25.00 25.00 25.00 25.00 25.90 26.30 24.10 23.10 23.20 23.10 * 1
2018-01-16 16:56:37 23.90 23.70 23.70 23.60 23.20 23.40 23.20 23.60 23.50 23.60 23.70 23.80 23.80 23.90 23.90 23.80 * 23.20 23.30 23.30 24.30 24.40 24.30 25.00 24.90 25.10 25.00 25.90 26.30 24.20 23.20 23.20 23.10 * 1
2018-01-16 16:56:38 23.90 23.60 23.60 23.60 23.20 23.40 23.20 23.50 23.60 23.70 23.80 23.90 23.90 24.00 24.00 23.90 * 23.20 23.30 23.40 24.60 24.40 24.20 25.00 24.90 25.10 25.00 25.90 26.40 24.30 23.20 23.20 23.20 * 1
2018-01-16 16:56:38 23.90 23.60 23.60 23.60 23.10 23.30 23.20 23.40 23.70 23.80 24.00 24.10 24.00 24.10 24.10 24.10 * 23.40 23.40 23.50 24.90 24.50 24.40 25.10 25.00 25.10 25.00 26.00 26.50 24.40 23.30 23.30 23.20 * 1
2018-01-16 16:56:38 23.90 23.60 23.60 23.60 23.10 23.30 23.20 23.40 23.80 23.80 24.00 24.10 24.00 24.20 24.10 24.20 * 23.30 23.30 23.50 24.90 24.30 24.30 25.00 25.00 25.10 25.10 26.00 26.40 24.40 23.30 23.30 23.10 * 1
2018-01-16 16:56:38 23.80 23.50 23.60 23.60 23.10 23.30 23.20 23.40 23.80 23.90 24.00 24.10 24.00 24.20 24.10 24.10 * 23.20 23.20 23.40 24.70 24.20 24.20 25.00 24.90 25.10 25.10 26.00 26.40 24.40 23.20 23.20 23.10 * 1
2018-01-16 16:56:39 23.90 23.70 23.70 23.60 23.20 23.40 23.20 23.50 23.80 23.90 24.10 24.10 24.00 24.10 24.20 24.10 * 23.30 23.40 23.50 25.00 24.40 24.40 25.10 25.00 25.10 25.00 25.90 26.40 24.30 23.20 23.20 23.10 * 1
2018-01-16 16:56:39 23.90 23.70 23.70 23.60 23.20 23.40 23.20 23.50 23.70 23.80 24.00 24.00 24.00 24.10 24.00 24.10 * 23.40 23.50 23.60 25.00 24.50 24.40 25.10 25.10 25.10 25.00 25.90 26.50 24.40 23.20 23.20 23.20 * 1
2018-01-16 16:56:39 23.80 23.60 23.60 23.60 23.20 23.40 23.20 23.40 23.60 23.70 23.90 23.90 23.90 24.00 23.90 24.00 * 23.40 23.50 23.60 25.00 24.50 24.40 25.20 25.00 25.10 25.00 25.90 26.40 24.30 23.20 23.20 23.20 * 1
2018-01-16 16:56:39 23.90 23.70 23.60 23.60 23.20 23.40 23.20 23.50 23.60 23.70 23.80 23.80 23.90 24.00 23.90 23.90 * 23.30 23.40 23.50 25.00 24.30 24.30 25.10 24.90 25.10 25.00 25.80 26.50 24.30 23.20 23.20 23.20 * 1
2018-01-16 16:56:40 23.90 23.60 23.60 23.60 23.20 23.40 23.20 23.40 23.70 23.70 23.90 23.90 23.90 24.00 24.00 24.00 * 23.20 23.30 23.40 25.00 24.30 24.30 25.10 24.90 25.20 25.10 25.90 26.50 24.50 23.30 23.30 23.20 * 1
2018-01-16 16:56:40 23.70 23.50 23.60 23.50 23.10 23.30 23.10 23.30 23.50 23.70 23.80 23.90 23.80 23.90 24.00 23.90 * 23.40 23.40 23.60 25.10 24.50 24.50 25.20 25.00 25.30 25.20 26.00 26.60 24.60 23.30 23.40 23.30 * 1
2018-01-16 16:56:40 23.80 23.60 23.60 23.60 23.10 23.30 23.10 23.40 23.60 23.70 23.80 24.00 23.90 24.00 24.00 24.00 * 23.30 23.40 23.60 25.10 24.50 24.40 25.20 25.00 25.30 25.20 26.00 26.60 24.50 23.40 23.30 23.30 * 1
2018-01-16 16:56:40 23.80 23.50 23.60 23.50 23.10 23.20 23.10 23.40 23.60 23.60 23.80 23.90 23.80 24.00 24.00 23.90 * 23.20 23.30 23.50 24.90 24.40 24.30 25.10 24.90 25.30 25.10 26.00 26.60 24.50 23.40 23.40 23.30 * 1
2018-01-16 16:56:41 23.90 23.60 23.60 23.60 23.10 23.20 23.10 23.40 23.70 23.80 23.90 24.00 23.90 24.00 24.10 24.00 * 23.20 23.30 23.40 24.70 24.40 24.30 25.10 24.90 25.20 25.10 26.00 26.60 24.50 23.30 23.30 23.30 * 1
2018-01-16 16:56:41 24.00 23.70 23.60 23.60 23.20 23.30 23.20 23.50 23.70 23.80 23.90 24.00 23.90 24.00 24.00 23.90 * 23.20 23.30 23.40 24.60 24.40 24.40 25.10 24.90 25.20 25.10 26.00 26.60 24.50 23.30 23.30 23.30 * 1
2018-01-16 16:56:41 24.00 23.70 23.60 23.60 23.20 23.40 23.30 23.60 23.80 23.80 24.00 24.10 24.10 24.20 24.20 24.20 * 23.30 23.40 23.40 24.60 24.50 24.30 25.10 24.90 25.20 25.10 25.90 26.60 24.50 23.20 23.30 23.20 * 1
2018-01-16 16:56:42 23.90 23.70 23.60 23.60 23.20 23.40 23.30 23.60 23.70 23.70 23.80 23.90 23.90 24.00 24.00 24.00 * 23.20 23.30 23.40 24.60 24.40 24.30 25.10 24.80 25.10 25.00 25.90 26.60 24.50 23.20 23.20 23.20 * 1
2018-01-16 16:56:42 23.90 23.60 23.60 23.60 23.10 23.30 23.20 23.40 23.50 23.60 23.70 23.80 23.80 23.90 23.90 23.90 * 23.20 23.20 23.30 24.70 24.40 24.30 25.10 24.80 25.20 25.00 25.90 26.60 24.40 23.30 23.30 23.20 * 1
2018-01-16 16:56:42 23.90 23.60 23.60 23.60 23.20 23.30 23.20 23.40 23.50 23.60 23.70 23.80 23.70 23.80 23.80 23.80 * 23.20 23.30 23.40 24.80 24.40 24.40 25.20 24.90 25.20 25.00 25.90 26.60 24.40 23.30 23.30 23.20 * 1
2018-01-16 16:56:42 24.10 23.70 23.70 23.80 23.40 23.50 23.30 23.60 23.50 23.70 23.70 23.90 23.80 23.90 24.00 23.90 * 23.40 23.40 23.50 25.00 24.40 24.50 25.20 25.00 25.20 25.10 25.90 26.60 24.50 23.30 23.30 23.20 * 1
2018-01-16 16:56:43 23.90 23.60 23.60 23.60 23.20 23.30 23.20 23.40 23.60 23.60 23.70 23.80 23.80 23.90 24.00 23.90 * 23.30 23.40 23.50 25.10 24.40 24.50 25.20 25.00 25.20 25.00 25.90 26.60 24.50 23.20 23.20 23.10 * 1
2018-01-16 16:56:43 23.90 23.60 23.60 23.60 23.20 23.30 23.20 23.40 23.60 23.70 23.80 23.80 23.80 23.90 24.00 24.00 * 23.30 23.30 23.50 25.30 24.50 24.50 25.20 25.00 25.30 25.20 25.90 26.60 24.60 23.30 23.20 23.20 * 1
2018-01-16 16:56:43 23.90 23.60 23.60 23.60 23.20 23.40 23.20 23.40 23.60 23.70 23.80 23.90 23.80 23.90 24.00 24.00 * 23.30 23.30 23.60 25.40 24.60 24.50 25.20 25.00 25.10 25.20 26.00 26.70 24.60 23.30 23.20 23.20 * 1
2018-01-16 16:56:43 23.90 23.60 23.70 23.50 23.20 23.40 23.20 23.50 23.70 23.60 23.80 24.00 23.90 24.10 24.00 24.00 * 23.30 23.30 23.40 25.30 24.60 24.50 25.10 25.00 25.00 25.20 26.00 26.70 24.60 23.20 23.30 23.20 * 1
2018-01-16 16:56:44 23.90 23.60 23.70 23.50 23.20 23.30 23.20 23.40 23.60 23.70 23.80 23.90 23.90 24.00 24.00 24.00 * 23.30 23.30 23.40 25.30 24.50 24.60 25.10 25.00 25.00 25.20 26.00 26.70 24.60 23.20 23.40 23.20 * 1
2018-01-16 16:56:44 23.80 23.50 23.60 23.50 23.10 23.20 23.10 23.30 23.50 23.70 23.80 23.90 23.90 24.00 24.10 24.00 * 23.30 23.30 23.50 25.40 24.60 25.00 25.20 25.00 25.10 25.20 25.90 26.60 24.70 23.20 23.30 23.10 * 1
2018-01-16 16:56:44 23.80 23.60 23.60 23.50 23.20 23.30 23.20 23.40 23.50 23.60 23.70 23.80 23.80 23.90 24.00 24.00 * 23.20 23.30 23.50 25.40 24.70 25.30 25.50 25.10 25.90 25.50 26.00 26.60 25.40 23.40 23.30 23.20 * 1
2018-01-16 16:56:44 23.90 23.60 23.60 23.60 23.20 23.30 23.10 23.40 23.60 23.80 23.90 24.00 24.00 24.00 24.10 24.10 * 23.20 23.20 23.50 25.50 24.80 25.40 26.20 25.40 26.40 25.70 26.10 26.80 25.80 23.50 23.40 23.30 * 1
2018-01-16 16:56:45 23.90 23.60 23.60 23.60 23.20 23.30 23.20 23.40 23.60 23.60 23.90 23.90 23.90 24.00 24.00 24.00 * 23.20 23.30 23.50 25.50 24.80 25.40 26.30 25.40 26.40 25.60 26.10 26.90 25.90 23.40 23.40 23.30 * 1
2018-01-16 16:56:45 23.80 23.60 23.60 23.60 23.10 23.40 23.20 23.40 23.60 23.60 23.90 23.90 23.80 24.00 24.00 24.00 * 23.10 23.20 23.40 25.40 24.70 25.40 26.20 25.30 26.30 25.60 26.10 26.90 26.00 23.30 23.30 23.20 * 1
2018-01-16 16:56:45 23.90 23.70 23.70 23.60 23.20 23.40 23.30 23.50 23.60 23.70 23.90 23.90 23.90 24.00 24.00 24.00 * 23.20 23.20 23.40 25.40 24.70 25.40 26.20 25.30 26.40 25.70 26.20 27.00 26.10 23.30 23.30 23.30 * 1
2018-01-16 16:56:46 24.00 23.70 23.60 23.60 23.20 23.40 23.30 23.50 23.70 23.80 23.90 24.00 24.00 24.00 24.10 24.00 * 23.20 23.20 23.40 25.50 24.80 25.40 26.30 25.30 26.40 25.60 26.10 27.00 26.10 23.30 23.30 23.10 * 1
2018-01-16 16:56:46 23.80 23.50 23.50 23.50 23.10 23.30 23.10 23.40 23.50 23.60 23.70 23.90 23.80 23.90 23.90 23.80 * 23.20 23.20 23.50 25.50 24.90 25.50 26.30 25.30 26.30 25.50 26.00 27.00 26.00 23.20 23.20 23.00 * 1
2018-01-16 16:56:46 23.70 23.60 23.50 23.50 23.10 23.30 23.20 23.30 23.60 23.60 23.80 23.90 23.80 23.90 24.00 23.90 * 23.20 23.20 23.50 25.50 24.80 25.50 26.30 25.30 26.30 25.60 26.00 27.00 26.10 23.20 23.30 23.10 * 1
2018-01-16 16:56:46 23.70 23.60 23.60 23.50 23.10 23.30 23.20 23.30 23.60 23.60 23.80 23.90 23.80 23.90 24.00 24.00 * 23.20 23.20 23.50 25.50 24.80 25.50 26.30 25.30 26.40 25.60 26.10 27.20 26.20 23.30 23.20 23.10 * 1
2018-01-16 16:56:47 23.90 23.60 23.60 23.60 23.20 23.50 23.20 23.40 23.70 23.80 23.90 24.00 24.00 24.00 24.10 24.10 * 23.20 23.30 23.40 25.50 24.90 25.60 26.40 25.30 26.50 25.70 26.10 27.30 26.20 23.30 23.30 23.20 * 1
2018-01-16 16:56:47 23.80 23.50 23.50 23.60 23.20 23.40 23.10 23.30 23.60 23.70 23.90 23.90 23.90 24.00 24.00 24.00 * 23.10 23.20 23.40 25.50 24.90 25.60 26.30 25.20 26.50 25.60 26.10 27.20 26.10 23.40 23.30 23.30 * 1
2018-01-16 16:56:47 23.80 23.50 23.60 23.50 23.10 23.20 23.10 23.30 23.50 23.60 23.90 23.90 23.80 24.00 24.00 24.00 * 23.10 23.20 23.40 25.50 24.80 25.50 25.90 25.10 26.20 25.50 26.10 27.10 26.00 23.40 23.40 23.30 * 1
2018-01-16 16:56:47 23.80 23.60 23.60 23.60 23.10 23.30 23.20 23.30 23.50 23.60 23.90 23.90 23.80 24.00 24.00 23.90 * 23.10 23.20 23.40 25.40 24.60 24.80 25.50 25.10 25.20 25.30 26.10 26.20 23.60 23.20 23.20 23.20 * 1
2018-01-16 16:56:48 23.80 23.60 23.60 23.60 23.10 23.30 23.20 23.40 23.50 23.60 23.90 24.00 23.90 24.00 24.00 24.00 * 23.20 23.20 23.40 24.90 24.40 24.00 25.40 25.10 25.20 25.30 26.00 25.00 23.30 23.20 23.20 23.10 * 1
2018-01-16 16:56:48 23.80 23.60 23.60 23.60 23.20 23.30 23.10 23.40 23.50 23.50 23.60 23.80 23.70 23.80 23.90 23.80 * 23.20 23.20 23.30 24.40 24.20 24.10 25.30 25.20 25.30 25.50 25.90 24.20 23.30 23.20 23.20 23.20 * 1
2018-01-16 16:56:48 23.80 23.60 23.60 23.50 23.20 23.30 23.10 23.30 23.50 23.50 23.70 23.80 23.80 23.90 24.00 23.80 * 23.10 23.20 23.30 24.40 24.30 24.20 25.20 25.20 25.40 25.60 25.80 24.10 23.30 23.20 23.20 23.20 * 1
2018-01-16 16:56:49 24.00 23.70 23.70 23.60 23.20 23.40 23.20 23.50 23.50 23.60 23.70 23.80 23.80 23.90 24.00 23.80 * 23.20 23.20 23.40 24.60 24.40 24.20 25.20 25.20 25.30 25.50 25.80 24.00 23.20 23.20 23.20 23.10 * 1
2018-01-16 16:56:49 24.10 23.90 23.90 23.80 23.40 23.50 23.40 23.70 23.50 23.60 23.80 23.80 23.70 23.80 23.90 23.80 * 23.30 23.30 23.50 24.90 24.40 24.30 25.20 25.20 25.40 25.60 25.80 24.10 23.30 23.30 23.30 23.20 * 1
2018-01-16 16:56:49 24.10 23.80 23.80 23.80 23.30 23.50 23.30 23.60 23.50 23.60 23.70 23.80 23.80 23.90 23.90 23.90 * 23.20 23.30 23.60 24.70 24.30 24.20 25.20 25.10 25.40 25.50 25.90 24.20 23.40 23.30 23.30 23.20 * 1
2018-01-16 16:56:49 23.80 23.60 23.60 23.60 23.10 23.30 23.20 23.30 23.50 23.60 23.80 23.80 23.80 23.80 23.90 23.90 * 23.20 23.20 23.50 24.40 24.40 24.40 25.10 25.10 25.40 25.40 25.90 24.10 23.30 23.20 23.20 23.10 * 1
