2018-01-16 16:32:22 24.60 26.80 26.90 25.30 24.40 24.20 23.40 23.60 23.70 23.80 23.90 24.00 23.90 24.10 24.10 23.90 * 24.20 24.30 23.80 23.60 23.60 23.50 23.30 23.10 23.20 23.20 23.40 23.40 23.10 23.10 23.10 23.00 * 0
2018-01-16 16:32:23 24.20 25.10 27.40 25.30 23.80 24.30 23.40 23.60 23.70 23.80 23.90 24.00 23.90 24.00 24.10 23.90 * 23.90 24.40 24.10 23.70 23.60 23.60 23.40 23.20 23.20 23.20 23.50 23.50 23.20 23.20 23.20 23.10 * 0
2018-01-16 16:32:23 24.10 24.20 27.00 25.70 23.90 24.30 23.40 23.60 23.80 23.90 24.00 24.00 24.00 24.10 24.10 24.10 * 24.00 24.40 24.10 24.70 23.80 23.60 23.40 23.30 23.30 23.40 23.60 23.60 23.30 23.40 23.30 23.30 * 0
2018-01-16 16:32:23 24.10 24.10 25.40 26.60 24.60 24.30 23.50 23.60 23.90 23.90 24.00 24.00 24.00 24.10 24.10 24.00 * 23.70 24.10 24.10 24.90 23.80 23.60 23.40 23.20 23.40 23.50 23.70 23.70 23.40 23.40 23.40 23.30 * 0
2018-01-16 16:32:23 24.10 23.90 24.20 26.20 25.70 24.80 23.50 23.60 24.10 23.80 23.90 23.90 23.90 24.10 24.10 23.90 * 23.60 23.80 24.10 24.90 23.90 23.50 23.30 23.10 23.30 23.40 23.60 23.60 23.40 23.30 23.40 23.20 * 0
2018-01-16 16:32:24 24.10 23.80 23.90 24.00 25.80 25.70 24.50 23.60 24.70 23.70 23.90 24.00 23.90 24.00 24.00 23.90 * 23.60 23.70 24.00 24.90 24.00 23.70 23.40 23.20 23.50 23.40 23.60 23.60 23.40 23.20 23.30 23.20 * 0
2018-01-16 16:32:24 24.20 24.00 24.00 23.90 24.70 26.20 25.50 24.00 26.10 24.60 24.00 24.00 24.00 24.10 24.10 24.00 * 23.60 23.80 23.80 24.20 23.90 24.50 23.90 23.20 23.80 23.40 23.50 23.60 23.30 23.20 23.30 23.20 * 0
2018-01-16 16:32:24 24.20 24.10 24.00 23.90 23.90 25.60 26.10 24.70 26.30 25.80 24.00 24.00 23.90 24.00 24.00 24.00 * 23.50 23.70 23.60 23.60 23.70 24.40 24.10 23.20 24.00 23.40 23.50 23.60 23.30 23.30 23.30 23.10 * 0
2018-01-16 16:32:24 24.10 24.00 24.00 23.90 23.80 24.50 26.00 25.70 25.60 26.50 24.70 24.00 23.90 24.00 24.00 24.00 * 23.40 23.60 23.60 23.50 23.60 24.40 24.30 23.30 24.30 23.70 23.50 23.50 23.30 23.20 23.30 23.10 * 0
2018-01-16 16:32:25 24.10 23.90 23.90 23.80 23.80 24.10 24.00 26.20 24.50 26.50 25.60 24.00 23.90 24.00 24.00 23.90 * 23.50 23.60 23.60 23.50 23.60 24.00 24.30 23.50 24.20 23.70 23.60 23.60 23.30 23.30 23.30 23.20 * 0
2018-01-16 16:32:25 24.10 23.90 23.90 23.90 23.80 24.20 23.50 25.80 24.00 26.10 26.10 24.10 23.90 24.00 24.10 24.00 * 23.60 23.70 23.70 23.60 23.60 23.60 24.10 23.70 23.90 23.80 23.50 23.50 23.20 23.30 23.20 23.10 * 0
2018-01-16 16:32:25 24.00 23.90 23.90 23.90 23.80 24.10 23.40 24.90 23.90 24.50 26.90 24.60 24.00 24.00 24.10 24.00 * 23.60 23.70 23.70 23.60 23.60 23.50 24.10 23.90 23.80 24.00 23.60 23.50 23.20 23.20 23.20 23.10 * 0
2018-01-16 16:32:26 23.90 23.80 23.80 23.80 23.70 24.00 23.30 24.20 24.00 24.60 27.00 25.30 24.70 24.00 24.10 24.10 * 23.60 23.70 23.70 23.60 23.60 23.50 23.90 23.90 23.60 23.90 23.80 23.50 23.20 23.20 23.20 23.00 * 0
2018-01-16 16:32:26 24.00 23.90 23.80 23.80 23.60 24.10 23.40 24.60 23.90 24.70 26.80 25.40 25.50 24.10 24.10 24.10 * 23.60 23.70 23.70 23.60 23.70 23.60 23.70 24.00 23.40 23.80 23.90 23.50 23.30 23.30 23.20 23.10 * 0
2018-01-16 16:32:26 24.00 23.90 23.80 23.80 23.70 24.10 23.40 24.70 24.00 24.80 26.80 25.90 25.00 24.20 24.20 24.20 * 23.70 23.80 23.80 23.70 23.70 23.70 23.70 23.80 23.50 23.70 23.90 23.50 23.30 23.30 23.30 23.10 * 0
2018-01-16 16:32:26 24.00 23.80 23.90 23.80 23.70 24.10 23.40 25.10 24.10 25.30 26.40 25.30 24.10 24.10 24.20 24.00 * 23.60 23.70 23.70 23.60 23.60 23.60 23.70 23.70 23.40 23.70 23.60 23.50 23.20 23.20 23.20 23.10 * 0
2018-01-16 16:32:27 24.00 23.80 23.80 23.70 23.70 24.00 23.40 25.20 24.10 25.30 26.40 24.60 24.10 24.10 24.10 24.00 * 23.60 23.60 23.70 23.60 23.60 23.60 23.70 23.60 23.30 23.60 23.40 23.30 23.10 23.10 23.00 23.00 * 0
2018-01-16 16:32:27 24.00 23.80 23.80 23.80 23.70 24.10 23.40 25.20 24.10 25.40 26.40 24.30 24.00 24.10 24.20 24.00 * 23.60 23.60 23.70 23.60 23.70 23.60 23.70 23.50 23.40 23.60 23.50 23.40 23.20 23.20 23.20 23.10 * 0
2018-01-16 16:32:27 24.10 23.80 23.80 23.80 23.70 24.10 23.40 25.20 24.20 25.40 26.40 24.50 24.10 24.20 24.30 24.10 * 23.50 23.60 23.60 23.60 23.70 23.60 23.60 23.50 23.50 23.60 23.40 23.40 23.20 23.10 23.20 23.10 * 0
2018-01-16 16:32:27 24.00 23.80 23.80 23.70 23.70 24.10 23.40 25.20 24.10 25.60 26.50 24.30 24.00 24.20 24.20 24.10 * 23.30 23.40 23.50 23.40 23.40 23.40 23.50 23.30 23.40 23.60 23.40 23.40 23.10 23.10 23.10 23.10 * 0
2018-01-16 16:32:28 24.00 23.80 23.80 23.70 23.70 24.10 23.30 25.20 24.10 25.60 26.40 24.30 24.10 24.20 24.20 24.10 * 23.30 23.40 23.50 23.40 23.40 23.40 23.50 23.30 23.50 23.60 23.40 23.40 23.10 23.20 23.20 23.10 * 0
2018-01-16 16:32:28 24.10 23.80 23.80 23.80 23.70 24.10 23.40 25.20 24.10 25.70 26.40 24.40 24.10 24.20 24.20 24.20 * 23.30 23.50 23.50 23.50 23.50 23.40 23.50 23.30 23.70 23.90 23.70 23.70 23.40 23.40 23.30 23.30 * 0
2018-01-16 16:32:28 24.10 23.90 23.90 23.80 23.80 24.10 23.40 25.40 24.20 25.80 26.50 24.40 24.20 24.30 24.20 24.20 * 23.40 23.60 23.60 23.60 23.50 23.50 23.60 23.40 23.70 24.00 23.70 23.70 23.50 23.30 23.30 23.20 * 0
2018-01-16 16:32:28 24.00 23.80 23.80 23.80 23.70 24.10 23.40 25.30 24.10 25.60 26.50 24.20 24.10 24.20 24.20 24.20 * 23.50 23.60 23.60 23.60 23.60 23.60 23.70 23.70 23.50 24.00 23.60 23.60 23.30 23.20 23.20 23.10 * 0
2018-01-16 16:32:29 24.00 23.70 23.80 23.70 23.60 24.00 23.40 24.90 24.00 25.00 26.80 24.20 24.00 24.10 24.20 24.20 * 23.60 23.70 23.60 23.60 23.70 23.60 23.70 23.80 23.50 24.00 23.60 23.60 23.30 23.20 23.20 23.20 * 0
2018-01-16 16:32:29 23.80 23.70 23.70 23.70 23.50 24.00 23.30 24.60 24.10 25.00 27.60 24.40 24.10 24.20 24.30 24.20 * 23.60 23.70 23.70 23.70 23.70 23.70 23.80 23.80 23.60 24.10 23.60 23.60 23.40 23.30 23.30 23.20 * 0
2018-01-16 16:32:29 24.00 23.80 23.80 23.80 23.70 24.10 23.30 24.60 24.20 25.00 28.10 24.50 24.20 24.30 24.40 24.30 * 23.50 23.60 23.70 23.60 23.60 23.50 23.70 23.70 23.50 23.90 23.40 23.40 23.10 23.10 23.10 22.90 * 0
2018-01-16 16:32:30 24.00 23.70 23.70 23.80 23.60 24.10 23.30 24.60 24.10 25.00 28.00 24.50 24.20 24.30 24.30 24.20 * 23.30 23.50 23.50 23.50 23.50 23.40 23.60 23.60 23.40 23.90 23.30 23.30 23.10 23.10 23.00 22.90 * 0
2018-01-16 16:32:30 24.00 23.80 23.80 23.80 23.60 24.10 23.40 24.70 24.00 24.90 27.90 24.30 24.00 24.10 24.20 24.00 * 23.30 23.40 23.40 23.40 23.40 23.40 23.50 23.60 23.40 24.00 23.40 23.40 23.10 23.10 23.10 23.00 * 0
2018-01-16 16:32:30 24.10 23.90 23.90 23.90 23.80 24.10 23.50 24.80 24.10 25.00 28.00 24.50 24.20 24.30 24.40 24.20 * 23.40 23.50 23.50 23.50 23.50 23.50 23.60 23.70 23.70 24.30 23.70 23.70 23.40 23.30 23.40 23.20 * 0
2018-01-16 16:32:30 24.20 23.90 23.90 23.90 23.90 24.10 23.50 24.80 24.10 25.10 28.00 24.50 24.20 24.30 24.40 24.30 * 23.50 23.60 23.70 23.60 23.60 23.60 23.70 23.90 23.60 24.20 23.70 23.60 23.40 23.30 23.30 23.20 * 0
2018-01-16 16:32:31 24.10 23.80 23.80 23.80 23.70 24.10 23.40 24.70 24.00 24.90 27.90 24.40 24.10 24.20 24.20 24.10 * 23.50 23.60 23.60 23.50 23.60 23.50 23.60 23.90 23.50 24.10 23.50 23.50 23.20 23.20 23.20 23.10 * 0
2018-01-16 16:32:31 23.90 23.70 23.70 23.70 23.60 24.00 23.30 24.50 23.90 24.90 27.80 24.30 24.10 24.10 24.10 24.10 * 23.50 23.60 23.60 23.50 23.60 23.50 23.70 23.90 23.50 24.10 23.50 23.50 23.20 23.10 23.20 23.10 * 0
2018-01-16 16:32:31 23.90 23.70 23.60 23.60 23.60 24.00 23.20 24.50 23.90 24.80 27.50 24.30 24.10 24.10 24.10 24.10 * 23.40 23.60 23.60 23.50 23.60 23.50 23.60 23.80 23.50 24.10 23.50 23.50 23.20 23.20 23.20 23.10 * 0
2018-01-16 16:32:31 24.00 23.80 23.70 23.70 23.60 24.00 23.20 24.60 23.90 24.80 27.10 24.30 24.10 24.10 24.20 24.10 * 23.40 23.50 23.60 23.50 23.60 23.50 23.60 23.80 23.40 24.00 23.50 23.40 23.20 23.10 23.10 23.00 * 0
2018-01-16 16:32:32 24.00 23.80 23.80 23.70 23.60 24.10 23.30 24.80 24.00 24.90 26.80 24.20 24.00 24.10 24.20 24.10 * 23.30 23.50 23.50 23.40 23.50 23.40 23.50 23.70 23.50 23.90 23.40 23.40 23.20 23.10 23.10 23.00 * 0
2018-01-16 16:32:32 24.00 23.80 23.80 23.80 23.70 24.10 23.40 24.90 23.90 25.30 26.60 24.20 24.00 24.00 24.10 24.00 * 23.40 23.40 23.50 23.40 23.50 23.40 23.50 23.60 23.60 24.00 23.50 23.40 23.20 23.20 23.20 23.10 * 0
2018-01-16 16:32:32 24.10 23.90 23.90 23.90 23.80 24.10 23.50 25.60 24.10 25.80 26.70 24.20 24.00 24.00 24.10 24.10 * 23.40 23.50 23.50 23.50 23.50 23.40 23.50 23.70 23.40 23.90 23.40 23.40 23.10 23.10 23.00 23.00 * 0
2018-01-16 16:32:33 24.10 23.90 23.90 23.80 23.80 24.10 23.50 25.80 24.20 26.20 26.80 24.20 24.10 24.10 24.20 24.10 * 23.40 23.60 23.60 23.50 23.50 23.50 23.60 23.70 23.30 23.90 23.30 23.40 23.10 23.00 23.00 22.90 * 0
2018-01-16 16:32:33 24.00 23.80 23.90 23.80 23.70 24.10 23.40 25.90 24.10 26.40 26.80 24.20 24.10 24.10 24.20 24.10 * 23.40 23.50 23.60 23.50 23.50 23.50 23.60 23.70 23.40 23.90 23.30 23.40 23.10 23.10 23.10 22.90 * 0
2018-01-16 16:32:33 24.00 23.80 23.80 23.80 23.70 24.00 23.30 26.00 24.20 26.70 26.80 24.10 24.00 24.10 24.10 24.00 * 23.40 23.50 23.50 23.50 23.60 23.50 23.60 23.60 23.40 23.80 23.40 23.40 23.10 23.10 23.10 22.90 * 0
2018-01-16 16:32:33 24.00 23.80 23.80 23.80 23.70 24.10 23.40 26.00 24.10 26.70 26.50 24.00 24.00 24.10 24.10 24.00 * 23.40 23.50 23.50 23.50 23.60 23.50 23.60 23.40 23.30 23.60 23.40 23.40 23.10 23.10 23.10 23.00 * 0
2018-01-16 16:32:34 24.00 23.80 23.70 23.70 23.70 24.10 23.40 26.30 24.20 26.80 25.90 24.00 24.00 24.10 24.10 24.10 * 23.40 23.50 23.50 23.50 23.50 23.50 23.60 23.20 23.60 23.30 23.50 23.50 23.30 23.20 23.20 23.10 * 0
2018-01-16 16:32:34 24.00 23.80 23.70 23.70 23.60 24.00 23.40 25.90 24.20 26.40 25.50 24.00 24.00 24.00 24.10 24.00 * 23.30 23.40 23.40 23.30 23.40 23.40 23.60 23.10 23.60 23.30 23.50 23.50 23.30 23.20 23.20 23.10 * 0
2018-01-16 16:32:34 23.90 23.80 23.70 23.70 23.60 24.00 23.40 25.80 24.10 26.10 25.40 23.90 23.90 24.00 24.10 23.90 * 23.40 23.50 23.50 23.50 23.50 23.40 23.60 23.10 23.60 23.50 23.50 23.50 23.30 23.30 23.20 23.20 * 0
2018-01-16 16:32:34 24.10 23.80 23.90 23.90 23.70 24.10 23.50 26.20 24.20 26.50 25.90 24.00 24.10 24.20 24.30 24.10 * 23.40 23.50 23.50 23.50 23.50 23.50 23.80 23.30 23.60 23.50 23.50 23.50 23.20 23.20 23.10 23.10 * 0
2018-01-16 16:32:35 24.10 23.90 23.90 23.80 23.70 24.10 23.80 26.50 24.40 26.90 25.60 24.00 24.00 24.10 24.20 24.10 * 23.40 23.50 23.50 23.50 23.60 23.70 23.80 23.30 23.40 23.30 23.40 23.40 23.10 23.10 23.10 23.00 * 0
2018-01-16 16:32:35 24.10 23.90 23.80 23.70 23.70 24.10 25.00 26.30 25.20 26.80 24.80 24.00 24.00 24.10 24.10 24.00 * 23.40 23.60 23.60 23.60 24.70 23.70 23.60 23.30 23.30 23.20 23.30 23.40 23.00 23.00 23.10 22.90 * 0
2018-01-16 16:32:35 24.00 23.90 23.80 23.70 23.70 24.70 26.20 25.50 26.40 24.50 23.90 24.00 24.00 24.10 24.10 24.00 * 23.40 23.60 23.60 23.80 24.80 23.80 23.50 23.30 23.20 23.10 23.30 23.40 23.00 23.00 23.10 22.90 * 0
2018-01-16 16:32:35 24.00 23.80 23.90 23.80 23.90 25.70 26.00 24.40 25.30 23.90 23.90 24.00 24.00 24.10 24.20 24.10 * 23.60 24.00 24.00 23.80 24.80 23.80 23.40 23.20 23.20 23.10 23.30 23.40 23.10 23.00 23.10 22.90 * 0
2018-01-16 16:32:36 24.00 23.70 23.80 24.50 25.70 25.60 23.50 23.40 24.20 23.90 24.00 24.00 24.00 24.10 24.10 24.00 * 23.70 24.80 24.30 23.70 24.50 23.70 23.40 23.10 23.20 23.20 23.50 23.50 23.30 23.20 23.20 23.00 * 0
2018-01-16 16:32:36 24.00 23.70 24.00 25.70 26.30 24.60 23.20 23.40 23.80 23.90 23.90 24.00 24.00 24.10 24.00 23.90 * 23.80 25.30 24.30 23.70 23.90 23.50 23.30 23.10 23.20 23.20 23.50 23.50 23.30 23.20 23.20 23.10 * 0
2018-01-16 16:32:36 24.10 23.80 24.50 26.50 26.20 24.20 23.20 23.40 23.70 23.80 23.90 24.00 23.90 24.10 24.00 23.90 * 24.10 25.20 24.10 23.60 23.50 23.50 23.30 23.20 23.20 23.30 23.50 23.50 23.30 23.20 23.20 23.10 * 0
2018-01-16 16:32:37 24.50 24.00 25.00 26.60 26.10 24.20 23.30 23.50 23.70 23.70 23.90 24.00 23.90 24.00 24.00 23.90 * 23.80 25.20 24.20 23.60 23.50 23.50 23.30 23.20 23.20 23.30 23.50 23.50 23.30 23.20 23.20 23.10 * 0
2018-01-16 16:32:37 24.80 24.10 25.50 26.70 25.80 24.20 23.50 23.60 23.70 23.70 23.90 23.90 23.90 24.00 24.00 23.90 * 23.70 25.30 24.40 23.60 23.50 23.40 23.30 23.10 23.30 23.20 23.50 23.50 23.20 23.20 23.20 23.10 * 0
2018-01-16 16:32:37 24.70 24.20 25.90 26.50 25.00 24.10 23.40 23.60 23.70 23.70 23.80 23.90 23.90 24.00 24.00 23.90 * 23.70 25.30 24.50 23.60 23.50 23.40 23.20 23.10 23.20 23.20 23.50 23.50 23.20 23.10 23.20 23.10 * 0
2018-01-16 16:32:37 24.80 24.10 25.90 26.50 24.90 24.10 23.50 23.60 23.70 23.80 23.90 24.00 23.90 24.10 24.00 24.00 * 23.70 25.30 24.50 23.60 23.50 23.40 23.20 23.00 23.20 23.20 23.40 23.40 23.20 23.20 23.20 23.10 * 0
2018-01-16 16:32:38 24.70 24.10 25.80 26.50 24.90 24.10 23.40 23.60 23.90 23.90 24.10 24.10 24.10 24.20 24.10 24.20 * 23.80 25.30 24.60 23.60 23.60 23.50 23.40 23.10 23.20 23.20 23.40 23.50 23.30 23.20 23.20 23.10 * 0
2018-01-16 16:32:38 24.60 24.10 25.70 26.50 24.80 24.10 23.30 23.50 24.00 24.00 24.10 24.10 24.10 24.20 24.20 24.20 * 23.80 25.30 24.70 23.70 23.60 23.50 23.30 23.10 23.10 23.20 23.40 23.50 23.30 23.10 23.10 23.10 * 0
2018-01-16 16:32:38 24.50 24.00 25.70 26.40 24.70 24.00 23.20 23.50 23.90 23.90 24.00 24.10 24.10 24.10 24.20 24.20 * 23.80 25.30 24.60 23.60 23.50 23.40 23.20 23.10 23.20 23.20 23.40 23.50 23.20 23.20 23.20 23.10 * 0
2018-01-16 16:32:38 24.70 24.10 25.90 26.50 24.80 24.10 23.40 23.60 23.90 23.80 24.00 24.00 24.10 24.10 24.20 24.00 * 23.80 25.30 24.60 23.60 23.60 23.40 23.20 23.10 23.20 23.10 23.40 23.40 23.20 23.10 23.20 23.00 * 0
2018-01-16 16:32:39 24.80 24.20 26.10 26.60 24.90 24.20 23.50 23.70 23.90 23.80 24.10 24.10 24.00 24.10 24.10 24.00 * 23.80 25.40 24.60 23.60 23.60 23.50 23.30 23.10 23.20 23.30 23.40 23.50 23.30 23.20 23.30 23.10 * 0
2018-01-16 16:32:39 24.90 24.30 26.10 26.60 24.90 24.20 23.60 23.70 23.80 23.70 24.00 24.00 24.00 24.00 24.00 24.00 * 23.80 25.30 24.60 23.60 23.60 23.50 23.30 23.00 23.20 23.30 23.50 23.50 23.30 23.20 23.20 23.10 * 0
2018-01-16 16:32:39 24.80 24.20 26.00 26.50 24.90 24.10 23.50 23.60 23.70 23.70 23.90 23.90 23.90 24.00 24.00 23.90 * 23.80 25.30 24.60 23.60 23.50 23.40 23.20 23.00 23.20 23.30 23.60 23.50 23.30 23.20 23.20 23.10 * 0
2018-01-16 16:32:39 24.60 24.00 25.90 26.40 24.90 24.10 23.30 23.50 23.70 23.80 23.90 23.90 23.90 23.90 24.00 23.90 * 23.80 25.30 24.60 23.60 23.50 23.50 23.20 23.10 23.20 23.30 23.60 23.50 23.30 23.30 23.30 23.20 * 0
2018-01-16 16:32:40 24.60 24.00 25.80 26.40 24.90 24.10 23.30 23.50 23.70 23.80 23.90 23.90 24.00 24.00 24.10 24.00 * 23.90 25.40 24.70 23.70 23.60 23.50 23.30 23.10 23.40 23.40 23.70 23.70 23.40 23.40 23.50 23.30 * 0
2018-01-16 16:32:40 24.60 24.10 25.80 26.50 24.90 24.10 23.30 23.50 23.80 23.80 23.90 24.00 23.90 24.10 24.10 24.10 * 23.90 25.40 24.70 23.70 23.60 23.60 23.40 23.20 23.40 23.50 23.70 23.70 23.40 23.40 23.50 23.30 * 0
2018-01-16 16:32:40 24.60 24.00 25.80 26.50 24.90 24.00 23.30 23.50 23.80 23.80 24.00 24.00 24.00 24.10 24.20 24.10 * 23.80 25.30 24.60 23.70 23.50 23.50 23.30 23.10 23.30 23.40 23.60 23.60 23.30 23.30 23.30 23.20 * 0
2018-01-16 16:32:41 24.50 23.90 25.70 26.40 24.90 24.00 23.20 23.40 23.90 23.90 24.10 24.10 24.10 24.20 24.30 24.20 * 23.70 25.20 24.60 23.60 23.50 23.40 23.30 23.00 23.20 23.20 23.50 23.50 23.30 23.20 23.20 23.10 * 0
2018-01-16 16:32:41 24.60 24.00 25.70 26.40 24.90 24.00 23.20 23.50 24.00 23.90 24.10 24.10 24.10 24.10 24.10 24.10 * 24.00 25.50 24.80 23.70 23.70 23.60 23.40 23.40 23.30 23.20 23.60 23.50 23.30 23.20 23.30 23.10 * 0
2018-01-16 16:32:41 24.60 24.00 25.80 26.50 24.90 24.00 23.30 23.60 24.00 23.90 24.10 24.10 24.10 24.20 24.20 24.20 * 24.00 25.50 24.80 23.70 23.70 23.60 23.40 23.30 23.30 23.30 23.50 23.50 23.30 23.20 23.30 23.10 * 0
2018-01-16 16:32:41 24.60 24.00 25.70 26.50 24.90 24.10 23.30 23.50 23.90 23.90 24.10 24.10 24.10 24.20 24.30 24.20 * 23.90 25.50 24.70 23.60 23.60 23.50 23.30 23.20 23.10 23.20 23.40 23.40 23.10 23.10 23.20 23.00 * 0
2018-01-16 16:32:42 24.50 24.00 25.70 26.40 24.90 24.00 23.20 23.50 23.80 23.90 24.00 24.00 24.00 24.10 24.20 24.10 * 23.80 25.40 24.70 23.60 23.50 23.40 23.30 23.20 23.20 23.20 23.40 23.40 23.20 23.10 23.20 23.10 * 0
2018-01-16 16:32:42 24.50 24.00 25.70 26.50 24.90 24.00 23.20 23.50 23.80 23.90 24.00 24.00 24.00 24.10 24.20 24.10 * 23.80 25.40 24.70 23.60 23.50 23.50 23.30 23.10 23.30 23.30 23.50 23.50 23.30 23.20 23.30 23.20 * 0
2018-01-16 16:32:42 24.50 24.00 25.70 26.50 25.00 24.00 23.30 23.50 23.80 23.80 24.00 24.00 24.00 24.20 24.10 24.00 * 23.80 25.40 24.70 23.60 23.60 23.50 23.30 23.10 23.40 23.40 23.60 23.60 23.40 23.30 23.30 23.30 * 0
2018-01-16 16:32:42 24.60 24.10 25.80 26.60 25.00 24.10 23.40 23.60 23.80 23.80 23.90 24.00 24.00 24.10 24.10 24.00 * 23.70 25.30 24.60 23.60 23.50 23.40 23.20 23.00 23.30 23.40 23.60 23.60 23.40 23.30 23.30 23.20 * 0
2018-01-16 16:32:43 24.60 24.10 25.70 26.50 25.10 24.10 23.40 23.50 23.90 23.90 23.90 24.10 24.00 24.10 24.10 24.10 * 23.70 25.30 24.60 23.60 23.50 23.40 23.20 23.00 23.30 23.30 23.60 23.60 23.30 23.30 23.40 23.20 * 0
2018-01-16 16:32:43 24.70 24.20 25.70 26.60 25.10 24.10 23.40 23.60 24.00 23.90 24.00 24.10 24.10 24.10 24.20 24.20 * 23.80 25.30 24.60 23.60 23.50 23.40 23.20 23.10 23.30 23.30 23.50 23.50 23.20 23.20 23.30 23.10 * 0
2018-01-16 16:32:43 24.70 24.20 25.80 26.70 25.10 24.20 23.50 23.60 24.00 23.90 24.10 24.10 24.10 24.20 24.30 24.20 * 23.90 25.40 24.70 23.60 23.70 23.60 23.30 23.10 23.30 23.30 23.50 23.50 23.20 23.20 23.20 23.10 * 0
2018-01-16 16:32:43 24.80 24.20 25.80 26.70 25.20 24.30 23.50 23.70 24.00 24.00 24.10 24.10 24.10 24.10 24.20 24.10 * 23.90 25.40 24.70 23.60 23.60 23.50 23.30 23.10 23.30 23.20 23.40 23.50 23.20 23.20 23.20 23.00 * 0
2018-01-16 16:32:44 24.70 24.10 25.70 26.60 25.00 24.10 23.40 23.60 23.90 23.90 24.10 24.10 24.10 24.10 24.20 24.10 * 23.90 25.40 24.70 23.70 23.60 23.50 23.30 23.20 23.20 23.20 23.50 23.50 23.30 23.20 23.20 23.10 * 0
2018-01-16 16:32:44 24.60 24.10 25.70 26.50 25.00 24.00 23.30 23.50 23.80 23.80 24.00 24.00 24.00 24.10 24.10 24.00 * 23.90 25.40 24.70 23.60 23.60 23.50 23.30 23.20 23.40 23.40 23.60 23.60 23.40 23.30 23.40 23.30 * 0
2018-01-16 16:32:44 24.60 24.10 25.70 26.50 25.00 24.10 23.30 23.50 23.80 23.80 24.00 24.00 24.00 24.10 24.10 24.00 * 23.90 25.40 24.80 23.60 23.60 23.50 23.40 23.20 23.50 23.40 23.60 23.60 23.40 23.40 23.40 23.30 * 0
2018-01-16 16:32:45 24.60 24.10 25.70 26.50 25.00 24.10 23.30 23.50 23.80 23.80 24.00 23.90 24.00 24.10 24.00 24.00 * 23.80 25.40 24.70 23.60 23.60 23.50 23.30 23.10 23.40 23.40 23.60 23.60 23.30 23.30 23.30 23.20 * 0
2018-01-16 16:32:45 24.60 24.10 25.70 26.50 25.00 24.10 23.40 23.50 23.70 23.70 23.90 24.00 23.90 24.00 24.00 24.00 * 23.80 25.40 24.70 23.70 23.60 23.50 23.40 23.10 23.40 23.40 23.50 23.60 23.30 23.20 23.20 23.20 * 0
2018-01-16 16:32:45 24.80 24.20 25.80 26.60 25.10 24.20 23.40 23.60 23.80 23.80 23.90 24.00 24.00 24.10 24.10 24.10 * 23.90 25.40 24.70 23.70 23.60 23.50 23.30 23.20 23.30 23.20 23.50 23.50 23.30 23.30 23.20 23.20 * 0
2018-01-16 16:32:45 24.70 24.20 25.70 26.60 25.10 24.10 23.40 23.60 23.90 23.90 24.00 24.00 24.00 24.10 24.10 24.10 * 23.90 25.40 24.70 23.60 23.50 23.50 23.20 23.10 23.20 23.20 23.40 23.40 23.20 23.20 23.20 23.20 * 0
2018-01-16 16:32:46 24.70 24.20 25.70 26.60 25.10 24.20 23.40 23.60 23.80 23.90 24.00 24.00 24.00 24.10 24.10 24.10 * 23.80 25.30 24.60 23.50 23.50 23.40 23.20 23.00 23.20 23.20 23.40 23.40 23.20 23.10 23.10 23.10 * 0
2018-01-16 16:32:46 24.80 24.30 25.70 26.60 25.10 24.20 23.40 23.60 23.90 23.90 24.00 24.10 24.10 24.20 24.10 24.10 * 23.80 25.30 24.60 23.50 23.50 23.40 23.20 23.00 23.40 23.30 23.50 23.50 23.30 23.30 23.20 23.20 * 0
2018-01-16 16:32:46 24.70 24.20 25.60 26.60 25.10 24.10 23.30 23.50 23.90 23.90 24.00 24.10 24.10 24.20 24.20 24.10 * 23.80 25.40 24.70 23.50 23.50 23.40 23.30 23.10 23.30 23.30 23.50 23.50 23.30 23.30 23.30 23.20 * 0
2018-01-16 16:32:46 24.60 24.10 25.60 26.60 25.10 24.10 23.30 23.60 23.90 24.00 24.00 24.10 24.10 24.20 24.20 24.20 * 23.80 25.40 24.70 23.60 23.60 23.50 23.30 23.10 23.30 23.30 23.50 23.50 23.30 23.30 23.30 23.20 * 0
2018-01-16 16:32:47 24.60 24.00 25.60 26.60 25.10 24.00 23.30 23.50 23.90 23.90 24.00 24.10 24.00 24.10 24.20 24.10 * 23.90 25.40 24.70 23.60 23.60 23.50 23.30 23.20 23.30 23.30 23.50 23.50 23.30 23.30 23.30 23.20 * 0
2018-01-16 16:32:47 24.60 24.00 25.60 26.60 25.00 24.00 23.20 23.40 23.80 23.80 24.00 24.00 24.00 24.00 24.10 24.00 * 23.90 25.50 24.70 23.70 23.60 23.50 23.40 23.20 23.30 23.30 23.50 23.50 23.20 23.20 23.30 23.10 * 0
2018-01-16 16:32:47 24.60 24.10 25.60 26.60 25.10 24.00 23.30 23.40 23.70 23.80 24.00 24.00 23.90 24.00 24.10 24.00 * 23.90 25.50 24.80 23.70 23.60 23.60 23.40 23.30 23.20 23.30 23.50 23.50 23.30 23.20 23.20 23.20 * 0
2018-01-16 16:32:48 24.60 24.10 25.60 26.60 25.10 24.00 23.30 23.50 23.70 23.80 24.00 24.00 24.00 24.00 24.10 24.00 * 23.90 25.50 24.80 23.70 23.60 23.60 23.40 23.30 23.20 23.20 23.40 23.50 23.20 23.20 23.20 23.10 * 0
2018-01-16 16:32:48 24.60 24.00 25.60 26.60 25.00 24.00 23.30 23.50 23.70 23.80 23.90 24.00 24.00 24.00 24.00 23.90 * 23.90 25.40 24.70 23.60 23.60 23.50 23.30 23.10 23.20 23.20 23.40 23.50 23.20 23.10 23.20 23.10 * 0
2018-01-16 16:32:48 24.60 24.00 25.60 26.60 25.00 24.10 23.30 23.50 23.80 23.80 24.00 24.00 24.00 24.00 24.10 24.00 * 23.80 25.40 24.70 23.60 23.60 23.50 23.30 23.10 23.20 23.20 23.40 23.50 23.20 23.10 23.20 23.10 * 0
2018-01-16 16:32:48 24.60 24.10 25.60 26.60 25.10 24.10 23.40 23.50 23.80 23.80 24.00 24.00 23.90 24.00 24.10 24.10 * 23.80 25.40 24.70 23.60 23.60 23.50 23.30 23.10 23.30 23.30 23.40 23.40 23.20 23.20 23.20 23.20 * 0
2018-01-16 16:32:49 24.60 24.10 25.70 26.60 25.10 24.10 23.30 23.50 23.80 23.80 24.00 24.00 24.00 24.10 24.20 24.10 * 23.80 25.40 24.70 23.60 23.50 23.50 23.30 23.10 23.10 23.20 23.30 23.40 23.20 23.20 23.20 23.00 * 0
2018-01-16 16:32:49 24.60 24.00 25.70 26.60 25.10 24.10 23.30 23.50 23.80 23.90 24.00 24.00 24.00 24.00 24.10 24.00 * 23.80 25.40 24.70 23.60 23.60 23.50 23.30 23.10 23.10 23.20 23.40 23.40 23.20 23.10 23.20 23.10 * 0
2018-01-16 16:32:49 24.70 24.10 25.70 26.70 25.20 24.20 23.40 23.60 23.80 23.90 24.00 24.10 24.00 24.10 24.10 24.00 * 23.90 25.40 24.70 23.60 23.60 23.50 23.30 23.10 23.20 23.20 23.40 23.40 23.20 23.10 23.20 23.10 * 0
