2018-01-16 17:44:13 24.00 23.80 24.80 26.10 24.70 24.80 23.50 23.60 23.60 23.70 23.90 23.90 23.90 24.00 24.00 23.90 * 23.50 24.20 23.60 23.60 23.70 23.70 23.50 23.40 23.30 23.40 23.60 23.50 23.40 23.20 23.30 23.10 * 1
2018-01-16 17:44:14 23.90 23.70 24.20 26.60 24.80 24.80 23.50 23.60 23.80 23.80 24.00 24.00 24.00 24.10 24.20 24.10 * 23.50 24.20 23.80 23.70 23.70 23.70 23.60 23.50 23.30 23.50 23.60 23.60 23.40 23.20 23.20 23.10 * 1
2018-01-16 17:44:14 23.90 23.80 24.20 26.70 25.30 24.60 23.50 23.60 23.80 23.90 24.00 24.00 24.00 24.10 24.30 24.20 * 23.60 24.30 24.10 23.90 23.90 23.90 23.80 23.60 23.40 23.60 23.70 23.60 23.40 23.30 23.30 23.10 * 1
2018-01-16 17:44:14 24.00 23.90 24.20 26.70 25.90 24.50 23.60 23.70 23.80 23.90 24.10 24.00 24.00 24.10 24.20 24.10 * 23.60 24.20 24.10 24.10 23.90 23.90 23.70 23.60 23.30 23.50 23.60 23.50 23.30 23.20 23.20 23.00 * 1
2018-01-16 17:44:14 24.00 23.80 23.90 24.60 26.50 26.30 23.80 23.70 23.80 23.80 24.00 24.00 24.00 24.10 24.20 24.00 * 23.50 23.90 23.90 24.20 23.80 23.70 23.50 23.40 23.20 23.30 23.40 23.30 23.20 23.10 23.10 22.90 * 1
2018-01-16 17:44:15 24.00 23.90 23.90 24.90 26.50 26.30 24.40 23.80 24.00 23.80 24.00 24.00 24.00 24.10 24.10 24.00 * 23.60 24.70 24.10 24.20 23.80 23.70 23.60 23.50 23.40 23.50 23.60 23.50 23.40 23.30 23.30 23.20 * 1
2018-01-16 17:44:15 24.00 24.00 24.50 26.10 26.20 25.90 25.00 24.30 25.30 24.80 24.00 24.10 23.90 24.00 24.10 24.10 * 24.00 25.40 24.00 23.90 23.70 23.70 23.60 23.50 23.40 23.50 23.70 23.60 23.40 23.30 23.30 23.20 * 1
2018-01-16 17:44:15 24.00 24.00 25.20 26.70 26.20 26.30 26.00 24.90 27.20 25.20 24.00 24.10 23.80 24.00 24.00 24.00 * 24.80 26.20 24.20 23.60 23.70 23.70 23.50 23.40 23.40 23.60 23.60 23.90 23.70 23.30 23.40 23.10 * 1
2018-01-16 17:44:16 24.10 24.70 25.70 25.30 25.40 26.90 27.00 25.30 28.00 25.60 24.20 24.00 23.90 24.10 24.10 24.00 * 25.40 26.80 25.10 24.40 24.40 24.50 24.30 24.10 24.60 24.70 24.90 26.00 24.20 23.40 23.40 23.20 * 1
2018-01-16 17:44:16 24.00 23.80 23.90 23.60 23.40 23.70 24.00 24.30 25.50 24.50 24.20 24.00 23.90 24.10 24.00 23.90 * 24.70 26.30 25.60 25.20 25.20 25.40 25.40 25.30 24.80 26.00 27.10 28.50 27.80 27.50 27.00 25.90 * 1
2018-01-16 17:44:16 24.10 23.90 23.90 23.70 23.40 23.60 23.60 23.70 23.90 23.90 24.00 24.10 24.00 24.10 24.20 24.20 * 23.60 23.70 23.80 23.80 24.00 24.20 24.60 25.60 24.70 26.00 27.50 28.80 27.20 28.50 28.60 27.70 * 1
2018-01-16 17:44:16 24.00 23.80 23.90 23.70 23.40 23.60 23.60 23.70 23.80 23.90 24.00 24.10 24.00 24.10 24.10 24.10 * 23.50 23.80 24.20 24.10 24.70 24.90 25.30 25.90 25.70 26.50 28.00 28.70 27.00 28.50 28.50 28.10 * 1
2018-01-16 17:44:17 23.90 23.80 23.70 23.60 23.20 23.50 23.40 23.60 23.80 23.80 23.90 24.00 23.90 24.00 24.00 24.00 * 23.70 25.00 25.90 25.10 25.60 25.70 26.00 26.40 26.20 27.00 28.60 28.40 27.10 28.50 28.70 28.10 * 1
2018-01-16 17:44:17 23.90 23.60 23.60 23.50 23.20 23.50 23.40 23.50 23.70 23.80 23.90 23.90 24.00 24.10 24.00 23.90 * 24.10 26.20 27.10 25.80 25.70 25.80 26.20 26.70 26.40 27.30 28.90 28.20 27.10 28.60 28.90 28.30 * 1
2018-01-16 17:44:17 23.90 23.60 23.60 23.60 23.30 23.50 23.50 23.60 23.90 24.00 24.00 24.10 24.10 24.30 24.20 24.00 * 25.10 26.40 27.20 25.80 25.80 26.00 26.30 26.90 26.40 27.50 29.10 28.10 27.00 28.50 28.70 27.90 * 1
2018-01-16 17:44:17 23.90 23.70 23.70 23.60 23.30 23.50 23.50 23.60 23.90 23.90 24.10 24.10 24.00 24.10 24.10 24.20 * 26.00 26.50 27.20 25.90 25.70 26.00 26.20 27.00 26.30 27.40 29.20 28.00 26.90 28.40 28.60 27.70 * 1
2018-01-16 17:44:18 24.00 23.80 23.70 23.60 23.30 23.60 23.50 23.70 23.90 24.00 24.00 24.10 24.00 24.10 24.20 24.20 * 25.90 26.40 27.20 25.80 25.70 25.90 26.10 27.00 26.30 27.40 29.20 27.90 26.80 28.30 28.50 27.60 * 1
2018-01-16 17:44:18 24.10 23.90 23.80 23.70 23.40 23.70 23.60 23.80 23.80 23.90 24.00 24.00 23.90 24.00 24.10 24.10 * 26.00 26.50 27.20 25.80 25.70 26.00 26.20 27.10 26.40 27.70 29.40 28.10 27.00 28.50 28.70 27.90 * 1
2018-01-16 17:44:18 24.10 23.90 23.80 23.70 23.50 23.70 23.60 23.80 24.00 24.00 24.10 24.10 23.90 24.10 24.20 24.20 * 26.10 26.60 27.30 25.90 25.80 26.10 26.30 27.20 26.40 27.80 29.50 28.00 27.00 28.50 28.70 27.90 * 1
2018-01-16 17:44:18 24.00 23.70 23.70 23.60 23.30 23.50 23.40 23.60 24.00 23.90 24.10 24.10 24.00 24.20 24.30 24.20 * 26.00 26.60 27.20 25.80 25.80 26.00 26.10 27.20 26.40 27.80 29.60 28.00 26.90 28.40 28.60 27.80 * 1
2018-01-16 17:44:19 23.90 23.60 23.70 23.50 23.30 23.50 23.40 23.60 23.80 23.80 23.90 24.00 23.90 24.10 24.10 24.00 * 26.10 26.70 27.30 25.80 25.90 26.00 26.20 27.30 26.40 27.80 29.60 28.10 27.00 28.50 28.60 27.60 * 1
2018-01-16 17:44:19 23.90 23.60 23.70 23.60 23.30 23.50 23.40 23.70 23.80 23.80 24.00 24.00 24.00 24.10 24.10 24.10 * 25.60 26.60 27.30 25.90 25.90 26.00 26.20 27.10 26.30 27.70 29.70 28.20 27.20 28.70 28.60 26.80 * 1
2018-01-16 17:44:19 24.00 23.70 23.70 23.70 23.30 23.60 23.50 23.70 23.80 23.90 24.00 24.00 24.00 24.10 24.10 24.10 * 24.60 26.50 27.20 25.90 25.80 25.90 26.10 26.90 26.20 27.60 29.80 27.90 27.10 28.70 28.60 25.90 * 1
2018-01-16 17:44:20 24.00 23.80 23.80 23.70 23.30 23.60 23.50 23.70 23.80 24.00 24.10 24.10 24.00 24.20 24.10 24.10 * 24.40 26.60 27.40 26.00 25.90 26.00 26.10 27.00 26.30 27.60 29.80 27.60 26.40 28.40 29.20 25.80 * 1
2018-01-16 17:44:20 24.00 23.80 23.80 23.70 23.30 23.60 23.60 23.70 23.80 23.80 24.00 24.00 24.00 24.10 24.10 24.10 * 24.60 26.70 27.30 26.00 25.90 26.00 26.10 27.10 26.40 27.70 29.90 27.70 26.40 28.40 29.10 25.70 * 1
2018-01-16 17:44:20 24.00 23.80 23.90 23.60 23.30 23.60 23.60 23.70 23.80 23.80 24.10 24.00 24.10 24.10 24.10 24.10 * 24.60 26.70 27.30 26.00 25.90 26.00 26.10 27.20 26.60 27.90 30.10 27.80 26.50 28.40 29.10 25.70 * 1
2018-01-16 17:44:20 24.00 23.80 23.90 23.60 23.40 23.70 23.60 23.70 23.90 23.90 24.10 24.00 24.00 24.10 24.10 24.10 * 24.50 26.60 27.20 26.00 25.90 26.00 26.20 27.20 26.50 28.00 30.00 27.70 26.40 28.20 29.00 25.70 * 1
2018-01-16 17:44:21 23.90 23.80 23.70 23.60 23.40 23.50 23.40 23.60 23.90 23.90 24.00 24.00 23.90 24.10 24.10 24.10 * 24.50 26.60 27.20 26.00 25.90 26.00 26.20 27.30 26.50 28.00 30.00 27.60 26.50 28.10 29.00 25.60 * 1
2018-01-16 17:44:21 23.90 23.80 23.70 23.60 23.40 23.50 23.40 23.60 23.80 23.80 24.00 24.10 24.00 24.10 24.10 24.10 * 24.50 26.60 27.30 26.10 25.90 26.10 26.20 27.40 26.50 28.10 30.00 27.60 26.50 27.10 29.10 25.60 * 1
2018-01-16 17:44:21 24.00 23.70 23.80 23.60 23.40 23.60 23.50 23.70 23.70 23.80 24.00 24.00 24.00 24.10 24.10 24.10 * 24.60 26.70 27.40 26.10 25.90 26.20 26.30 27.50 26.40 28.10 29.90 27.50 26.30 26.90 29.10 25.50 * 1
2018-01-16 17:44:21 24.10 23.80 23.80 23.60 23.40 23.60 23.50 23.70 23.70 23.90 24.00 24.00 24.00 24.10 24.10 24.20 * 24.60 26.70 27.40 26.10 26.00 26.10 26.30 27.50 26.50 28.10 29.90 27.60 26.30 26.90 29.20 25.70 * 1
2018-01-16 17:44:22 23.90 23.70 23.70 23.60 23.30 23.50 23.50 23.70 23.90 23.90 24.00 24.10 24.00 24.20 24.20 24.20 * 24.30 26.60 27.40 26.10 26.00 26.10 26.20 27.50 26.50 28.20 29.90 27.60 26.40 27.20 29.10 25.90 * 1
2018-01-16 17:44:22 23.90 23.70 23.60 23.50 23.30 23.50 23.40 23.60 23.80 23.80 24.00 24.00 24.00 24.10 24.10 24.00 * 24.10 26.50 27.30 26.00 26.00 26.00 26.20 27.50 26.50 28.20 29.90 27.60 26.40 27.30 29.10 25.90 * 1
2018-01-16 17:44:22 23.90 23.70 23.60 23.60 23.30 23.60 23.50 23.60 23.80 23.80 24.00 24.00 24.10 24.10 24.10 24.00 * 24.20 26.50 27.30 26.00 26.00 26.00 26.20 27.50 26.60 28.30 30.00 27.70 26.40 27.50 29.20 26.00 * 1
2018-01-16 17:44:22 23.90 23.80 23.70 23.60 23.40 23.60 23.50 23.70 23.70 23.80 24.00 24.00 24.10 24.10 24.10 24.00 * 24.30 26.50 27.30 26.00 26.00 26.00 26.20 27.50 26.70 28.40 30.10 27.70 26.40 27.80 29.20 26.00 * 1
2018-01-16 17:44:23 23.90 23.70 23.70 23.60 23.40 23.60 23.50 23.60 23.70 23.80 24.00 24.00 24.00 24.10 24.10 24.00 * 24.20 26.50 27.30 26.00 26.00 26.10 26.30 27.60 26.60 28.30 30.00 27.60 26.40 27.80 29.10 25.80 * 1
2018-01-16 17:44:23 23.90 23.80 23.70 23.60 23.40 23.60 23.50 23.60 23.80 23.80 24.00 24.00 24.00 24.10 24.10 24.10 * 24.30 26.60 27.40 26.10 26.10 26.20 26.30 27.70 26.60 28.30 30.00 27.70 26.40 27.60 29.20 25.80 * 1
2018-01-16 17:44:23 23.90 23.70 23.80 23.60 23.40 23.60 23.50 23.50 23.80 23.80 23.90 24.00 23.90 24.10 24.10 24.10 * 24.40 26.70 27.40 26.10 26.10 26.20 26.40 27.70 26.70 28.40 30.10 27.80 26.30 27.40 29.30 25.80 * 1
2018-01-16 17:44:24 23.80 23.70 23.60 23.60 23.30 23.50 23.40 23.60 23.70 23.80 24.00 24.00 23.90 24.10 24.10 24.10 * 24.40 26.70 27.40 26.10 26.20 26.20 26.40 27.70 26.80 28.50 30.20 27.80 26.30 27.40 29.40 25.90 * 1
2018-01-16 17:44:24 23.80 23.60 23.60 23.50 23.30 23.50 23.40 23.50 23.80 23.90 24.00 24.10 24.00 24.10 24.10 24.10 * 24.30 26.60 27.30 26.10 26.10 26.10 26.30 27.70 26.80 28.60 30.20 27.80 26.30 27.50 29.30 25.90 * 1
2018-01-16 17:44:24 23.80 23.70 23.70 23.60 23.30 23.60 23.40 23.50 23.80 23.90 24.00 24.00 24.00 24.10 24.20 24.10 * 24.20 26.50 27.30 26.10 26.10 26.10 26.30 27.60 26.70 28.50 30.10 27.70 26.20 27.50 29.20 25.80 * 1
2018-01-16 17:44:24 23.90 23.80 23.80 23.70 23.40 23.60 23.50 23.60 23.80 23.90 24.10 24.00 24.10 24.20 24.30 24.20 * 24.20 26.50 27.30 26.10 26.10 26.10 26.30 27.60 26.70 28.50 30.10 27.70 26.20 27.40 29.20 25.80 * 1
2018-01-16 17:44:25 23.90 23.80 23.80 23.80 23.50 23.60 23.50 23.70 23.80 23.80 24.00 24.00 24.00 24.20 24.10 24.10 * 24.20 26.50 27.30 26.10 26.20 26.10 26.30 27.60 26.70 28.40 30.10 27.70 26.20 27.50 29.20 25.70 * 1
2018-01-16 17:44:25 23.80 23.60 23.70 23.60 23.30 23.50 23.40 23.60 23.70 23.80 24.00 24.00 23.90 24.10 24.00 24.10 * 24.20 26.50 27.40 26.10 26.20 26.20 26.30 27.60 26.80 28.60 30.10 27.90 26.30 27.80 29.30 25.80 * 1
2018-01-16 17:44:25 23.80 23.60 23.70 23.50 23.30 23.50 23.40 23.50 23.80 23.90 24.00 24.10 24.00 24.10 24.20 24.10 * 24.10 26.50 27.30 26.10 26.20 26.20 26.40 27.70 26.80 28.60 30.10 27.80 26.30 27.80 29.30 25.90 * 1
2018-01-16 17:44:25 23.80 23.70 23.60 23.50 23.20 23.50 23.40 23.50 23.80 23.90 24.00 24.00 24.00 24.10 24.10 24.10 * 24.20 26.60 27.40 26.20 26.40 26.20 26.40 27.80 26.80 28.60 30.10 27.80 26.20 27.80 29.30 25.90 * 1
2018-01-16 17:44:26 23.90 23.70 23.70 23.70 23.30 23.50 23.50 23.60 23.90 24.00 24.10 24.10 24.10 24.10 24.20 24.20 * 24.20 26.60 27.40 26.20 26.30 26.20 26.40 27.80 26.80 28.60 30.10 27.80 26.20 27.90 29.30 25.80 * 1
2018-01-16 17:44:26 23.90 23.80 23.80 23.70 23.40 23.60 23.50 23.70 23.80 23.80 24.00 24.00 24.10 24.10 24.10 24.10 * 24.10 26.50 27.30 26.10 26.20 26.20 26.40 27.80 26.70 28.50 30.00 27.70 26.20 27.90 29.20 25.70 * 1
2018-01-16 17:44:26 23.90 23.70 23.80 23.70 23.40 23.60 23.50 23.70 23.80 23.90 24.00 24.00 24.00 24.10 24.10 24.20 * 24.20 26.50 27.30 26.20 26.30 26.30 26.40 27.70 26.80 28.60 30.10 27.80 26.10 27.70 29.20 25.70 * 1
2018-01-16 17:44:26 23.80 23.70 23.70 23.60 23.30 23.60 23.40 23.60 23.80 23.90 24.10 24.10 24.00 24.20 24.20 24.20 * 24.20 26.60 27.30 26.20 26.30 26.30 26.50 27.80 26.90 28.60 30.10 27.80 26.20 27.50 29.20 25.80 * 1
2018-01-16 17:44:27 23.90 23.70 23.60 23.60 23.30 23.60 23.40 23.60 23.80 23.90 24.00 24.00 24.00 24.10 24.10 24.10 * 24.30 26.70 27.40 26.30 26.40 26.40 26.60 27.90 26.90 28.60 30.10 27.80 26.20 27.80 29.30 25.90 * 1
2018-01-16 17:44:27 23.90 23.70 23.70 23.60 23.20 23.50 23.40 23.60 23.80 23.80 24.00 24.00 24.00 24.10 24.10 24.10 * 24.30 26.60 27.40 26.30 26.40 26.40 26.50 27.90 26.90 28.60 30.10 27.80 26.20 28.20 29.20 25.80 * 1
2018-01-16 17:44:27 23.70 23.60 23.60 23.50 23.20 23.40 23.40 23.40 23.80 23.90 24.00 24.00 24.00 24.20 24.20 24.10 * 24.20 26.60 27.40 26.20 26.40 26.30 26.50 27.80 26.90 28.60 30.10 27.80 26.20 28.60 29.10 25.80 * 1
2018-01-16 17:44:28 23.60 23.60 23.60 23.50 23.20 23.40 23.30 23.40 23.80 23.90 24.10 24.10 24.10 24.10 24.10 24.10 * 24.40 26.60 27.40 26.30 26.50 26.40 26.70 27.90 27.00 28.70 30.20 27.80 26.20 28.20 29.10 26.00 * 1
2018-01-16 17:44:28 23.80 23.70 23.70 23.60 23.30 23.50 23.40 23.50 23.80 23.90 24.00 24.10 24.10 24.10 24.10 24.10 * 24.40 26.60 27.40 26.30 26.50 26.40 26.60 27.90 26.90 28.60 30.10 27.80 26.20 28.20 29.10 25.90 * 1
2018-01-16 17:44:28 23.90 23.70 23.70 23.60 23.30 23.60 23.50 23.60 23.80 23.80 24.00 24.00 24.10 24.10 24.10 24.10 * 24.20 26.50 27.30 26.10 26.40 26.30 26.40 27.70 26.90 28.60 30.10 27.80 26.20 28.40 29.00 25.80 * 1
2018-01-16 17:44:28 23.90 23.70 23.70 23.60 23.30 23.50 23.50 23.60 23.80 23.80 24.00 24.10 24.00 24.10 24.10 24.10 * 24.10 26.40 27.30 26.10 26.40 26.30 26.50 27.80 26.90 28.50 30.10 27.80 26.20 28.60 29.00 25.90 * 1
2018-01-16 17:44:29 23.80 23.60 23.60 23.50 23.30 23.50 23.50 23.60 23.80 23.80 24.00 24.10 24.00 24.10 24.20 24.20 * 24.10 26.50 27.30 26.20 26.50 26.30 26.50 27.70 26.90 28.60 30.20 27.80 26.20 28.50 29.10 25.90 * 1
2018-01-16 17:44:29 23.80 23.60 23.70 23.60 23.30 23.60 23.50 23.60 23.80 23.80 24.00 24.00 24.00 24.10 24.20 24.20 * 24.20 26.60 27.40 26.30 26.50 26.40 26.60 27.80 27.00 28.60 30.20 27.90 26.30 28.50 29.10 26.00 * 1
2018-01-16 17:44:29 23.80 23.60 23.70 23.60 23.30 23.50 23.40 23.60 23.70 23.80 24.00 24.00 24.00 24.10 24.10 24.10 * 24.30 26.60 27.40 26.30 26.50 26.40 26.60 27.80 26.90 28.50 30.10 27.80 26.20 28.50 29.10 26.00 * 1
2018-01-16 17:44:29 23.70 23.60 23.60 23.50 23.20 23.40 23.40 23.50 23.80 23.80 23.90 24.10 24.00 24.10 24.20 24.10 * 24.30 26.60 27.40 26.30 26.50 26.40 26.60 27.80 26.90 28.40 30.10 27.80 26.10 28.40 29.10 25.90 * 1
