2018-01-16 17:37:02 24.10 24.20 25.90 26.00 23.80 23.60 23.40 23.60 23.60 23.70 23.80 23.80 23.80 23.90 24.00 23.90 * 24.40 23.90 23.50 23.50 23.70 23.70 23.60 23.40 23.30 23.40 23.60 23.50 23.30 23.20 23.30 23.20 * 1
2018-01-16 17:37:02 24.10 24.40 26.00 26.20 23.50 23.60 23.40 23.60 23.70 23.80 23.90 23.90 23.90 24.00 24.10 24.00 * 24.10 23.90 23.60 23.60 23.80 23.80 23.60 23.60 23.40 23.40 23.60 23.50 23.30 23.20 23.30 23.20 * 1
2018-01-16 17:37:03 24.10 24.60 25.90 25.80 23.40 23.50 23.40 23.60 23.90 24.00 24.10 24.10 24.10 24.10 24.20 24.10 * 24.10 23.80 23.60 23.60 23.80 23.80 23.60 23.60 23.50 23.50 23.70 23.60 23.40 23.30 23.40 23.30 * 1
2018-01-16 17:37:03 24.30 24.80 25.50 25.20 23.40 23.60 23.50 23.60 23.90 24.00 24.10 24.10 24.00 24.20 24.20 24.10 * 24.00 23.70 23.50 23.60 23.80 23.80 23.70 23.60 23.60 23.50 23.70 23.70 23.50 23.40 23.40 23.40 * 1
2018-01-16 17:37:03 24.30 25.20 25.20 24.40 23.50 23.60 23.50 23.60 23.80 23.80 24.00 24.00 24.00 24.10 24.00 24.00 * 24.00 23.60 23.50 23.60 23.80 23.80 23.70 23.60 23.50 23.50 23.60 23.60 23.40 23.40 23.30 23.20 * 1
2018-01-16 17:37:03 24.10 25.20 25.30 23.80 23.40 23.50 23.50 23.60 23.80 23.90 24.00 24.00 24.00 24.10 24.10 24.10 * 23.70 23.40 23.40 23.40 23.70 23.70 23.50 23.40 23.40 23.50 23.60 23.50 23.30 23.30 23.40 23.30 * 1
2018-01-16 17:37:04 24.10 24.40 25.20 23.60 23.30 23.60 23.50 23.60 23.80 23.80 24.00 24.00 24.00 24.10 24.00 24.00 * 24.00 23.50 23.40 23.50 23.70 23.70 23.50 23.40 23.40 23.50 23.60 23.60 23.40 23.30 23.50 23.30 * 1
2018-01-16 17:37:04 24.10 24.20 25.30 23.70 23.30 23.60 23.40 23.60 23.80 23.70 23.90 24.00 24.00 24.10 24.00 24.00 * 24.00 23.40 23.40 23.40 23.70 23.60 23.50 23.30 23.40 23.40 23.60 23.50 23.30 23.30 23.40 23.20 * 1
2018-01-16 17:37:04 24.10 24.20 25.40 24.10 23.40 23.60 23.50 23.70 23.70 23.80 23.80 23.90 24.00 24.00 24.00 23.90 * 23.80 23.30 23.30 23.30 23.60 23.50 23.40 23.20 23.40 23.40 23.60 23.50 23.30 23.30 23.30 23.20 * 1
2018-01-16 17:37:05 24.00 24.20 25.30 24.40 23.40 23.60 23.50 23.60 23.80 23.90 24.00 24.00 24.00 24.10 24.10 24.10 * 23.70 23.30 23.20 23.30 23.50 23.50 23.40 23.20 23.50 23.50 23.70 23.50 23.40 23.30 23.40 23.30 * 1
2018-01-16 17:37:05 24.00 24.10 25.40 24.30 23.40 23.50 23.50 23.60 23.90 23.90 24.00 24.00 24.00 24.10 24.20 24.10 * 23.70 23.80 23.40 23.50 23.60 23.60 23.40 23.40 23.50 23.50 23.70 23.60 23.30 23.30 23.40 23.30 * 1
2018-01-16 17:37:05 23.90 23.70 24.70 25.70 24.80 23.50 23.30 23.50 23.70 23.80 23.90 23.90 23.90 24.10 24.00 24.00 * 23.50 23.80 23.60 23.40 23.60 23.50 23.40 23.30 23.60 23.50 23.70 23.60 23.40 23.30 23.40 23.20 * 1
2018-01-16 17:37:05 24.00 23.80 24.10 26.00 26.40 24.20 23.50 23.60 23.70 23.70 23.90 23.90 23.90 24.00 23.90 23.90 * 23.50 23.80 23.80 23.60 23.60 23.50 23.40 23.30 23.60 23.60 23.70 23.60 23.50 23.40 23.40 23.30 * 1
2018-01-16 17:37:06 23.90 23.80 23.90 24.80 26.40 26.40 24.00 23.80 25.40 23.80 23.90 23.90 23.90 24.00 24.00 24.00 * 23.30 23.70 23.80 24.20 23.60 23.50 23.40 23.30 23.50 23.60 23.60 23.50 23.50 23.40 23.40 23.30 * 1
2018-01-16 17:37:06 23.90 23.80 23.90 23.90 24.60 26.20 25.00 23.90 24.90 23.80 24.00 24.00 23.90 24.00 24.10 24.10 * 23.40 23.40 23.50 25.10 25.70 25.80 24.10 23.60 24.50 23.60 23.70 23.60 23.50 23.40 23.50 23.30 * 1
2018-01-16 17:37:06 23.90 23.70 23.70 23.60 23.20 23.50 23.40 23.60 23.70 23.70 24.00 23.90 23.80 24.00 24.00 24.00 * 23.40 23.40 23.40 24.70 26.30 26.00 25.20 23.60 25.80 23.70 23.60 23.50 23.50 23.40 23.40 23.30 * 1
2018-01-16 17:37:06 24.00 23.80 23.70 23.60 23.30 23.60 23.50 23.60 23.60 23.60 23.80 23.90 23.80 24.00 24.00 23.90 * 23.30 23.30 23.30 24.20 26.50 26.10 26.20 24.10 26.60 24.50 23.60 23.50 23.40 23.30 23.30 23.20 * 1
2018-01-16 17:37:07 24.10 23.90 23.90 23.70 23.40 23.70 23.60 23.70 23.60 23.70 23.80 23.90 23.80 24.00 24.10 23.90 * 23.30 23.30 23.30 24.20 26.20 26.40 26.60 24.70 26.90 25.20 23.60 23.60 23.50 23.40 23.40 23.30 * 1
2018-01-16 17:37:07 24.00 23.80 23.90 23.70 23.50 23.60 23.60 23.70 23.70 23.80 23.90 24.00 24.00 24.10 24.10 24.00 * 23.40 23.30 23.30 24.50 25.70 26.50 26.80 24.90 26.90 25.20 23.70 23.60 23.40 23.40 23.40 23.30 * 1
2018-01-16 17:37:07 23.90 23.70 23.80 23.60 23.40 23.60 23.50 23.60 23.70 23.80 24.00 24.00 24.00 24.10 24.10 24.00 * 23.30 23.40 23.30 24.60 25.40 26.30 26.70 24.90 27.10 25.30 23.70 23.50 23.40 23.30 23.40 23.30 * 1
2018-01-16 17:37:07 23.80 23.70 23.70 23.60 23.30 23.50 23.40 23.60 23.80 23.80 24.00 24.00 24.00 24.10 24.10 24.00 * 23.40 23.30 23.30 24.60 25.40 26.30 26.80 25.00 27.00 25.40 23.70 23.50 23.40 23.40 23.40 23.30 * 1
2018-01-16 17:37:08 23.80 23.70 23.70 23.60 23.30 23.50 23.40 23.60 23.80 23.80 24.00 24.00 23.90 24.10 24.00 24.00 * 23.30 23.30 23.20 24.50 25.30 26.30 26.70 25.00 27.10 25.50 23.70 23.50 23.40 23.40 23.40 23.30 * 1
2018-01-16 17:37:08 24.00 23.90 23.80 23.70 23.40 23.70 23.50 23.70 23.80 23.90 24.00 24.00 24.00 24.20 24.10 24.00 * 23.30 23.30 23.20 24.50 25.30 26.30 26.70 25.10 27.00 25.60 23.70 23.50 23.50 23.50 23.40 23.30 * 1
2018-01-16 17:37:08 23.90 23.80 23.80 23.60 23.40 23.60 23.50 23.70 23.70 23.70 23.90 23.90 23.90 24.00 24.00 24.00 * 23.20 23.30 23.30 24.40 25.30 26.20 26.70 25.10 27.00 25.60 23.70 23.50 23.40 23.40 23.30 23.20 * 1
2018-01-16 17:37:08 23.80 23.70 23.70 23.60 23.30 23.50 23.40 23.50 23.60 23.70 23.90 23.90 23.90 23.90 24.00 23.90 * 23.20 23.30 23.30 24.40 25.30 26.20 26.70 25.10 27.00 25.70 23.70 23.50 23.50 23.50 23.30 23.20 * 1
2018-01-16 17:37:09 23.90 23.80 23.70 23.60 23.40 23.60 23.50 23.60 23.60 23.70 23.90 23.90 23.80 23.90 23.90 23.90 * 23.30 23.30 23.30 24.50 25.40 26.20 26.70 25.30 27.10 25.80 23.80 23.60 23.50 23.50 23.40 23.20 * 1
2018-01-16 17:37:09 24.00 23.80 23.70 23.60 23.40 23.60 23.50 23.60 23.70 23.80 24.00 23.90 23.90 24.00 24.00 24.00 * 23.30 23.30 23.30 24.50 25.40 26.30 26.70 25.40 27.00 25.80 23.70 23.50 23.40 23.40 23.40 23.10 * 1
2018-01-16 17:37:09 24.00 23.70 23.70 23.60 23.30 23.60 23.40 23.60 23.70 23.80 24.00 24.00 24.00 24.10 24.10 24.00 * 23.30 23.30 23.30 24.50 25.40 26.30 26.80 25.40 27.00 25.80 23.70 23.50 23.40 23.40 23.30 23.20 * 1
2018-01-16 17:37:10 23.90 23.70 23.70 23.60 23.30 23.60 23.40 23.60 23.60 23.80 23.90 23.90 23.90 24.00 24.00 24.00 * 23.40 23.30 23.30 24.50 25.40 26.30 26.80 25.40 27.10 26.00 23.80 23.60 23.40 23.50 23.40 23.20 * 1
2018-01-16 17:37:10 24.00 23.80 23.80 23.70 23.40 23.60 23.50 23.60 23.50 23.70 23.90 23.90 23.80 23.90 24.00 23.90 * 23.40 23.40 23.40 24.50 25.40 26.40 26.90 25.50 27.20 26.00 23.80 23.60 23.50 23.50 23.40 23.40 * 1
2018-01-16 17:37:10 24.00 23.80 23.80 23.80 23.40 23.60 23.50 23.70 23.60 23.70 24.00 23.90 23.90 24.00 24.00 24.00 * 23.40 23.40 23.40 24.60 25.40 26.30 26.90 25.60 27.20 26.00 23.70 23.50 23.50 23.40 23.30 23.30 * 1
2018-01-16 17:37:10 23.90 23.80 23.80 23.70 23.50 23.60 23.50 23.70 23.70 23.80 24.00 23.90 23.90 24.10 24.00 24.00 * 23.40 23.30 23.30 24.50 25.40 26.30 26.80 25.50 27.10 26.00 23.60 23.50 23.30 23.30 23.30 23.20 * 1
2018-01-16 17:37:11 23.90 23.70 23.70 23.70 23.40 23.60 23.50 23.60 23.60 23.70 23.90 23.90 23.90 24.00 24.00 23.90 * 23.30 23.30 23.20 24.50 25.40 26.30 26.80 25.50 27.10 26.00 23.70 23.50 23.40 23.30 23.30 23.20 * 1
2018-01-16 17:37:11 23.80 23.60 23.60 23.50 23.20 23.50 23.40 23.50 23.70 23.80 24.00 24.00 24.00 24.10 24.10 24.00 * 23.40 23.40 23.40 24.50 25.40 26.40 26.80 25.60 27.20 26.20 23.90 23.50 23.50 23.40 23.40 23.30 * 1
2018-01-16 17:37:11 23.80 23.60 23.60 23.50 23.20 23.40 23.30 23.50 23.80 23.90 24.10 24.00 24.00 24.10 24.20 24.10 * 23.40 23.30 23.40 24.50 25.40 26.40 26.80 25.60 27.20 26.10 23.80 23.50 23.40 23.30 23.40 23.20 * 1
2018-01-16 17:37:11 23.80 23.70 23.70 23.50 23.30 23.50 23.40 23.60 23.80 23.80 24.00 24.00 23.90 24.10 24.20 24.10 * 23.20 23.20 23.20 24.40 25.30 26.20 26.80 25.60 27.20 26.20 23.80 23.50 23.40 23.30 23.40 23.20 * 1
2018-01-16 17:37:12 23.90 23.70 23.70 23.60 23.30 23.50 23.40 23.60 23.70 23.70 23.90 23.90 23.90 24.00 24.00 24.00 * 23.20 23.30 23.30 24.40 25.30 26.30 26.80 25.60 27.20 26.20 23.80 23.40 23.40 23.40 23.30 23.20 * 1
2018-01-16 17:37:12 23.90 23.70 23.70 23.50 23.30 23.50 23.40 23.50 23.70 23.80 24.00 24.00 24.00 24.10 24.10 24.10 * 23.30 23.40 23.30 24.50 25.40 26.30 26.90 25.70 27.30 26.30 23.80 23.50 23.40 23.40 23.40 23.20 * 1
2018-01-16 17:37:12 23.80 23.70 23.70 23.50 23.30 23.40 23.40 23.50 23.70 23.80 24.00 24.10 24.00 24.10 24.10 24.10 * 23.30 23.30 23.30 24.50 25.40 26.30 26.90 25.70 27.20 26.30 23.90 23.50 23.40 23.40 23.40 23.20 * 1
2018-01-16 17:37:12 23.80 23.70 23.60 23.50 23.30 23.50 23.40 23.50 23.60 23.70 23.90 24.00 23.90 24.00 24.10 23.90 * 23.30 23.30 23.30 24.50 25.40 26.20 26.90 25.70 27.10 26.20 23.80 23.50 23.30 23.30 23.30 23.20 * 1
2018-01-16 17:37:13 23.80 23.70 23.70 23.60 23.30 23.50 23.50 23.60 23.60 23.70 23.80 23.90 23.80 23.90 24.10 23.90 * 23.40 23.30 23.30 24.50 25.40 26.20 26.90 25.70 27.10 26.10 23.70 23.40 23.20 23.20 23.20 23.10 * 1
2018-01-16 17:37:13 23.90 23.70 23.80 23.70 23.40 23.60 23.50 23.60 23.70 23.80 24.00 24.00 23.90 24.00 24.10 23.90 * 23.40 23.30 23.30 24.50 25.40 26.20 26.90 25.70 27.10 26.20 23.80 23.40 23.20 23.30 23.30 23.10 * 1
2018-01-16 17:37:13 23.90 23.80 23.80 23.70 23.40 23.60 23.50 23.60 23.80 23.80 24.00 24.00 24.00 24.10 24.20 24.00 * 23.50 23.50 23.50 24.60 25.60 26.40 27.00 25.80 27.20 26.20 23.80 23.50 23.40 23.30 23.30 23.10 * 1
2018-01-16 17:37:14 23.90 23.70 23.70 23.60 23.30 23.60 23.40 23.60 23.70 23.70 23.90 24.00 23.90 24.00 24.10 23.90 * 23.40 23.40 23.30 24.60 25.40 26.30 26.90 25.70 27.20 26.30 23.80 23.60 23.40 23.40 23.30 23.30 * 1
2018-01-16 17:37:14 23.90 23.70 23.80 23.60 23.30 23.50 23.50 23.60 23.70 23.80 24.00 24.00 23.90 24.10 24.10 24.00 * 23.40 23.40 23.30 24.60 25.40 26.30 26.90 25.70 27.20 26.20 23.70 23.50 23.30 23.30 23.30 23.30 * 1
2018-01-16 17:37:14 23.80 23.60 23.70 23.60 23.20 23.50 23.40 23.50 23.80 23.90 24.00 24.10 23.90 24.10 24.20 24.10 * 23.50 23.40 23.40 24.50 25.50 26.40 26.90 25.70 27.30 26.30 23.90 23.60 23.40 23.40 23.40 23.30 * 1
2018-01-16 17:37:14 23.80 23.60 23.70 23.50 23.20 23.50 23.40 23.50 23.70 23.70 23.90 23.90 23.90 24.00 24.00 24.00 * 23.50 23.50 23.50 24.60 25.50 26.40 26.90 25.70 27.30 26.30 23.90 23.60 23.40 23.40 23.40 23.20 * 1
2018-01-16 17:37:15 23.80 23.60 23.70 23.50 23.20 23.50 23.30 23.50 23.60 23.70 23.80 23.90 23.80 23.90 23.90 23.80 * 23.40 23.40 23.40 24.50 25.40 26.40 26.90 25.70 27.30 26.30 23.80 23.50 23.40 23.40 23.30 23.20 * 1
2018-01-16 17:37:15 23.80 23.60 23.60 23.50 23.20 23.40 23.30 23.50 23.60 23.80 23.90 24.00 23.90 24.00 24.00 23.90 * 23.40 23.30 23.30 24.50 25.40 26.40 27.00 25.70 27.30 26.30 23.80 23.50 23.40 23.40 23.30 23.20 * 1
2018-01-16 17:37:15 23.90 23.60 23.60 23.50 23.20 23.40 23.30 23.50 23.70 23.80 24.00 23.90 24.00 24.00 24.10 24.00 * 23.40 23.40 23.40 24.60 25.50 26.40 27.00 25.70 27.30 26.20 23.80 23.50 23.40 23.30 23.30 23.20 * 1
2018-01-16 17:37:15 23.90 23.70 23.70 23.60 23.30 23.50 23.40 23.60 23.60 23.80 24.00 23.90 23.90 24.00 24.00 24.00 * 23.50 23.60 23.50 24.70 25.50 26.50 27.10 25.80 27.40 26.30 23.80 23.50 23.40 23.30 23.30 23.20 * 1
2018-01-16 17:37:16 23.90 23.80 23.80 23.70 23.40 23.60 23.50 23.60 23.60 23.70 23.90 23.80 23.80 23.90 24.00 23.90 * 23.50 23.50 23.40 24.70 25.50 26.50 27.00 25.80 27.30 26.30 23.80 23.50 23.40 23.30 23.40 23.30 * 1
2018-01-16 17:37:16 23.90 23.70 23.70 23.60 23.30 23.60 23.50 23.60 23.60 23.70 23.80 23.90 23.80 24.00 24.00 23.90 * 23.50 23.50 23.40 24.60 25.60 26.50 27.10 25.80 27.30 26.30 23.70 23.40 23.40 23.30 23.40 23.20 * 1
2018-01-16 17:37:16 23.80 23.60 23.70 23.50 23.30 23.50 23.40 23.50 23.60 23.80 23.90 24.00 24.00 24.10 24.10 24.10 * 23.40 23.40 23.40 24.60 25.50 26.40 27.00 25.70 27.30 26.30 23.80 23.50 23.40 23.30 23.40 23.20 * 1
2018-01-16 17:37:16 23.80 23.60 23.70 23.50 23.30 23.50 23.40 23.50 23.60 23.70 23.90 23.90 23.80 24.00 23.90 23.90 * 23.40 23.40 23.30 24.60 25.50 26.40 26.90 25.70 27.40 26.40 23.80 23.60 23.50 23.40 23.40 23.30 * 1
2018-01-16 17:37:17 23.80 23.60 23.60 23.50 23.20 23.50 23.30 23.50 23.50 23.60 23.80 23.80 23.70 23.90 23.80 23.70 * 23.40 23.40 23.30 24.60 25.50 26.30 27.00 25.70 27.30 26.30 23.80 23.50 23.40 23.30 23.30 23.20 * 1
2018-01-16 17:37:17 23.90 23.70 23.70 23.50 23.20 23.50 23.40 23.50 23.60 23.70 23.80 23.90 23.80 23.90 23.90 23.80 * 23.50 23.50 23.40 24.60 25.50 26.40 27.00 25.70 27.30 26.10 23.70 23.50 23.40 23.30 23.40 23.20 * 1
2018-01-16 17:37:17 23.90 23.70 23.70 23.50 23.30 23.50 23.40 23.60 23.60 23.70 23.90 23.90 23.90 24.00 24.00 23.90 * 23.50 23.50 23.40 24.60 25.50 26.50 26.90 25.20 27.10 25.20 23.70 23.50 23.40 23.30 23.40 23.20 * 1
2018-01-16 17:37:18 23.90 23.70 23.70 23.60 23.30 23.50 23.50 23.60 23.60 23.80 23.90 24.00 24.00 24.00 24.00 23.90 * 23.30 23.30 23.30 24.80 25.60 26.80 26.40 24.00 26.50 23.70 23.70 23.60 23.40 23.40 23.40 23.30 * 1
2018-01-16 17:37:18 23.90 23.70 23.70 23.60 23.30 23.50 23.50 23.60 23.50 23.60 23.80 23.80 23.80 23.80 23.90 23.80 * 23.20 23.30 23.20 24.90 25.60 26.70 25.90 23.80 26.20 23.60 23.60 23.60 23.40 23.40 23.40 23.30 * 1
2018-01-16 17:37:18 23.90 23.70 23.70 23.60 23.20 23.40 23.40 23.50 23.50 23.70 23.90 23.80 23.80 23.90 24.00 23.80 * 23.30 23.30 23.20 25.00 25.70 26.90 25.70 23.70 26.10 23.70 23.70 23.60 23.50 23.50 23.40 23.30 * 1
