2018-01-16 15:45:50 27.10 25.10 25.70 27.10 26.70 24.60 23.60 23.40 23.90 23.70 23.80 23.80 23.70 23.70 23.70 23.60 * 23.10 24.30 25.90 25.10 23.40 23.30 23.10 22.90 23.10 23.20 23.30 23.40 23.20 23.10 23.10 22.90 * 0
2018-01-16 15:45:50 24.20 24.50 26.40 28.90 27.70 25.10 23.70 23.50 23.90 23.70 23.80 23.80 23.70 23.70 23.70 23.60 * 23.60 24.70 25.80 25.10 23.50 23.30 23.10 22.90 23.20 23.30 23.50 23.50 23.30 23.10 23.10 23.00 * 0
2018-01-16 15:45:51 23.90 24.00 25.50 28.00 29.00 25.20 23.70 23.60 24.20 23.70 23.80 23.90 23.80 23.80 23.80 23.70 * 23.60 24.60 25.80 25.10 24.10 23.40 23.30 23.00 23.20 23.20 23.50 23.50 23.30 23.10 23.10 23.00 * 0
2018-01-16 15:45:51 24.00 24.10 25.70 27.50 28.70 26.20 24.40 24.10 24.50 24.80 23.90 23.90 23.90 23.80 23.80 23.70 * 23.30 24.40 25.90 25.00 24.90 23.60 23.20 23.00 23.20 23.30 23.40 23.50 23.20 23.10 23.10 23.00 * 0
2018-01-16 15:45:51 24.10 25.20 25.90 27.20 27.90 27.10 24.50 25.80 24.50 26.70 24.00 23.90 23.90 23.80 23.80 23.60 * 23.10 24.00 25.40 24.40 25.20 23.70 23.10 22.90 23.30 23.20 23.40 23.50 23.20 23.10 23.10 23.00 * 0
2018-01-16 15:45:51 24.10 26.10 26.30 26.90 28.00 27.30 24.10 26.60 24.80 26.50 23.90 23.80 23.80 23.80 23.80 23.60 * 23.00 23.50 24.60 23.80 25.20 23.70 23.10 22.80 23.20 23.20 23.40 23.40 23.20 23.10 23.10 22.90 * 0
2018-01-16 15:45:52 24.00 25.60 25.50 26.80 27.90 26.50 24.80 24.60 24.90 25.10 23.70 23.70 23.70 23.70 23.70 23.50 * 23.20 23.50 24.20 23.90 25.00 23.70 23.20 22.90 23.10 23.20 23.30 23.40 23.20 23.00 23.10 22.90 * 0
2018-01-16 15:45:52 23.80 24.00 25.70 27.10 27.60 25.00 23.70 23.90 23.80 23.60 23.80 23.90 23.80 23.80 23.80 23.60 * 23.10 23.40 24.20 24.00 24.60 23.60 23.20 22.90 23.20 23.20 23.40 23.40 23.20 23.10 23.10 23.00 * 0
2018-01-16 15:45:52 23.80 24.10 25.90 27.30 27.30 24.00 23.60 23.50 23.90 23.60 23.80 23.90 23.80 23.80 23.80 23.70 * 23.00 23.30 24.10 24.00 24.40 23.70 23.10 22.80 23.20 23.20 23.40 23.50 23.30 23.20 23.10 23.00 * 0
2018-01-16 15:45:52 23.70 24.00 26.00 27.30 27.20 23.80 23.60 23.50 23.90 23.70 23.90 23.90 23.80 23.80 23.90 23.60 * 22.90 23.30 24.00 24.00 24.50 23.80 23.10 22.80 23.10 23.20 23.40 23.50 23.20 23.10 23.00 23.00 * 0
2018-01-16 15:45:53 23.70 23.90 25.80 27.30 27.30 23.90 23.50 23.50 23.90 23.70 23.80 23.80 23.80 23.80 23.90 23.60 * 23.00 23.40 24.10 24.10 24.70 24.00 23.20 22.90 23.10 23.20 23.30 23.40 23.20 23.10 23.10 22.90 * 0
2018-01-16 15:45:53 23.70 24.10 25.90 27.40 27.10 23.80 23.50 23.40 23.90 23.70 23.80 23.80 23.80 23.80 23.80 23.60 * 23.10 23.30 24.20 24.10 24.80 24.00 23.20 23.00 23.20 23.20 23.40 23.40 23.20 23.10 23.20 23.00 * 0
2018-01-16 15:45:53 23.70 24.10 26.00 27.20 27.10 23.80 23.50 23.40 23.90 23.70 23.80 23.90 23.80 23.80 23.80 23.60 * 23.00 23.30 24.10 24.00 24.80 24.60 23.30 22.90 23.40 23.20 23.50 23.50 23.30 23.20 23.20 23.00 * 0
2018-01-16 15:45:53 23.80 24.10 26.00 26.90 27.20 24.50 23.60 23.50 24.00 23.70 23.90 23.90 23.80 23.80 23.80 23.60 * 22.90 23.20 24.10 23.80 24.10 25.80 24.20 23.00 24.80 23.30 23.40 23.50 23.30 23.10 23.10 23.00 * 0
2018-01-16 15:45:54 23.80 24.00 25.20 26.70 27.30 26.20 24.30 24.30 25.40 25.10 24.10 23.90 23.90 23.80 23.80 23.60 * 22.90 23.20 23.80 23.60 23.90 26.30 25.20 23.50 24.90 23.40 23.40 23.50 23.20 23.10 23.20 23.00 * 0
2018-01-16 15:45:54 23.70 23.90 24.70 27.30 26.40 27.00 27.10 26.10 26.70 26.60 25.80 25.10 24.60 24.10 23.90 23.80 * 23.00 23.20 23.40 23.50 23.80 26.40 25.30 23.60 25.10 23.70 23.90 24.00 23.90 24.00 24.00 23.60 * 0
2018-01-16 15:45:54 23.70 23.80 23.60 24.10 24.90 25.40 25.70 26.00 25.50 25.70 26.20 26.30 26.20 25.70 25.40 24.70 * 22.90 23.20 23.30 23.20 23.40 25.30 25.00 23.30 24.20 23.50 23.60 23.70 23.70 23.70 25.10 25.60 * 0
2018-01-16 15:45:55 23.60 23.70 23.60 23.20 23.40 23.50 23.70 24.50 24.00 23.90 24.50 25.10 25.80 26.90 27.10 26.50 * 22.80 23.20 23.30 23.20 23.30 23.60 23.80 23.10 23.20 23.40 23.60 23.70 23.70 23.70 25.10 25.60 * 0
2018-01-16 15:45:55 23.60 23.70 23.60 23.20 23.40 23.50 23.60 23.50 23.90 23.80 23.90 24.00 24.20 25.30 26.60 27.20 * 22.90 23.20 23.30 23.20 23.30 23.20 23.00 22.90 23.20 23.20 23.50 23.50 23.30 23.20 25.00 25.60 * 0
2018-01-16 15:45:55 23.70 23.80 23.60 23.30 23.40 23.50 23.50 23.50 23.90 23.70 23.90 24.00 23.90 23.90 25.00 26.40 * 23.10 23.30 23.30 23.30 23.40 23.30 23.10 22.90 23.30 23.20 23.40 23.40 23.30 23.10 24.90 25.60 * 0
2018-01-16 15:45:55 23.60 23.80 23.70 23.20 23.30 23.60 23.50 23.50 23.90 23.80 23.90 23.90 23.90 23.90 23.90 23.90 * 23.00 23.30 23.40 23.30 23.40 23.20 23.10 22.90 23.30 23.30 23.40 23.50 23.40 23.20 24.30 25.60 * 0
2018-01-16 15:45:56 23.60 23.70 23.60 23.20 23.30 23.50 23.50 23.50 23.90 23.80 23.90 24.00 23.90 23.90 23.90 24.30 * 22.90 23.20 23.30 23.20 23.30 23.20 23.00 22.90 23.20 23.20 23.40 23.50 23.30 23.20 23.20 24.70 * 0
2018-01-16 15:45:56 23.60 23.70 23.60 23.20 23.30 23.50 23.50 23.50 23.90 23.80 23.90 24.00 23.90 23.90 23.90 25.90 * 23.10 23.30 23.40 23.30 23.40 23.20 23.10 22.90 23.30 23.20 23.50 23.60 23.30 23.30 23.20 24.20 * 0
2018-01-16 15:45:56 23.60 23.70 23.60 23.20 23.40 23.50 23.50 23.40 23.90 23.80 23.80 24.00 23.90 23.80 23.90 26.80 * 23.10 23.30 23.40 23.30 23.40 23.20 23.10 22.90 23.30 23.20 23.50 23.50 23.40 23.20 23.30 23.90 * 0
2018-01-16 15:45:56 23.60 23.70 23.60 23.20 23.30 23.50 23.50 23.40 23.90 23.70 23.80 23.90 23.80 23.80 24.30 26.20 * 23.00 23.30 23.30 23.20 23.30 23.20 23.00 22.80 23.20 23.20 23.40 23.50 23.40 23.20 23.20 23.50 * 0
2018-01-16 15:45:57 23.60 23.70 23.60 23.20 23.30 23.50 23.50 23.40 23.90 23.70 23.80 23.90 23.90 23.90 26.00 25.70 * 23.00 23.20 23.30 23.20 23.30 23.20 23.00 22.90 23.20 23.20 23.50 23.50 23.30 23.20 23.20 23.50 * 0
2018-01-16 15:45:57 23.60 23.70 23.60 23.20 23.30 23.50 23.50 23.40 24.00 23.70 23.90 24.00 23.90 25.60 26.40 25.60 * 23.00 23.20 23.30 23.30 23.30 23.20 23.00 22.90 23.20 23.20 23.40 23.50 23.30 23.20 23.40 24.00 * 0
2018-01-16 15:45:57 23.60 23.70 23.60 23.20 23.40 23.40 23.50 23.50 23.90 23.70 23.90 24.00 24.10 28.10 24.90 25.90 * 23.10 23.30 23.40 23.30 23.40 23.30 23.10 22.90 23.20 23.30 23.40 23.50 23.30 23.20 23.80 25.40 * 0
2018-01-16 15:45:57 23.60 23.80 23.60 23.20 23.40 23.40 23.50 23.50 23.90 23.70 23.90 24.00 24.20 28.60 25.00 26.20 * 23.00 23.30 23.40 23.30 23.40 23.20 23.20 22.90 23.30 23.20 23.40 23.50 23.40 23.20 24.10 26.20 * 0
2018-01-16 15:45:58 23.60 23.80 23.60 23.30 23.30 23.50 23.50 23.50 24.10 23.80 24.00 24.20 24.70 26.30 27.30 28.10 * 22.90 23.20 23.30 23.30 23.40 23.50 23.70 23.60 25.10 25.10 24.50 24.30 24.10 24.00 24.30 26.20 * 0
2018-01-16 15:45:58 23.60 23.80 23.60 23.30 23.30 23.50 23.50 23.50 24.30 24.50 25.30 26.60 27.80 28.60 28.40 28.20 * 23.00 23.30 23.30 23.40 24.20 25.10 25.30 25.10 26.20 25.80 23.90 23.50 23.50 23.80 24.70 25.90 * 0
2018-01-16 15:45:58 23.60 23.70 23.60 23.30 23.40 24.00 24.40 24.70 25.70 26.80 29.10 30.30 30.50 28.80 27.10 25.60 * 23.10 23.40 23.40 23.70 25.10 26.50 26.40 25.70 26.30 26.10 24.80 24.80 24.50 24.40 24.50 24.30 * 0
2018-01-16 15:45:59 23.70 23.80 25.00 28.50 25.80 25.90 26.60 27.10 27.20 28.30 31.50 31.70 30.80 25.90 24.70 24.00 * 24.90 25.10 25.30 25.40 25.70 26.60 26.40 25.90 26.20 26.00 24.80 24.80 24.30 23.70 23.30 23.00 * 0
2018-01-16 15:45:59 23.80 24.20 27.30 28.30 25.70 26.70 27.20 27.90 27.60 28.40 31.30 31.10 28.70 24.40 24.10 23.80 * 26.50 26.30 26.00 25.00 25.40 26.50 26.20 25.50 25.90 25.60 23.50 23.40 23.20 23.10 23.10 23.00 * 0
2018-01-16 15:45:59 25.00 26.30 27.80 27.40 28.00 28.70 28.40 27.90 27.80 26.40 25.10 24.20 24.10 24.00 24.10 23.90 * 26.10 25.70 24.90 23.60 24.90 26.60 26.20 25.60 25.80 25.10 23.40 23.50 23.20 23.10 23.10 23.00 * 0
2018-01-16 15:45:59 26.60 27.80 28.50 29.50 29.80 29.30 27.10 25.50 24.80 23.90 24.00 24.00 24.00 23.90 23.90 23.80 * 25.90 25.70 24.40 23.60 25.30 26.60 25.90 25.00 24.60 23.90 23.40 23.50 23.30 23.20 23.20 23.00 * 0
2018-01-16 15:46:00 28.00 29.00 30.20 30.10 28.90 26.40 24.20 23.80 24.00 23.80 23.90 23.90 23.90 23.80 23.80 23.70 * 25.80 25.70 25.10 24.80 25.40 25.20 24.50 23.70 23.30 23.20 23.40 23.50 23.30 23.10 23.10 23.10 * 0
2018-01-16 15:46:00 30.40 30.40 29.30 27.90 25.20 23.70 23.70 23.60 24.00 23.80 23.90 23.90 23.90 23.90 23.80 23.70 * 25.90 25.60 24.60 23.50 23.50 23.30 23.10 23.00 23.20 23.20 23.40 23.50 23.30 23.10 23.10 23.10 * 0
2018-01-16 15:46:00 28.80 29.70 30.10 29.40 27.50 26.50 24.70 23.80 24.20 23.90 24.10 24.10 24.00 24.00 24.00 23.90 * 26.20 25.70 24.20 23.30 23.40 23.30 23.10 22.90 23.20 23.20 23.40 23.40 23.30 23.10 23.10 23.00 * 0
2018-01-16 15:46:00 27.20 27.80 28.40 28.40 27.10 26.50 24.70 23.80 24.10 23.90 24.00 24.10 24.00 23.90 23.90 23.90 * 26.40 26.20 24.90 23.50 23.40 23.30 23.10 23.00 23.20 23.20 23.40 23.50 23.30 23.20 23.10 23.10 * 0
2018-01-16 15:46:01 27.00 27.20 27.20 27.10 25.20 23.70 23.60 23.60 24.10 23.80 24.00 24.00 23.90 23.90 23.90 23.80 * 26.00 24.80 23.80 26.10 26.90 25.50 23.90 23.10 23.50 23.20 23.40 23.60 23.30 23.20 23.20 23.10 * 0
2018-01-16 15:46:01 25.90 26.50 26.90 27.10 26.70 24.60 23.70 23.70 24.10 23.80 24.00 23.90 23.90 23.80 23.90 23.70 * 25.90 24.40 23.50 25.70 27.40 26.10 24.10 23.10 23.80 23.30 23.50 23.50 23.30 23.20 23.20 23.10 * 0
2018-01-16 15:46:01 24.90 25.80 26.50 26.70 26.70 26.10 24.20 23.80 24.70 24.00 24.00 24.10 24.00 24.00 23.90 24.00 * 25.20 24.40 24.00 25.60 27.30 26.00 24.00 23.00 24.40 24.10 24.20 24.00 23.60 23.20 23.20 23.00 * 0
2018-01-16 15:46:01 24.00 24.80 25.80 26.60 26.50 26.50 25.20 24.20 25.70 24.60 24.10 24.10 24.00 23.90 23.90 23.90 * 23.80 24.10 24.10 25.70 27.00 25.90 24.50 24.00 24.40 24.30 24.90 25.20 25.10 24.90 24.10 23.20 * 0
2018-01-16 15:46:02 23.90 24.00 24.60 25.60 26.50 26.60 26.20 25.30 26.60 25.90 25.20 24.70 24.10 23.90 23.90 23.90 * 23.10 23.40 23.60 25.80 27.10 26.00 24.50 24.10 23.80 23.60 24.40 25.80 25.80 26.30 24.70 23.40 * 0
2018-01-16 15:46:02 23.80 23.90 23.80 23.80 25.00 26.00 26.40 26.30 26.50 26.80 26.60 26.20 25.50 24.80 24.10 24.00 * 23.00 23.30 23.40 23.60 24.30 24.60 23.80 23.30 23.90 23.70 24.20 25.70 25.40 26.20 24.30 23.30 * 0
2018-01-16 15:46:02 23.90 23.90 23.70 23.30 23.50 23.70 23.70 24.60 24.30 24.30 25.40 26.50 26.80 26.70 26.70 25.90 * 23.00 23.30 23.40 23.30 23.40 23.30 23.20 23.30 23.20 23.30 23.90 25.70 25.50 26.30 24.90 24.70 * 0
2018-01-16 15:46:03 23.90 23.90 23.70 23.40 23.40 23.60 23.70 23.80 24.20 23.90 24.10 24.90 25.50 26.10 26.90 26.90 * 23.00 23.30 23.40 23.30 23.40 23.30 23.20 23.00 23.20 23.30 23.70 24.70 24.80 25.50 24.40 24.40 * 0
2018-01-16 15:46:03 23.80 23.90 23.70 23.40 23.40 23.60 23.60 23.70 24.10 23.80 24.00 24.10 24.10 24.80 26.00 26.80 * 23.00 23.30 23.40 23.30 23.40 23.30 23.20 23.00 23.20 23.30 23.50 23.60 23.70 24.00 23.90 23.90 * 0
2018-01-16 15:46:03 23.70 23.90 23.70 23.30 23.40 23.60 23.60 23.60 24.20 23.90 24.00 24.10 24.00 24.00 24.60 26.20 * 23.10 23.30 23.40 23.20 23.40 23.30 23.20 23.00 23.20 23.30 23.50 23.50 23.40 23.20 23.20 23.60 * 0
2018-01-16 15:46:03 23.80 23.90 23.70 23.30 23.40 23.60 23.60 23.60 24.20 23.90 24.00 24.10 24.10 24.10 24.10 24.60 * 23.10 23.30 23.40 23.20 23.40 23.30 23.20 23.00 23.30 23.20 23.40 23.50 23.30 23.20 23.20 23.60 * 0
2018-01-16 15:46:04 23.80 23.90 23.70 23.30 23.40 23.60 23.70 23.60 23.90 23.70 23.90 23.90 23.90 23.90 23.90 24.00 * 23.20 23.30 23.40 23.30 23.40 23.30 23.20 23.00 23.20 23.30 23.40 23.50 23.30 23.20 23.20 23.30 * 0
2018-01-16 15:46:04 23.80 23.80 23.80 23.30 23.40 23.50 23.60 23.60 23.90 23.70 23.80 23.90 23.80 23.80 23.90 23.80 * 23.20 23.30 23.40 23.30 23.40 23.30 23.10 23.00 23.20 23.30 23.50 23.50 23.30 23.20 23.20 23.20 * 0
2018-01-16 15:46:04 23.80 23.80 23.70 23.30 23.40 23.50 23.50 23.50 24.00 23.80 23.90 24.00 23.90 23.90 23.90 23.90 * 23.10 23.20 23.40 23.30 23.40 23.20 23.10 22.90 23.10 23.20 23.40 23.40 23.30 23.20 23.20 23.10 * 0
2018-01-16 15:46:04 23.80 23.80 23.70 23.30 23.40 23.50 23.60 23.60 24.00 23.70 23.90 24.00 23.90 23.90 24.00 23.90 * 23.20 23.30 23.40 23.30 23.40 23.30 23.10 23.00 23.10 23.20 23.40 23.40 23.20 23.10 23.10 23.00 * 0
2018-01-16 15:46:05 23.70 23.80 23.70 23.30 23.30 23.50 23.50 23.60 24.00 23.70 23.90 24.00 23.90 23.90 24.00 23.90 * 23.20 23.40 23.40 23.40 23.40 23.30 23.20 23.00 23.20 23.20 23.40 23.40 23.20 23.10 23.10 23.00 * 0
2018-01-16 15:46:05 23.70 23.70 23.70 23.20 23.30 23.40 23.50 23.50 24.00 23.80 23.90 24.00 23.90 23.90 24.00 23.90 * 23.10 23.30 23.40 23.30 23.40 23.30 23.10 22.90 23.20 23.30 23.40 23.50 23.30 23.20 23.20 23.10 * 0
2018-01-16 15:46:05 23.60 23.70 23.60 23.20 23.30 23.50 23.50 23.50 24.10 23.80 24.00 24.00 23.90 24.00 24.00 24.00 * 23.10 23.30 23.40 23.30 23.40 23.30 23.10 22.90 23.20 23.30 23.40 23.50 23.30 23.20 23.20 23.50 * 0
2018-01-16 15:46:05 23.60 23.70 23.60 23.20 23.30 23.50 23.50 23.60 23.90 23.70 23.80 24.00 23.80 23.90 23.90 24.20 * 23.10 23.30 23.40 23.30 23.40 23.30 23.10 23.00 23.10 23.20 23.40 23.50 23.30 23.20 23.20 23.70 * 0
2018-01-16 15:46:06 23.60 23.80 23.70 23.20 23.30 23.50 23.50 23.60 23.90 23.70 23.80 23.90 23.80 23.90 23.90 24.50 * 23.10 23.30 23.50 23.30 23.40 23.20 23.10 23.00 23.20 23.20 23.40 23.50 23.30 23.20 23.20 23.50 * 0
2018-01-16 15:46:06 23.60 23.80 23.60 23.30 23.30 23.50 23.50 23.50 23.90 23.70 23.90 23.90 23.90 23.80 23.90 25.00 * 23.10 23.20 23.40 23.20 23.30 23.20 23.10 22.90 23.10 23.20 23.50 23.60 23.40 23.20 23.20 23.60 * 0
2018-01-16 15:46:06 23.70 23.80 23.60 23.30 23.40 23.60 23.50 23.50 23.90 23.70 23.90 24.00 23.90 23.90 24.10 25.60 * 23.10 23.20 23.40 23.30 23.40 23.30 23.10 22.90 23.20 23.20 23.50 23.60 23.40 23.40 23.70 24.30 * 0
2018-01-16 15:46:07 23.60 23.70 23.60 23.20 23.30 23.50 23.50 23.50 23.90 23.80 23.90 24.00 23.90 23.90 24.60 25.90 * 23.10 23.20 23.40 23.30 23.40 23.30 23.20 23.30 23.40 23.70 24.40 24.90 25.10 24.90 24.30 24.40 * 0
2018-01-16 15:46:07 23.60 23.70 23.60 23.20 23.30 23.50 23.50 23.40 23.80 23.70 24.00 24.90 25.50 25.90 26.20 26.10 * 23.00 23.30 23.30 23.30 23.40 23.30 23.30 23.80 23.60 24.30 25.80 26.80 26.90 25.80 24.00 24.20 * 0
2018-01-16 15:46:07 23.60 23.70 23.60 23.20 23.40 23.50 23.60 23.50 24.10 24.60 25.60 26.40 26.60 26.50 26.30 25.60 * 23.00 23.20 23.30 23.30 23.50 23.60 23.70 24.20 24.10 24.70 26.40 27.40 26.80 25.40 23.40 23.00 * 0
2018-01-16 15:46:07 23.70 23.70 23.60 23.30 23.50 23.60 24.00 24.70 25.40 26.00 26.70 26.70 26.40 26.00 25.40 24.40 * 23.10 23.70 24.40 24.60 24.40 24.00 23.80 24.10 23.80 24.30 26.40 27.40 26.80 25.40 23.30 23.00 * 0
2018-01-16 15:46:08 23.70 23.80 23.70 23.50 24.20 24.80 25.20 25.90 26.50 26.30 25.90 25.50 25.10 24.70 24.20 23.80 * 23.80 26.00 26.10 25.80 23.80 23.80 23.80 24.20 24.10 24.90 26.20 26.40 25.50 24.30 23.20 23.10 * 0
2018-01-16 15:46:08 23.80 24.40 25.70 26.80 27.00 26.90 25.70 24.60 26.00 24.90 24.50 24.20 23.90 23.80 23.80 23.70 * 24.50 26.10 26.20 26.00 24.40 24.00 23.80 23.90 24.10 24.40 24.70 24.40 23.70 23.30 23.20 23.10 * 0
2018-01-16 15:46:08 23.90 25.40 26.60 26.80 26.80 26.50 24.50 23.70 24.00 23.70 23.90 23.90 23.80 23.80 23.90 23.70 * 25.50 26.00 26.20 26.00 24.20 23.50 23.20 23.00 23.40 23.30 23.50 23.60 23.30 23.20 23.20 23.20 * 0
2018-01-16 15:46:08 24.00 25.70 26.70 26.70 26.80 26.10 23.90 23.60 24.00 23.80 24.00 23.90 23.90 23.90 23.90 23.80 * 25.60 26.00 26.20 26.00 24.00 23.40 23.10 22.90 23.60 23.40 23.60 23.60 23.40 23.20 23.20 23.00 * 0
2018-01-16 15:46:09 24.00 25.30 26.80 26.80 26.80 26.30 24.00 23.60 24.40 23.80 24.00 24.00 24.00 23.90 23.90 23.90 * 23.80 25.70 26.10 25.90 24.70 25.90 24.20 23.10 23.90 23.30 23.50 23.50 23.30 23.20 23.20 23.00 * 0
2018-01-16 15:46:09 23.80 24.20 26.10 26.60 26.50 26.50 25.90 24.10 25.40 23.90 24.00 24.00 24.00 23.90 23.90 23.90 * 23.90 25.80 26.30 25.90 24.00 26.00 23.90 23.10 23.80 23.30 23.50 23.50 23.30 23.20 23.20 23.10 * 0
2018-01-16 15:46:09 23.70 24.00 25.10 26.50 26.50 26.50 26.20 24.90 26.50 25.00 23.90 23.90 23.80 23.70 23.80 23.60 * 24.10 25.90 26.40 25.60 23.90 26.00 23.90 23.10 23.80 23.30 23.50 23.50 23.30 23.20 23.20 23.20 * 0
2018-01-16 15:46:09 23.80 24.00 24.60 26.20 26.70 26.70 26.40 25.70 26.70 25.80 24.00 24.00 23.90 23.80 23.90 23.70 * 24.50 26.10 26.40 24.70 23.70 26.00 23.80 23.00 23.80 23.20 23.50 23.50 23.30 23.20 23.20 23.10 * 0
2018-01-16 15:46:10 23.80 23.90 24.50 25.90 26.70 26.90 26.40 26.10 27.00 26.30 24.10 24.10 24.00 24.00 23.90 23.80 * 25.10 26.30 25.30 23.40 23.80 26.20 24.00 23.20 23.80 23.20 23.40 23.50 23.30 23.10 23.20 23.10 * 0
2018-01-16 15:46:10 23.80 24.00 25.30 25.70 26.50 27.10 26.70 26.30 27.10 26.40 24.20 24.00 23.90 23.90 23.90 23.80 * 25.90 26.30 24.60 23.40 23.80 26.30 24.00 23.20 23.80 23.30 23.50 23.50 23.30 23.10 23.30 23.10 * 0
2018-01-16 15:46:10 23.80 24.50 25.80 26.30 26.90 27.10 26.70 26.10 26.90 25.30 24.10 24.00 23.90 23.90 23.90 23.80 * 25.80 26.30 25.20 23.90 23.70 26.40 24.00 23.20 23.80 23.30 23.60 23.50 23.30 23.20 23.30 23.20 * 0
2018-01-16 15:46:11 24.00 25.50 26.50 27.00 27.00 27.10 26.50 25.20 25.80 24.30 24.10 24.00 24.00 23.90 24.00 23.90 * 25.10 26.30 25.80 24.60 23.70 26.40 24.10 23.10 24.00 23.30 23.50 23.50 23.40 23.20 23.20 23.10 * 0
2018-01-16 15:46:11 24.40 26.50 27.00 27.00 26.90 26.50 25.20 24.00 24.60 23.90 24.10 24.10 24.00 24.00 24.00 23.90 * 25.20 26.30 25.90 25.30 24.50 24.60 23.60 23.10 23.60 23.30 23.50 23.50 23.40 23.10 23.20 23.10 * 0
2018-01-16 15:46:11 26.10 26.60 26.60 26.50 24.80 23.60 23.60 23.60 24.10 23.80 24.00 24.00 24.00 23.90 24.00 23.80 * 25.40 26.30 26.00 25.10 23.80 23.40 23.20 23.00 23.20 23.30 23.40 23.50 23.40 23.10 23.20 23.10 * 0
2018-01-16 15:46:11 26.40 26.40 26.30 26.10 23.90 23.60 23.50 23.60 24.00 23.70 23.90 23.90 23.90 23.90 23.90 23.70 * 25.10 26.40 26.00 24.90 23.50 23.30 23.10 23.00 23.20 23.30 23.40 23.50 23.30 23.20 23.20 23.10 * 0
2018-01-16 15:46:12 26.20 26.20 25.90 25.50 23.60 23.60 23.50 23.60 24.00 23.80 23.90 23.90 23.90 23.90 23.90 23.80 * 25.50 26.40 26.10 24.80 23.40 23.30 23.10 22.90 23.30 23.20 23.40 23.50 23.30 23.20 23.10 23.10 * 0
2018-01-16 15:46:12 26.00 25.90 25.70 24.60 23.50 23.60 23.60 23.60 24.10 23.80 24.00 23.90 23.90 23.90 23.90 23.80 * 25.80 26.50 26.10 24.60 23.40 23.30 23.10 22.90 23.20 23.20 23.50 23.50 23.30 23.10 23.10 23.10 * 0
2018-01-16 15:46:12 26.00 26.00 25.60 23.70 23.50 23.60 23.60 23.60 24.00 23.80 24.00 24.00 23.90 23.90 23.90 23.80 * 25.00 24.10 23.60 23.40 23.40 23.30 23.20 23.00 23.20 23.20 23.50 23.50 23.30 23.10 23.20 23.10 * 0
2018-01-16 15:46:12 26.10 26.00 24.00 23.30 23.40 23.50 23.50 23.50 24.00 23.80 23.90 24.00 23.90 23.90 23.90 23.80 * 25.20 24.40 23.60 23.40 23.40 23.30 23.20 23.00 23.30 23.20 23.40 23.50 23.30 23.20 23.20 23.00 * 0
2018-01-16 15:46:13 26.10 25.70 23.70 23.30 23.30 23.50 23.50 23.50 24.00 23.80 23.90 23.90 23.80 23.90 23.90 23.70 * 25.30 24.40 23.50 23.30 23.40 23.30 23.10 22.90 23.20 23.20 23.40 23.40 23.30 23.20 23.20 23.10 * 0
2018-01-16 15:46:13 26.10 25.60 23.60 23.30 23.30 23.60 23.50 23.50 24.00 23.80 24.00 24.00 23.90 23.90 23.90 23.80 * 25.30 24.00 23.40 23.40 23.40 23.20 23.10 22.90 23.20 23.20 23.40 23.40 23.20 23.10 23.20 23.00 * 0
2018-01-16 15:46:13 26.20 25.80 23.70 23.30 23.40 23.50 23.50 23.50 24.10 23.70 23.90 24.00 23.90 23.90 23.90 23.80 * 25.60 24.20 23.40 23.40 23.40 23.30 23.10 23.00 23.20 23.20 23.40 23.40 23.20 23.10 23.20 22.90 * 0
2018-01-16 15:46:14 26.30 26.10 24.10 23.30 23.30 23.50 23.50 23.50 23.90 23.70 23.80 23.90 23.80 23.80 23.90 23.60 * 25.80 24.90 23.40 23.40 23.40 23.30 23.10 22.90 23.20 23.20 23.30 23.40 23.20 23.10 23.10 23.00 * 0
2018-01-16 15:46:14 26.50 26.40 25.30 23.50 23.30 23.60 23.60 23.50 24.00 23.80 23.80 23.90 23.90 23.80 23.80 23.70 * 25.60 25.60 23.50 23.30 23.40 23.30 23.10 22.90 23.20 23.20 23.30 23.40 23.30 23.10 23.10 23.10 * 0
2018-01-16 15:46:14 26.30 26.50 26.30 24.70 23.50 23.60 23.60 23.50 24.10 23.80 23.90 23.90 23.90 23.90 23.90 23.70 * 25.00 25.70 23.60 23.30 23.30 23.30 23.10 22.90 23.20 23.30 23.40 23.50 23.20 23.20 23.10 23.10 * 0
2018-01-16 15:46:14 25.90 26.20 26.30 26.10 23.90 23.60 23.60 23.60 24.00 23.80 23.90 24.00 23.90 23.90 23.90 23.70 * 24.00 25.50 24.00 23.80 24.00 23.90 23.90 24.10 24.10 24.40 24.50 24.60 24.10 23.70 23.30 23.10 * 0
2018-01-16 15:46:15 24.40 25.30 25.50 25.70 25.80 25.30 24.90 24.60 24.50 24.00 23.90 23.90 23.80 23.80 23.80 23.70 * 23.70 25.80 24.00 23.30 23.50 23.60 23.70 24.30 23.70 24.80 25.40 25.70 26.50 25.10 23.70 23.20 * 0
2018-01-16 15:46:15 23.80 24.10 24.40 24.50 24.80 25.40 25.60 25.60 25.70 25.90 26.00 25.80 25.40 25.00 24.60 24.00 * 23.40 24.50 23.90 23.50 23.60 23.50 23.50 23.90 23.70 24.80 25.40 25.60 26.50 25.30 24.30 23.80 * 0
2018-01-16 15:46:15 23.60 23.70 23.60 23.30 23.50 24.10 24.50 25.00 24.60 24.90 25.40 25.80 25.90 25.90 25.50 25.00 * 23.10 23.40 23.40 23.30 23.30 23.20 23.20 23.60 23.40 24.60 25.60 25.60 26.50 25.40 24.40 24.30 * 0
2018-01-16 15:46:15 23.60 23.70 23.60 23.20 23.40 23.60 23.60 24.00 24.00 23.90 24.40 24.80 25.10 25.50 25.60 25.80 * 23.20 23.30 23.40 23.30 23.40 23.20 23.20 23.30 23.30 24.20 25.30 25.50 26.40 25.50 23.60 23.60 * 0
2018-01-16 15:46:16 23.50 23.70 23.60 23.20 23.30 23.40 23.50 23.40 24.00 23.80 23.90 24.00 24.20 24.60 24.90 25.40 * 23.10 23.30 23.40 23.30 23.30 23.20 23.10 23.00 23.20 23.50 24.20 24.40 24.80 24.70 23.80 23.40 * 0
2018-01-16 15:46:16 23.60 23.60 23.60 23.20 23.30 23.50 23.50 23.40 23.90 23.70 23.90 23.90 23.90 23.90 23.90 24.00 * 23.10 23.30 23.40 23.30 23.30 23.20 23.00 22.80 23.10 23.20 23.50 23.40 23.30 23.10 23.10 23.10 * 0
2018-01-16 15:46:16 23.60 23.60 23.60 23.20 23.30 23.50 23.50 23.50 24.00 23.70 23.90 24.00 23.90 24.00 23.90 23.90 * 23.10 23.30 23.40 23.30 23.30 23.20 23.00 22.90 23.10 23.20 23.40 23.40 23.20 23.10 23.10 23.00 * 0
2018-01-16 15:46:16 23.60 23.70 23.60 23.20 23.30 23.50 23.50 23.40 24.00 23.70 24.00 24.00 24.00 23.90 24.00 23.90 * 23.20 23.30 23.40 23.30 23.40 23.30 23.10 22.90 23.20 23.20 23.40 23.40 23.20 23.10 23.10 23.00 * 0
2018-01-16 15:46:17 23.60 23.70 23.60 23.20 23.30 23.50 23.50 23.40 23.90 23.60 23.80 23.90 23.80 23.90 23.80 23.80 * 23.20 23.40 23.40 23.30 23.40 23.30 23.20 22.90 23.20 23.20 23.40 23.50 23.20 23.10 23.10 23.00 * 0
