2018-01-16 15:49:04 24.30 25.20 25.70 26.40 23.60 23.40 23.30 23.50 23.70 23.80 23.70 23.80 23.80 23.80 23.70 23.70 * 24.30 24.80 24.40 23.30 23.40 23.20 23.10 22.90 23.20 23.20 23.40 23.40 23.30 23.10 23.10 23.00 * 0
2018-01-16 15:49:04 24.60 25.80 26.60 26.70 23.40 23.50 23.50 23.60 23.90 24.10 24.00 24.00 23.90 24.00 23.90 23.90 * 24.50 24.80 24.40 23.30 23.40 23.30 23.10 22.90 23.20 23.20 23.40 23.50 23.30 23.10 23.10 23.00 * 0
2018-01-16 15:49:04 24.90 26.40 28.00 25.70 23.50 23.70 23.60 23.80 23.80 24.00 23.90 23.90 23.90 23.90 23.80 23.80 * 24.60 24.80 24.40 23.40 23.40 23.30 23.20 23.00 23.20 23.30 23.40 23.50 23.30 23.20 23.20 23.00 * 0
2018-01-16 15:49:05 25.00 26.70 29.00 24.70 23.40 23.70 23.50 23.70 23.70 23.90 23.80 23.80 23.80 23.90 23.80 23.70 * 24.60 24.70 24.70 23.40 23.40 23.30 23.10 22.90 23.30 23.30 23.50 23.50 23.40 23.20 23.20 23.10 * 0
2018-01-16 15:49:05 24.90 26.50 28.70 25.70 23.40 23.60 23.50 23.70 23.70 23.80 23.80 23.80 23.80 23.90 23.70 23.70 * 24.60 24.30 24.90 23.70 23.40 23.20 23.10 22.90 23.30 23.30 23.50 23.50 23.30 23.20 23.20 23.10 * 0
2018-01-16 15:49:05 24.70 26.00 27.20 27.70 24.60 23.60 23.60 23.70 23.80 23.90 23.90 23.90 23.90 23.90 23.80 23.80 * 24.50 23.90 24.90 24.40 23.40 23.30 23.10 22.90 23.20 23.30 23.40 23.50 23.30 23.20 23.20 23.00 * 0
2018-01-16 15:49:05 24.20 24.20 25.60 28.20 26.50 23.60 23.40 23.60 23.90 24.00 23.80 23.90 23.90 23.90 23.90 23.90 * 24.10 23.90 24.70 24.80 23.50 23.30 23.10 23.00 23.20 23.20 23.30 23.40 23.20 23.10 23.10 22.90 * 0
2018-01-16 15:49:06 24.10 23.90 24.50 28.80 26.10 24.50 23.50 23.60 24.10 23.90 23.70 23.70 23.80 23.80 23.80 23.70 * 23.20 23.60 24.60 24.70 23.70 23.60 23.10 22.90 23.20 23.20 23.30 23.30 23.10 23.00 23.00 22.80 * 0
2018-01-16 15:49:06 24.20 23.90 24.00 28.30 26.50 25.60 24.60 23.80 24.90 24.00 23.70 23.70 23.80 23.70 23.80 23.70 * 23.20 23.50 24.70 24.90 23.80 24.10 23.60 23.10 23.80 23.20 23.30 23.30 23.10 23.00 23.00 23.00 * 0
2018-01-16 15:49:06 24.20 23.90 24.10 26.00 26.70 26.30 25.70 24.40 25.90 24.50 23.80 23.80 23.80 23.80 23.80 23.80 * 23.20 23.40 24.30 24.80 23.50 24.30 24.20 23.20 24.30 23.30 23.40 23.40 23.20 23.10 23.10 23.10 * 0
2018-01-16 15:49:06 24.20 23.90 24.00 24.10 25.00 26.30 26.40 25.20 26.50 25.50 24.70 23.90 23.80 23.90 23.80 23.80 * 23.10 23.40 23.60 24.10 23.50 24.30 24.40 23.10 24.30 23.30 23.40 23.40 23.20 23.10 23.10 23.00 * 0
2018-01-16 15:49:07 24.20 23.80 23.80 23.70 23.30 23.50 25.30 25.80 25.20 26.30 24.60 26.30 23.90 23.90 23.80 23.80 * 23.20 23.30 23.40 23.30 23.40 24.20 24.50 23.90 24.60 24.30 23.70 23.40 23.20 23.00 23.10 22.90 * 0
2018-01-16 15:49:07 24.10 23.70 23.70 23.70 23.20 23.50 24.20 25.80 24.40 26.30 25.70 26.50 24.00 23.90 23.90 23.90 * 23.20 23.40 23.40 23.30 23.50 23.80 24.10 24.40 24.10 24.60 23.90 23.50 23.20 23.10 23.10 23.00 * 0
2018-01-16 15:49:07 24.10 23.70 23.70 23.70 23.20 23.50 23.50 25.60 24.10 26.10 26.60 26.60 24.20 23.90 23.90 23.90 * 23.10 23.40 23.50 23.40 23.40 23.40 23.50 24.40 23.50 24.80 24.00 23.50 23.30 23.20 23.20 23.00 * 0
2018-01-16 15:49:08 24.10 23.70 23.60 23.70 23.10 23.40 23.40 25.60 24.10 26.10 26.90 26.70 25.00 23.90 23.80 23.80 * 23.10 23.30 23.40 23.30 23.30 23.30 23.20 24.40 23.50 25.00 24.00 23.50 23.40 23.20 23.20 23.10 * 0
2018-01-16 15:49:08 24.00 23.60 23.60 23.60 23.10 23.40 23.40 25.70 24.10 26.20 27.00 26.90 26.20 24.00 23.90 23.80 * 23.00 23.30 23.40 23.20 23.30 23.20 23.20 24.50 23.60 25.10 24.10 23.50 23.40 23.20 23.20 23.10 * 0
2018-01-16 15:49:08 24.00 23.60 23.70 23.70 23.20 23.40 23.40 25.50 24.00 25.90 26.90 27.00 26.60 24.00 23.90 23.80 * 23.10 23.40 23.40 23.30 23.40 23.30 23.20 24.50 23.70 25.20 24.20 23.60 23.50 23.30 23.40 23.20 * 0
2018-01-16 15:49:08 24.00 23.60 23.70 23.70 23.20 23.50 23.40 25.60 24.10 26.10 27.00 27.10 26.30 24.00 24.00 23.90 * 23.10 23.30 23.40 23.30 23.30 23.30 23.20 24.50 23.70 25.20 24.10 23.60 23.50 23.30 23.40 23.20 * 0
2018-01-16 15:49:09 24.10 23.70 23.70 23.70 23.10 23.40 23.40 25.80 24.20 26.20 27.10 27.10 26.30 24.00 24.00 23.90 * 23.00 23.30 23.30 23.30 23.30 23.20 23.10 24.50 23.60 25.10 24.10 23.50 23.40 23.20 23.30 23.20 * 0
2018-01-16 15:49:09 24.10 23.70 23.70 23.70 23.20 23.40 23.40 25.80 24.10 26.20 27.10 27.10 26.30 24.00 23.90 23.90 * 23.00 23.30 23.30 23.30 23.30 23.20 23.10 24.50 23.40 25.00 24.00 23.40 23.20 23.10 23.10 23.00 * 0
2018-01-16 15:49:09 24.10 23.80 23.70 23.80 23.20 23.50 23.50 25.80 24.10 26.10 27.10 27.10 26.60 24.00 24.00 23.90 * 23.00 23.30 23.30 23.30 23.20 23.20 23.10 24.40 23.60 25.10 24.10 23.60 23.40 23.20 23.30 23.10 * 0
2018-01-16 15:49:09 24.20 23.90 23.90 23.90 23.30 23.60 23.60 25.80 24.10 26.00 27.10 27.20 26.70 24.00 24.00 23.90 * 23.00 23.20 23.30 23.20 23.30 23.20 23.10 24.40 23.50 25.00 24.10 23.50 23.30 23.10 23.20 23.10 * 0
2018-01-16 15:49:10 24.20 23.80 23.90 23.80 23.30 23.60 23.60 25.70 24.10 26.00 27.10 27.20 26.50 24.00 23.90 23.90 * 23.10 23.30 23.30 23.20 23.40 23.30 23.20 24.40 23.50 25.00 24.10 23.50 23.30 23.10 23.10 23.00 * 0
2018-01-16 15:49:10 24.10 23.70 23.70 23.70 23.20 23.40 23.40 25.60 24.10 26.00 27.20 27.30 26.30 24.00 23.90 23.90 * 23.20 23.30 23.40 23.30 23.40 23.30 23.20 24.50 23.50 25.00 24.00 23.50 23.30 23.20 23.20 23.10 * 0
2018-01-16 15:49:10 24.10 23.70 23.70 23.70 23.10 23.50 23.40 25.50 24.10 25.90 27.10 27.20 26.10 24.00 23.90 23.90 * 23.10 23.30 23.30 23.20 23.30 23.20 23.10 24.40 23.40 25.00 24.00 23.50 23.30 23.20 23.20 23.00 * 0
2018-01-16 15:49:11 24.10 23.70 23.80 23.70 23.20 23.50 23.40 25.50 24.00 25.80 27.10 27.20 26.10 24.00 23.90 23.80 * 23.00 23.20 23.20 23.20 23.30 23.20 23.00 24.30 23.40 25.00 24.00 23.40 23.30 23.20 23.10 23.00 * 0
2018-01-16 15:49:11 24.10 23.70 23.80 23.70 23.20 23.40 23.40 25.50 23.90 25.70 27.10 27.00 26.00 23.90 23.70 23.70 * 23.10 23.20 23.30 23.30 23.30 23.30 23.10 24.40 23.40 25.00 23.90 23.40 23.30 23.20 23.20 23.00 * 0
2018-01-16 15:49:11 24.10 23.70 23.70 23.70 23.20 23.40 23.40 25.40 23.90 25.50 27.10 27.00 26.20 23.90 23.70 23.80 * 23.10 23.30 23.30 23.30 23.30 23.30 23.20 24.40 23.40 25.00 23.90 23.50 23.20 23.20 23.10 23.00 * 0
2018-01-16 15:49:11 24.10 23.70 23.70 23.80 23.20 23.40 23.40 25.10 24.00 25.40 27.20 27.10 26.50 24.00 23.90 23.90 * 23.10 23.30 23.30 23.30 23.40 23.30 23.20 24.40 23.50 25.00 24.00 23.50 23.20 23.10 23.10 23.00 * 0
2018-01-16 15:49:12 24.10 23.70 23.70 23.80 23.20 23.50 23.40 25.00 23.90 25.10 27.20 27.20 26.80 24.00 23.90 23.90 * 23.10 23.40 23.30 23.30 23.40 23.30 23.20 24.40 23.50 24.90 24.00 23.50 23.30 23.20 23.10 23.00 * 0
2018-01-16 15:49:12 24.10 23.70 23.70 23.80 23.20 23.50 23.40 24.60 23.90 24.60 27.10 27.10 27.40 24.00 23.90 23.90 * 23.20 23.40 23.30 23.20 23.40 23.30 23.20 24.40 23.50 24.90 24.10 23.60 23.40 23.20 23.20 23.00 * 0
2018-01-16 15:49:12 24.10 23.70 23.60 23.70 23.20 23.40 23.40 24.00 23.90 24.30 26.50 27.10 27.90 24.10 23.90 23.90 * 23.10 23.30 23.30 23.20 23.30 23.20 23.10 24.30 23.50 24.70 24.10 23.80 24.20 23.30 23.20 23.00 * 0
2018-01-16 15:49:12 24.10 23.70 23.60 23.80 23.20 23.40 23.40 23.60 23.80 24.10 24.00 25.30 27.00 26.30 24.50 24.00 * 23.00 23.30 23.30 23.20 23.30 23.20 23.20 23.30 23.30 23.50 23.90 23.90 25.20 23.50 23.20 23.10 * 0
2018-01-16 15:49:13 24.10 23.70 23.60 23.80 23.20 23.40 23.40 23.60 23.80 24.00 23.90 24.00 25.30 27.00 25.80 24.70 * 23.00 23.30 23.40 23.20 23.40 23.20 23.10 23.00 23.30 23.30 23.60 23.90 25.20 23.80 23.60 23.10 * 0
2018-01-16 15:49:13 24.10 23.60 23.70 23.80 23.20 23.40 23.30 23.50 23.70 23.90 23.70 23.80 24.00 25.70 26.40 25.20 * 23.00 23.30 23.40 23.20 23.30 23.20 23.10 22.90 23.30 23.30 23.50 23.70 25.10 23.80 24.20 23.30 * 0
2018-01-16 15:49:13 24.00 23.60 23.70 23.80 23.20 23.40 23.30 23.50 23.70 23.90 23.70 23.80 23.90 24.40 26.00 25.60 * 23.00 23.20 23.30 23.20 23.30 23.10 23.10 22.90 23.20 23.30 23.50 23.50 24.50 23.60 24.40 23.50 * 0
2018-01-16 15:49:13 24.10 23.70 23.70 23.80 23.20 23.40 23.30 23.50 23.60 23.80 23.70 23.70 23.70 23.80 24.60 25.90 * 23.00 23.20 23.30 23.20 23.30 23.10 23.10 22.90 23.20 23.20 23.40 23.40 23.70 23.70 24.40 23.50 * 0
2018-01-16 15:49:14 24.10 23.70 23.70 23.80 23.20 23.40 23.30 23.50 23.60 23.80 23.70 23.70 23.80 23.80 25.00 26.10 * 23.20 23.40 23.40 23.30 23.40 23.30 23.10 23.00 23.20 23.20 23.50 23.50 23.60 24.70 24.40 23.50 * 0
2018-01-16 15:49:14 24.10 23.70 23.60 23.70 23.20 23.40 23.30 23.40 23.70 23.90 23.80 23.80 23.90 23.90 25.60 26.10 * 23.20 23.40 23.40 23.30 23.40 23.30 23.10 23.00 23.20 23.30 23.50 23.50 23.70 24.80 24.30 23.50 * 0
2018-01-16 15:49:14 24.10 23.60 23.60 23.70 23.20 23.40 23.30 23.50 23.70 23.90 23.80 23.90 24.00 24.10 26.20 25.60 * 23.00 23.30 23.30 23.20 23.30 23.20 23.00 22.90 23.30 23.30 23.50 23.50 23.70 25.00 24.10 23.30 * 0
2018-01-16 15:49:15 24.00 23.70 23.70 23.80 23.20 23.50 23.40 23.60 23.70 23.90 23.80 23.80 23.90 24.90 26.30 24.30 * 23.00 23.20 23.30 23.20 23.20 23.20 23.00 22.90 23.30 23.30 23.60 24.40 24.40 24.90 23.30 23.20 * 0
2018-01-16 15:49:15 24.10 23.60 23.70 23.80 23.20 23.50 23.40 23.60 23.70 24.00 23.90 23.80 24.00 25.70 25.80 24.00 * 23.00 23.20 23.30 23.30 23.30 23.20 23.10 22.90 23.30 23.30 23.70 25.20 23.80 24.60 23.30 23.20 * 0
2018-01-16 15:49:15 24.10 23.60 23.60 23.70 23.10 23.40 23.30 23.50 23.80 24.00 23.90 24.40 24.80 26.30 24.90 23.90 * 23.10 23.20 23.30 23.20 23.30 23.20 23.10 23.00 23.30 23.30 23.90 25.50 23.70 23.80 23.30 23.10 * 0
2018-01-16 15:49:15 24.10 23.60 23.70 23.70 23.20 23.40 23.40 23.60 23.80 24.00 24.00 25.90 26.90 26.40 24.30 23.80 * 23.10 23.20 23.40 23.20 23.30 23.20 23.10 23.00 23.20 23.30 24.30 25.50 23.50 23.10 23.20 23.00 * 0
2018-01-16 15:49:16 24.10 23.60 23.80 23.80 23.20 23.50 23.40 23.60 23.80 24.00 24.00 27.30 28.40 26.70 24.10 23.80 * 23.10 23.30 23.40 23.30 23.30 23.30 23.10 23.10 23.20 23.50 25.00 25.40 23.30 23.10 23.10 23.00 * 0
2018-01-16 15:49:16 24.10 23.70 23.70 23.70 23.20 23.50 23.40 23.60 23.80 24.10 26.70 27.70 29.50 25.80 24.00 23.90 * 23.10 23.30 23.40 23.30 23.30 23.20 23.10 23.30 23.40 23.60 25.50 25.40 23.40 23.20 23.30 23.10 * 0
2018-01-16 15:49:16 24.00 23.70 23.70 23.70 23.20 23.50 23.40 23.60 23.80 24.20 27.90 28.50 28.10 24.50 24.00 23.90 * 23.20 23.40 23.50 23.40 23.40 23.40 23.20 23.40 23.40 23.60 25.50 25.30 23.40 23.20 23.20 23.10 * 0
2018-01-16 15:49:16 23.90 23.60 23.60 23.60 23.10 23.40 23.30 23.60 23.80 24.30 28.30 29.30 26.90 24.10 24.00 23.90 * 23.20 23.50 23.50 23.40 23.40 23.40 23.30 23.50 23.40 23.70 25.50 25.40 23.40 23.30 23.20 23.10 * 0
2018-01-16 15:49:17 24.00 23.60 23.70 23.60 23.10 23.40 23.30 23.60 23.90 24.30 28.80 29.90 25.80 24.10 23.90 23.80 * 23.10 23.30 23.40 23.30 23.30 23.30 23.20 23.30 23.40 23.60 25.40 25.40 23.40 23.20 23.30 23.10 * 0
2018-01-16 15:49:17 24.00 23.60 23.60 23.60 23.10 23.30 23.30 23.60 23.90 24.40 29.10 29.70 25.60 24.10 23.90 23.90 * 23.10 23.40 23.50 23.40 23.40 23.40 23.30 23.40 23.40 23.70 25.50 25.30 23.40 23.20 23.30 23.20 * 0
2018-01-16 15:49:17 24.00 23.60 23.70 23.70 23.10 23.40 23.40 23.70 24.00 24.60 29.70 29.60 25.40 24.10 24.00 24.00 * 23.10 23.40 23.40 23.30 23.40 23.40 23.30 23.40 23.30 23.70 25.50 25.20 23.40 23.20 23.20 23.10 * 0
2018-01-16 15:49:18 24.10 23.70 23.70 23.70 23.20 23.50 23.40 23.90 23.90 24.60 30.00 29.50 25.10 24.00 23.90 23.90 * 23.00 23.20 23.30 23.20 23.30 23.20 23.10 23.20 23.30 23.60 25.50 25.10 23.30 23.10 23.10 23.00 * 0
2018-01-16 15:49:18 24.10 23.80 23.70 23.70 23.30 23.50 23.50 23.90 24.00 24.60 30.00 29.40 25.00 24.10 23.90 23.90 * 23.00 23.20 23.30 23.20 23.30 23.20 23.10 23.20 23.30 23.60 25.50 25.10 23.30 23.10 23.10 23.00 * 0
2018-01-16 15:49:18 24.10 23.70 23.70 23.80 23.20 23.50 23.50 23.90 23.90 24.50 29.90 29.30 25.00 24.00 23.90 23.80 * 23.10 23.30 23.30 23.30 23.30 23.30 23.20 23.40 23.40 23.60 25.50 25.10 23.30 23.20 23.20 23.10 * 0
2018-01-16 15:49:18 24.10 23.70 23.70 23.70 23.20 23.50 23.50 23.90 23.80 24.50 29.90 29.30 24.90 24.00 23.90 23.70 * 23.10 23.20 23.30 23.30 23.40 23.30 23.20 23.40 23.50 23.70 25.50 25.10 23.40 23.20 23.20 23.10 * 0
2018-01-16 15:49:19 24.10 23.70 23.80 23.70 23.20 23.40 23.50 23.90 23.80 24.60 30.10 29.40 24.90 24.00 23.90 23.90 * 23.00 23.20 23.30 23.30 23.30 23.30 23.20 23.30 23.50 23.70 25.60 25.10 23.40 23.20 23.30 23.10 * 0
2018-01-16 15:49:19 23.90 23.60 23.60 23.60 23.20 23.40 23.40 23.80 24.00 24.60 30.10 29.40 24.90 24.10 23.90 23.90 * 23.10 23.30 23.40 23.30 23.40 23.30 23.30 23.40 23.50 23.70 25.60 25.00 23.40 23.20 23.20 23.10 * 0
2018-01-16 15:49:19 24.00 23.60 23.60 23.60 23.20 23.50 23.40 23.80 23.90 24.60 30.10 29.50 25.00 24.10 24.00 23.90 * 23.10 23.30 23.30 23.30 23.40 23.30 23.10 23.40 23.30 23.60 25.50 24.80 23.20 23.00 23.10 23.00 * 0
2018-01-16 15:49:19 24.00 23.60 23.70 23.70 23.20 23.50 23.50 23.80 23.90 24.50 30.10 29.40 24.90 24.00 23.90 23.80 * 23.10 23.30 23.40 23.30 23.40 23.30 23.10 23.40 23.40 23.60 25.50 24.80 23.30 23.10 23.10 23.00 * 0
2018-01-16 15:49:20 24.00 23.60 23.70 23.70 23.20 23.50 23.50 23.90 23.90 24.50 30.10 29.40 24.90 24.00 23.90 23.80 * 23.10 23.30 23.40 23.30 23.40 23.30 23.20 23.40 23.40 23.70 25.60 25.00 23.30 23.20 23.20 23.10 * 0
2018-01-16 15:49:20 24.10 23.70 23.70 23.60 23.20 23.40 23.40 23.90 24.00 24.50 30.00 29.40 25.00 24.00 23.90 23.90 * 23.00 23.20 23.30 23.20 23.40 23.30 23.20 23.30 23.50 23.70 25.60 25.10 23.40 23.20 23.20 23.10 * 0
2018-01-16 15:49:20 24.10 23.70 23.70 23.70 23.20 23.40 23.40 23.90 23.90 24.50 29.20 29.20 26.20 24.10 24.00 23.90 * 23.00 23.30 23.30 23.20 23.40 23.30 23.20 23.30 23.60 23.80 25.70 25.20 23.50 23.30 23.30 23.20 * 0
2018-01-16 15:49:20 24.10 23.70 23.70 23.70 23.20 23.50 23.40 23.80 23.80 24.30 28.20 28.80 27.60 24.40 24.00 23.90 * 23.10 23.30 23.40 23.30 23.30 23.20 23.20 23.30 23.40 23.60 25.50 25.50 23.30 23.20 23.20 23.10 * 0
2018-01-16 15:49:21 24.10 23.70 23.70 23.70 23.10 23.40 23.40 23.70 23.80 24.30 27.60 28.30 28.50 25.00 24.00 23.90 * 23.10 23.30 23.40 23.30 23.30 23.20 23.20 23.30 23.40 23.60 25.40 25.50 23.30 23.20 23.20 23.10 * 0
2018-01-16 15:49:21 23.90 23.60 23.60 23.60 23.10 23.40 23.30 23.50 23.80 24.20 26.80 26.80 28.40 24.50 23.90 23.90 * 23.10 23.30 23.40 23.30 23.40 23.30 23.20 23.30 23.40 23.60 25.30 25.40 23.40 23.20 23.20 23.10 * 0
2018-01-16 15:49:21 24.00 23.60 23.60 23.60 23.10 23.40 23.30 23.50 23.80 24.10 26.40 26.80 27.60 25.60 24.00 23.90 * 23.00 23.30 23.40 23.30 23.30 23.30 23.30 23.80 23.70 24.30 25.30 23.90 23.30 23.20 23.20 23.00 * 0
2018-01-16 15:49:22 23.90 23.60 23.60 23.60 23.10 23.40 23.20 23.50 23.80 24.30 26.40 26.80 26.50 26.00 24.00 23.90 * 23.00 23.20 23.40 23.30 23.30 23.40 24.30 24.20 24.80 24.50 25.40 23.80 23.30 23.20 23.20 23.00 * 0
2018-01-16 15:49:22 23.90 23.60 23.60 23.60 23.10 23.40 23.30 24.60 24.10 25.50 27.20 27.00 25.50 24.60 24.00 23.90 * 23.10 23.20 23.40 23.30 23.30 23.60 25.30 24.10 25.50 24.30 24.70 23.60 23.20 23.10 23.10 22.90 * 0
2018-01-16 15:49:22 24.10 23.70 23.80 23.70 23.20 23.50 24.50 26.30 25.00 27.20 27.20 26.00 24.30 24.00 24.00 23.90 * 23.10 23.20 23.30 23.20 23.30 23.70 25.50 23.90 25.50 24.20 23.80 23.40 23.30 23.10 23.10 23.00 * 0
2018-01-16 15:49:22 24.10 23.70 23.80 23.70 23.30 23.70 25.40 26.20 26.30 26.70 25.50 23.90 23.90 24.00 23.90 23.90 * 23.10 23.30 23.50 23.70 23.80 24.00 25.60 23.80 25.60 24.00 23.50 23.50 23.40 23.20 23.20 23.10 * 0
2018-01-16 15:49:23 24.10 23.80 23.90 23.80 23.70 25.10 26.20 25.90 26.50 25.50 24.20 23.90 23.90 23.90 23.90 23.80 * 23.10 24.10 25.00 23.40 23.40 24.00 25.30 23.50 25.10 23.70 23.50 23.40 23.20 23.20 23.20 23.10 * 0
2018-01-16 15:49:23 24.10 23.90 24.20 24.40 25.40 26.50 25.80 24.70 25.50 24.30 23.80 23.90 23.90 23.90 23.90 23.80 * 23.20 24.20 25.10 23.40 23.50 24.20 24.20 23.20 24.00 23.30 23.40 23.40 23.20 23.20 23.20 23.00 * 0
2018-01-16 15:49:23 24.10 23.80 24.20 25.40 26.70 26.70 24.60 23.80 24.50 24.10 23.90 23.90 23.90 23.90 23.90 23.70 * 23.20 24.20 25.20 23.40 24.00 24.20 23.40 23.00 23.30 23.30 23.40 23.40 23.30 23.20 23.20 23.00 * 0
2018-01-16 15:49:23 24.00 23.70 23.80 25.70 26.40 26.60 23.90 23.60 24.40 24.00 23.90 23.90 23.90 24.00 23.90 23.80 * 23.20 24.20 25.20 23.40 24.90 24.20 23.20 22.90 23.20 23.20 23.40 23.40 23.20 23.20 23.20 23.00 * 0
2018-01-16 15:49:24 24.10 23.80 23.90 24.80 26.10 26.50 24.60 23.70 25.10 24.00 23.90 23.90 23.90 23.90 23.80 23.70 * 23.30 23.90 24.50 23.60 25.50 24.20 23.30 23.10 23.20 23.20 23.40 23.40 23.30 23.10 23.10 23.00 * 0
2018-01-16 15:49:24 24.20 23.90 24.00 24.00 25.20 26.40 25.60 24.00 25.70 24.00 23.80 23.90 23.90 23.90 23.80 23.70 * 23.20 23.50 23.70 23.60 25.30 24.30 23.60 23.20 23.60 23.60 23.40 23.40 23.20 23.10 23.10 23.00 * 0
2018-01-16 15:49:24 24.10 23.80 23.90 23.80 23.80 26.00 26.10 24.40 26.30 24.50 23.90 23.90 24.00 23.90 23.80 23.90 * 23.20 23.50 23.50 23.50 25.30 24.30 23.70 23.70 23.60 24.00 24.20 23.50 23.10 23.00 23.00 22.80 * 0
2018-01-16 15:49:25 24.10 23.80 23.80 23.80 23.30 24.60 25.90 25.30 26.00 25.80 24.60 24.00 24.00 24.00 23.90 23.90 * 23.20 23.40 23.40 23.30 24.90 24.10 23.30 23.90 23.20 24.00 25.30 23.70 23.10 23.00 23.00 22.80 * 0
2018-01-16 15:49:25 24.00 23.60 23.70 23.60 23.10 23.50 23.40 24.50 23.90 24.70 26.50 26.10 24.80 24.10 24.00 23.90 * 23.20 23.40 23.50 23.30 23.50 23.40 23.30 23.80 23.40 24.10 25.70 24.50 24.10 23.10 23.20 23.10 * 0
2018-01-16 15:49:25 24.00 23.70 23.70 23.70 23.20 23.50 23.40 23.70 23.80 24.10 25.20 26.50 25.90 24.60 24.00 23.90 * 23.20 23.50 23.50 23.40 23.50 23.40 23.30 23.70 23.40 23.90 25.80 24.60 25.10 23.30 23.20 23.10 * 0
2018-01-16 15:49:25 24.10 23.70 23.80 23.70 23.30 23.50 23.40 23.70 23.80 24.00 24.20 25.90 26.30 25.70 24.10 23.90 * 23.10 23.30 23.40 23.30 23.50 23.40 23.20 23.40 23.30 23.50 25.10 24.20 25.20 23.30 23.20 23.10 * 0
2018-01-16 15:49:26 24.00 23.70 23.70 23.70 23.20 23.40 23.40 23.50 23.80 24.00 23.90 24.40 26.30 26.50 24.40 23.90 * 23.10 23.30 23.40 23.40 23.50 23.40 23.20 23.20 23.30 23.30 24.50 24.00 25.20 23.30 23.20 23.10 * 0
2018-01-16 15:49:26 23.90 23.60 23.60 23.70 23.10 23.40 23.30 23.40 23.80 24.00 24.00 24.50 26.30 26.40 24.40 23.90 * 23.20 23.40 23.50 23.40 23.50 23.40 23.20 23.70 23.40 24.00 25.10 23.80 25.10 23.20 23.20 23.10 * 0
2018-01-16 15:49:26 23.90 23.60 23.60 23.60 23.20 23.40 23.30 23.50 23.80 24.00 24.00 25.10 26.40 26.20 24.20 23.90 * 23.20 23.30 23.40 23.30 23.40 23.30 23.20 23.80 23.30 24.00 25.30 23.80 25.10 23.20 23.20 23.10 * 0
2018-01-16 15:49:26 24.00 23.70 23.70 23.60 23.20 23.50 23.30 23.60 23.90 24.10 24.10 26.00 26.50 25.30 24.10 23.90 * 23.10 23.30 23.30 23.20 23.40 23.20 23.10 23.70 23.30 24.00 25.30 24.10 24.50 23.20 23.20 23.00 * 0
2018-01-16 15:49:27 24.00 23.70 23.70 23.70 23.20 23.50 23.30 23.60 23.80 24.10 24.80 26.50 26.20 24.30 24.00 23.80 * 23.00 23.20 23.30 23.20 23.30 23.20 23.10 23.80 23.60 24.20 25.20 24.00 23.50 23.20 23.10 23.00 * 0
2018-01-16 15:49:27 24.10 23.70 23.70 23.70 23.20 23.50 23.40 24.10 23.90 24.80 26.30 25.70 24.20 24.00 23.90 23.90 * 23.00 23.20 23.30 23.20 23.40 23.70 23.60 23.90 24.00 24.20 25.10 23.50 23.30 23.20 23.20 23.00 * 0
2018-01-16 15:49:27 24.10 23.70 23.70 23.80 23.20 23.50 23.70 25.00 24.40 25.80 26.00 24.50 23.90 23.90 23.90 23.90 * 23.10 23.30 23.40 23.30 24.10 25.60 23.80 23.60 23.90 23.60 23.60 23.40 23.20 23.10 23.10 23.00 * 0
2018-01-16 15:49:27 24.10 23.70 23.70 23.80 23.20 23.50 24.80 25.80 25.70 26.20 24.90 23.90 23.90 23.90 23.90 23.80 * 23.10 23.30 23.40 23.60 24.40 25.70 23.80 23.20 23.90 23.30 23.40 23.40 23.20 23.10 23.10 23.00 * 0
2018-01-16 15:49:28 24.20 23.80 23.80 23.70 23.20 24.40 26.00 25.80 26.60 25.90 24.10 23.90 24.00 24.00 23.90 23.80 * 23.20 23.40 23.90 24.60 24.50 25.70 23.90 23.10 23.80 23.30 23.40 23.40 23.20 23.10 23.10 23.00 * 0
2018-01-16 15:49:28 24.20 23.80 23.80 23.80 23.50 25.80 26.20 25.20 26.40 24.90 23.90 23.90 23.90 24.00 23.90 23.80 * 23.20 23.40 24.30 25.10 24.30 25.70 23.80 23.10 23.80 23.20 23.40 23.40 23.20 23.10 23.10 23.00 * 0
2018-01-16 15:49:28 24.10 23.70 23.80 23.80 26.00 26.30 24.70 23.80 24.70 24.00 23.80 23.80 23.90 23.90 23.80 23.80 * 23.20 23.40 24.40 25.10 24.40 25.10 23.60 23.10 23.50 23.30 23.40 23.40 23.30 23.10 23.10 23.00 * 0
2018-01-16 15:49:28 24.10 23.70 23.80 24.00 26.30 26.30 24.00 23.70 24.20 23.90 23.80 23.80 23.90 23.90 23.80 23.80 * 23.10 23.30 24.30 24.90 24.60 23.40 23.20 22.90 23.30 23.30 23.40 23.50 23.30 23.10 23.20 23.00 * 0
2018-01-16 15:49:29 24.10 23.70 23.80 24.20 26.30 26.30 23.80 23.70 23.90 23.90 23.80 23.80 23.90 23.80 23.70 23.70 * 23.20 23.50 24.40 25.20 24.70 23.50 23.30 23.00 23.20 23.30 23.50 23.40 23.30 23.10 23.20 23.00 * 0
2018-01-16 15:49:29 24.00 23.70 23.70 24.40 26.30 26.10 23.60 23.60 24.00 24.00 23.80 23.80 23.90 23.90 23.80 23.80 * 23.20 23.50 24.40 25.20 24.80 23.40 23.30 23.10 23.30 23.30 23.50 23.50 23.40 23.10 23.20 23.10 * 0
2018-01-16 15:49:29 24.00 23.70 23.70 24.50 26.30 26.00 23.60 23.60 23.90 24.00 23.80 23.80 23.90 23.90 23.90 23.80 * 23.20 23.40 24.40 25.10 24.60 23.40 23.20 23.00 23.40 23.40 23.50 23.60 23.40 23.30 23.30 23.20 * 0
2018-01-16 15:49:30 24.10 23.80 23.80 24.70 26.40 25.90 23.60 23.60 23.80 23.90 23.80 23.80 23.90 23.80 23.90 23.80 * 23.10 23.40 24.30 25.10 24.20 23.30 23.10 23.00 23.20 23.30 23.40 23.50 23.30 23.20 23.20 23.10 * 0
2018-01-16 15:49:30 24.10 23.80 23.90 24.90 26.40 25.80 23.60 23.60 23.90 24.00 23.80 23.80 23.90 23.80 23.90 23.90 * 23.10 23.50 24.60 25.10 23.60 23.30 23.10 23.00 23.30 23.30 23.40 23.50 23.20 23.10 23.10 23.00 * 0
2018-01-16 15:49:30 24.10 23.70 23.90 25.20 26.30 25.40 23.50 23.60 23.80 24.00 23.80 23.90 23.90 23.80 23.90 23.80 * 23.30 24.00 25.00 25.20 23.50 23.30 23.10 23.00 23.30 23.20 23.40 23.50 23.30 23.10 23.10 23.10 * 0
2018-01-16 15:49:30 24.20 23.90 24.50 26.20 26.00 24.00 23.60 23.70 23.90 24.00 23.80 23.80 23.90 23.90 23.80 23.80 * 23.30 24.40 25.00 25.10 23.40 23.20 23.10 23.00 23.20 23.20 23.40 23.40 23.30 23.10 23.10 23.00 * 0
2018-01-16 15:49:31 24.20 24.00 25.60 26.40 25.90 23.70 23.50 23.70 23.90 24.00 23.80 23.90 23.90 23.90 23.90 23.80 * 23.60 24.50 24.30 23.30 23.30 23.20 23.10 22.90 23.30 23.20 23.40 23.40 23.30 23.10 23.10 23.00 * 0
