2018-01-16 16:58:43 24.00 23.90 25.00 26.30 26.10 24.70 23.30 23.30 23.60 23.70 23.90 23.90 23.90 23.90 24.00 23.90 * 25.20 26.10 24.90 23.20 23.40 23.50 23.40 23.20 23.30 23.30 23.50 23.40 23.20 23.10 23.10 23.00 * 1
2018-01-16 16:58:44 24.10 24.90 26.10 26.40 24.90 23.60 23.20 23.30 23.50 23.70 23.80 23.90 23.80 23.90 23.90 23.90 * 24.80 25.20 23.80 23.30 23.50 23.60 23.60 23.40 23.30 23.40 23.60 23.50 23.30 23.10 23.10 23.00 * 1
2018-01-16 16:58:44 24.60 26.40 27.00 26.30 23.70 23.50 23.30 23.50 23.60 23.80 23.80 24.00 23.90 23.90 23.90 23.90 * 24.70 24.60 23.40 23.30 23.50 23.60 23.50 23.30 23.50 23.60 23.70 23.60 23.40 23.30 23.20 23.10 * 1
2018-01-16 16:58:44 24.60 26.40 26.60 26.10 23.90 23.50 23.30 23.50 23.70 23.90 24.00 24.00 23.90 24.00 24.10 24.00 * 24.80 24.00 23.30 23.30 23.50 23.60 23.50 23.30 23.50 23.60 23.60 23.60 23.30 23.30 23.30 23.20 * 1
2018-01-16 16:58:44 24.50 26.50 26.10 25.80 23.50 23.30 23.10 23.40 23.60 23.70 23.80 23.90 23.80 23.90 24.00 23.90 * 24.70 23.70 23.30 23.20 23.40 23.60 23.50 23.30 23.50 23.60 23.70 23.60 23.30 23.20 23.20 23.20 * 1
2018-01-16 16:58:45 24.50 26.40 26.10 25.30 23.30 23.50 23.30 23.50 23.70 23.70 23.80 23.90 23.90 23.90 23.90 23.90 * 24.50 23.90 23.30 23.20 23.40 23.60 23.50 23.30 23.50 23.60 23.70 23.70 23.40 23.20 23.20 23.30 * 1
2018-01-16 16:58:45 24.30 25.90 26.00 25.10 23.30 23.50 23.30 23.60 23.70 23.70 23.90 23.90 23.90 24.00 24.00 23.90 * 24.00 24.10 23.30 23.20 23.40 23.50 23.40 23.30 23.50 23.50 23.60 23.60 23.30 23.20 23.20 23.20 * 1
2018-01-16 16:58:45 24.30 25.50 26.00 25.10 23.30 23.40 23.20 23.50 23.60 23.70 23.90 23.80 23.80 23.90 24.00 23.90 * 23.90 23.90 23.30 23.20 23.40 23.50 23.50 23.30 23.30 23.40 23.50 23.40 23.20 23.10 23.10 23.00 * 1
2018-01-16 16:58:45 24.20 24.90 26.20 25.30 23.30 23.50 23.30 23.50 23.70 23.70 23.90 23.90 23.80 24.00 24.10 24.00 * 23.80 23.70 23.50 23.40 23.30 23.50 23.40 23.20 23.20 23.40 23.50 23.30 23.10 23.00 23.00 22.90 * 1
2018-01-16 16:58:46 24.10 24.00 25.00 26.10 24.70 23.60 23.40 23.50 23.60 23.60 23.80 23.90 23.80 23.90 24.10 23.90 * 23.60 23.70 23.50 23.90 23.40 23.50 23.40 23.20 23.40 23.50 23.60 23.50 23.20 23.20 23.20 23.10 * 1
2018-01-16 16:58:46 24.00 23.80 23.90 24.80 25.70 24.40 23.50 23.50 23.70 23.70 23.90 23.90 23.80 24.00 24.10 24.00 * 23.20 23.30 23.40 24.10 23.70 23.60 23.50 23.30 23.50 23.60 23.70 23.50 23.40 23.20 23.20 23.20 * 1
2018-01-16 16:58:46 23.80 23.60 23.70 23.70 25.30 25.50 23.80 23.50 24.50 23.80 23.90 23.90 23.90 24.00 24.00 24.00 * 23.10 23.20 23.20 23.60 23.70 23.80 23.50 23.30 23.60 23.60 23.70 23.60 23.40 23.20 23.30 23.20 * 1
2018-01-16 16:58:46 23.80 23.50 23.60 23.60 24.20 26.20 24.10 23.60 25.10 23.70 23.80 23.80 23.80 23.90 23.90 23.90 * 23.20 23.20 23.20 23.30 23.50 24.10 23.60 23.30 23.80 23.60 23.70 23.70 23.40 23.30 23.30 23.20 * 1
2018-01-16 16:58:47 23.80 23.60 23.60 23.60 23.20 25.50 25.20 23.80 25.80 23.90 23.80 23.90 23.80 23.90 23.90 23.90 * 23.20 23.20 23.30 23.40 23.70 24.20 23.80 23.30 23.80 23.50 23.60 23.60 23.30 23.20 23.30 23.10 * 1
2018-01-16 16:58:47 23.80 23.60 23.60 23.60 23.20 24.10 23.90 23.70 25.10 24.20 24.10 24.10 24.00 24.10 24.20 24.20 * 23.30 23.40 23.50 24.20 24.60 24.40 23.90 23.50 23.80 23.50 23.70 23.60 23.30 23.20 23.20 23.10 * 1
2018-01-16 16:58:47 23.90 23.70 23.70 23.60 23.20 23.40 23.20 23.40 23.60 23.60 23.80 23.90 23.90 24.00 24.00 23.90 * 23.30 23.40 24.10 25.30 25.10 24.20 23.70 23.40 23.60 23.40 23.50 23.50 23.30 23.20 23.20 23.00 * 1
2018-01-16 16:58:48 23.80 23.60 23.60 23.60 23.20 23.30 23.10 23.40 23.50 23.60 23.80 23.80 23.90 23.90 24.00 23.90 * 23.40 23.60 24.60 25.30 25.10 24.40 23.80 23.40 23.60 23.40 23.50 23.40 23.20 23.10 23.10 23.00 * 1
2018-01-16 16:58:48 23.90 23.60 23.70 23.60 23.20 23.40 23.20 23.40 23.60 23.70 23.80 23.80 23.80 23.90 24.00 23.90 * 23.30 23.50 24.60 25.20 25.10 24.60 23.80 23.30 23.80 23.50 23.60 23.50 23.30 23.20 23.20 23.10 * 1
2018-01-16 16:58:48 24.00 23.60 23.70 23.70 23.30 23.40 23.20 23.40 23.70 23.70 23.90 23.90 23.90 24.00 24.00 24.00 * 23.20 23.50 24.80 25.20 25.20 24.80 23.80 23.40 23.90 23.50 23.70 23.60 23.40 23.30 23.30 23.20 * 1
2018-01-16 16:58:48 23.90 23.60 23.60 23.60 23.20 23.40 23.20 23.40 23.70 23.70 23.80 23.90 23.90 23.90 23.90 24.00 * 23.20 23.50 25.00 25.40 25.20 24.90 23.80 23.40 23.80 23.50 23.70 23.60 23.40 23.20 23.20 23.20 * 1
2018-01-16 16:58:49 23.90 23.60 23.60 23.60 23.20 23.40 23.20 23.40 23.70 23.70 23.90 23.90 23.90 23.90 24.00 24.00 * 23.30 23.50 25.20 25.40 25.20 24.90 23.80 23.40 23.90 23.50 23.60 23.60 23.40 23.30 23.20 23.20 * 1
2018-01-16 16:58:49 24.00 23.60 23.70 23.60 23.20 23.50 23.30 23.50 23.60 23.70 23.80 23.90 23.80 23.90 24.00 23.90 * 23.30 23.50 25.20 25.40 25.20 24.90 23.90 23.40 23.90 23.60 23.60 23.60 23.40 23.30 23.20 23.20 * 1
2018-01-16 16:58:49 24.00 23.80 23.80 23.70 23.30 23.50 23.30 23.60 23.70 23.70 23.90 23.90 23.90 24.00 24.00 24.00 * 23.40 23.60 25.30 25.40 25.20 25.00 24.00 23.50 23.90 23.60 23.60 23.60 23.40 23.30 23.20 23.20 * 1
2018-01-16 16:58:49 23.90 23.60 23.70 23.60 23.20 23.40 23.30 23.50 23.80 23.80 24.00 23.90 24.00 24.10 24.10 24.10 * 23.30 23.50 25.20 25.40 25.30 25.00 23.90 23.30 23.90 23.40 23.50 23.50 23.30 23.20 23.20 23.10 * 1
2018-01-16 16:58:50 23.90 23.60 23.60 23.60 23.20 23.40 23.30 23.50 23.60 23.60 23.80 23.90 23.80 23.90 24.00 23.90 * 23.20 23.50 25.20 25.40 25.20 24.90 23.90 23.30 23.90 23.40 23.50 23.40 23.20 23.10 23.10 23.10 * 1
2018-01-16 16:58:50 24.00 23.70 23.70 23.70 23.20 23.40 23.20 23.60 23.60 23.70 23.90 24.00 23.80 24.00 24.00 24.00 * 23.30 23.50 25.20 25.50 25.20 25.00 23.90 23.40 23.90 23.50 23.60 23.50 23.20 23.20 23.20 23.20 * 1
2018-01-16 16:58:50 23.90 23.60 23.60 23.70 23.20 23.30 23.20 23.40 23.70 23.80 24.00 24.00 24.00 24.10 24.10 24.10 * 23.40 23.60 25.30 25.60 25.30 25.10 23.90 23.40 23.90 23.40 23.60 23.50 23.30 23.10 23.10 23.10 * 1
2018-01-16 16:58:51 23.80 23.60 23.60 23.60 23.10 23.30 23.20 23.30 23.70 23.80 23.90 24.00 24.00 24.10 24.10 24.10 * 23.30 23.60 25.20 25.40 25.20 25.10 23.90 23.50 24.00 23.50 23.70 23.50 23.40 23.20 23.20 23.20 * 1
2018-01-16 16:58:51 23.80 23.60 23.50 23.50 23.10 23.30 23.10 23.30 23.70 23.80 23.90 24.00 24.00 24.00 24.10 24.10 * 23.30 23.60 25.20 25.50 25.30 25.10 23.90 23.50 24.00 23.60 23.70 23.60 23.40 23.20 23.20 23.20 * 1
2018-01-16 16:58:51 23.90 23.70 23.60 23.60 23.20 23.40 23.20 23.40 23.70 23.80 24.00 24.00 24.00 24.00 24.10 24.10 * 23.30 23.50 25.20 25.50 25.30 25.00 23.90 23.40 24.00 23.60 23.70 23.70 23.40 23.30 23.20 23.20 * 1
2018-01-16 16:58:51 23.90 23.70 23.70 23.70 23.20 23.40 23.30 23.50 23.80 23.80 24.00 24.10 24.00 24.10 24.10 24.20 * 23.30 23.50 25.20 25.40 25.30 25.00 23.90 23.40 24.00 23.50 23.60 23.60 23.40 23.20 23.20 23.20 * 1
2018-01-16 16:58:52 23.90 23.70 23.70 23.60 23.20 23.40 23.30 23.50 23.70 23.80 23.90 24.00 24.00 24.10 24.10 24.10 * 23.20 23.50 25.20 25.40 25.20 25.00 23.90 23.40 23.90 23.50 23.50 23.50 23.30 23.10 23.20 23.10 * 1
2018-01-16 16:58:52 23.90 23.60 23.70 23.60 23.20 23.30 23.20 23.50 23.70 23.80 23.90 24.00 24.00 24.10 24.10 24.00 * 23.20 23.50 25.20 25.50 25.20 25.00 23.90 23.40 23.90 23.50 23.60 23.50 23.30 23.20 23.20 23.20 * 1
2018-01-16 16:58:52 24.10 23.80 23.70 23.70 23.20 23.50 23.30 23.50 23.70 23.90 24.00 24.10 24.00 24.10 24.10 24.00 * 23.30 23.60 25.20 25.50 25.30 25.10 24.00 23.50 24.00 23.50 23.70 23.50 23.30 23.30 23.20 23.20 * 1
2018-01-16 16:58:52 24.00 23.70 23.70 23.70 23.20 23.40 23.30 23.50 23.70 23.90 23.90 24.00 24.00 24.00 24.10 24.00 * 23.30 23.60 25.20 25.40 25.30 25.10 24.00 23.50 24.00 23.50 23.70 23.60 23.40 23.30 23.20 23.20 * 1
2018-01-16 16:58:53 23.90 23.60 23.60 23.60 23.20 23.30 23.20 23.40 23.60 23.80 23.80 23.90 23.90 23.90 24.00 23.80 * 23.30 23.60 25.20 25.40 25.30 25.10 23.90 23.40 24.00 23.50 23.60 23.50 23.40 23.20 23.20 23.20 * 1
2018-01-16 16:58:53 23.80 23.60 23.60 23.60 23.20 23.30 23.20 23.30 23.60 23.80 23.90 23.90 23.90 24.00 24.00 24.00 * 23.30 23.50 25.20 25.40 25.30 25.10 23.90 23.40 24.00 23.60 23.60 23.50 23.40 23.30 23.30 23.20 * 1
2018-01-16 16:58:53 23.90 23.60 23.60 23.60 23.20 23.30 23.20 23.30 23.60 23.70 23.90 23.90 23.80 24.00 24.00 24.00 * 23.40 23.60 25.30 25.50 25.30 25.10 24.00 23.50 24.00 23.60 23.70 23.60 23.40 23.30 23.30 23.20 * 1
2018-01-16 16:58:53 23.80 23.60 23.60 23.50 23.10 23.40 23.10 23.30 23.60 23.70 23.90 23.90 23.80 24.00 24.00 23.90 * 23.30 23.60 25.30 25.50 25.30 25.10 24.00 23.60 24.10 23.50 23.60 23.60 23.40 23.20 23.20 23.20 * 1
2018-01-16 16:58:54 23.80 23.60 23.60 23.50 23.10 23.30 23.10 23.40 23.70 23.70 23.90 23.90 23.90 24.00 24.00 23.90 * 23.20 23.50 25.10 25.40 25.20 25.00 24.00 23.50 24.10 23.50 23.60 23.50 23.30 23.20 23.20 23.10 * 1
2018-01-16 16:58:54 23.90 23.60 23.60 23.60 23.20 23.30 23.20 23.40 23.70 23.70 23.80 23.90 23.90 24.00 24.00 23.90 * 23.30 23.50 24.60 25.30 25.30 25.10 24.20 23.60 24.20 23.50 23.60 23.50 23.30 23.20 23.20 23.10 * 1
2018-01-16 16:58:54 23.90 23.70 23.60 23.60 23.20 23.30 23.20 23.40 23.70 23.70 23.90 23.90 23.90 24.00 24.00 23.90 * 23.30 23.60 24.50 25.30 25.20 25.10 24.20 23.60 24.20 23.50 23.60 23.50 23.30 23.20 23.20 23.20 * 1
2018-01-16 16:58:55 23.90 23.60 23.70 23.60 23.20 23.40 23.20 23.50 23.60 23.70 23.90 23.90 23.90 23.90 24.00 23.90 * 23.20 23.50 24.40 25.20 25.20 25.00 24.10 23.40 24.20 23.50 23.70 23.60 23.40 23.30 23.20 23.20 * 1
2018-01-16 16:58:55 23.90 23.70 23.70 23.60 23.20 23.40 23.30 23.40 23.60 23.60 23.80 23.90 23.80 23.90 23.90 23.90 * 23.30 23.50 24.50 25.20 25.20 25.00 24.20 23.50 24.10 23.50 23.60 23.60 23.40 23.20 23.20 23.10 * 1
2018-01-16 16:58:55 24.00 23.70 23.70 23.60 23.30 23.40 23.20 23.40 23.70 23.80 23.90 24.00 23.90 24.00 24.00 23.90 * 23.30 23.50 24.50 25.20 25.30 25.00 24.20 23.40 24.30 23.60 23.60 23.60 23.30 23.30 23.20 23.20 * 1
2018-01-16 16:58:55 23.90 23.70 23.70 23.60 23.20 23.40 23.20 23.50 23.60 23.70 23.80 23.90 23.90 23.90 24.00 23.90 * 23.30 23.50 24.50 25.20 25.30 25.10 24.20 23.40 24.30 23.60 23.60 23.60 23.40 23.30 23.20 23.20 * 1
2018-01-16 16:58:56 23.90 23.70 23.60 23.60 23.20 23.40 23.10 23.40 23.60 23.60 23.80 23.90 23.90 23.90 23.90 23.90 * 23.30 23.50 24.60 25.30 25.30 25.10 24.20 23.50 24.20 23.50 23.60 23.50 23.30 23.30 23.20 23.10 * 1
2018-01-16 16:58:56 23.80 23.50 23.60 23.60 23.10 23.30 23.00 23.30 23.70 23.70 23.90 23.90 24.00 24.00 24.00 24.00 * 23.20 23.40 24.50 25.20 25.20 24.90 24.10 23.40 24.10 23.40 23.60 23.50 23.30 23.10 23.10 23.10 * 1
2018-01-16 16:58:56 23.80 23.50 23.50 23.50 23.10 23.30 23.00 23.30 23.60 23.70 23.80 23.90 23.80 23.90 24.00 23.90 * 23.40 23.50 24.60 25.30 25.30 25.10 24.30 23.50 24.20 23.50 23.70 23.60 23.40 23.30 23.20 23.30 * 1
2018-01-16 16:58:56 23.80 23.60 23.50 23.50 23.10 23.30 23.10 23.30 23.60 23.70 23.80 23.90 23.80 24.00 24.00 24.00 * 23.40 23.50 24.60 25.30 25.20 25.10 24.20 23.50 24.30 23.60 23.80 23.70 23.40 23.30 23.30 23.40 * 1
2018-01-16 16:58:57 23.90 23.60 23.60 23.50 23.20 23.40 23.20 23.30 23.60 23.70 23.80 23.90 23.90 23.90 24.00 24.00 * 23.30 23.40 24.60 25.30 25.20 25.00 24.10 23.40 24.20 23.60 23.80 23.60 23.40 23.20 23.20 23.30 * 1
2018-01-16 16:58:57 23.80 23.60 23.60 23.60 23.20 23.40 23.20 23.30 23.60 23.70 23.80 23.90 23.90 23.90 24.00 23.90 * 23.30 23.50 24.50 25.30 25.20 25.00 24.20 23.40 24.10 23.50 23.70 23.60 23.40 23.10 23.20 23.20 * 1
2018-01-16 16:58:57 23.90 23.60 23.60 23.70 23.20 23.40 23.20 23.40 23.60 23.70 23.80 23.90 24.00 23.90 24.00 23.90 * 23.20 23.40 24.50 25.20 25.20 24.90 24.20 23.40 24.10 23.60 23.60 23.60 23.30 23.20 23.20 23.10 * 1
2018-01-16 16:58:58 23.90 23.60 23.70 23.60 23.20 23.40 23.20 23.50 23.60 23.70 23.90 23.90 24.00 24.00 24.00 24.00 * 23.30 23.40 24.50 25.20 25.20 24.90 24.20 23.50 24.20 23.60 23.60 23.60 23.40 23.30 23.30 23.20 * 1
2018-01-16 16:58:58 23.90 23.60 23.80 23.60 23.20 23.40 23.20 23.50 23.60 23.70 23.90 23.90 23.90 24.00 24.00 24.00 * 23.30 23.50 24.50 25.20 25.20 25.00 24.20 23.50 24.20 23.60 23.60 23.60 23.40 23.30 23.40 23.20 * 1
2018-01-16 16:58:58 23.80 23.60 23.60 23.60 23.20 23.30 23.20 23.30 23.70 23.70 23.80 23.90 23.90 24.00 24.00 23.90 * 23.20 23.50 24.50 25.20 25.20 25.00 24.10 23.40 24.20 23.60 23.70 23.60 23.40 23.30 23.40 23.30 * 1
2018-01-16 16:58:58 23.80 23.60 23.60 23.60 23.20 23.30 23.20 23.30 23.80 23.90 24.10 24.10 24.10 24.20 24.20 24.20 * 23.20 23.50 24.50 25.20 25.20 25.00 24.10 23.40 24.20 23.60 23.70 23.60 23.40 23.30 23.30 23.30 * 1
2018-01-16 16:58:59 23.80 23.60 23.60 23.60 23.20 23.30 23.10 23.30 23.70 23.80 24.00 24.00 24.00 24.10 24.10 24.10 * 23.30 23.50 24.50 25.30 25.20 25.00 24.20 23.50 24.20 23.60 23.60 23.60 23.40 23.20 23.30 23.20 * 1
2018-01-16 16:58:59 23.80 23.60 23.60 23.50 23.20 23.30 23.10 23.30 23.70 23.80 23.90 24.00 24.00 24.10 24.10 24.00 * 23.40 23.50 24.60 25.30 25.30 25.00 24.20 23.50 24.20 23.50 23.60 23.60 23.30 23.20 23.20 23.10 * 1
2018-01-16 16:58:59 23.80 23.60 23.60 23.50 23.20 23.30 23.10 23.30 23.80 23.80 24.00 24.00 24.00 24.10 24.10 24.10 * 23.40 23.50 24.60 25.30 25.30 25.00 24.20 23.50 24.20 23.50 23.60 23.60 23.30 23.20 23.20 23.10 * 1
2018-01-16 16:58:59 23.80 23.60 23.60 23.60 23.10 23.30 23.20 23.30 23.50 23.60 23.70 23.80 23.80 23.90 23.90 23.90 * 23.30 23.50 24.50 25.20 25.10 24.90 24.10 23.40 24.20 23.40 23.60 23.50 23.30 23.20 23.20 23.20 * 1
