2018-01-16 15:48:18 24.40 25.10 26.50 25.90 23.30 24.20 23.60 23.60 23.80 24.00 23.90 23.90 23.90 23.90 23.90 23.80 * 23.30 24.70 23.60 23.20 23.20 23.10 23.00 22.80 23.00 23.00 23.30 23.20 23.10 23.00 22.90 22.80 * 0
2018-01-16 15:48:19 24.40 25.20 26.70 25.50 24.10 23.80 23.40 23.60 23.80 24.00 23.90 23.90 23.90 24.00 23.90 23.90 * 23.40 24.70 23.40 23.30 23.40 23.20 23.10 23.00 23.00 23.10 23.30 23.30 23.10 23.00 23.00 22.90 * 0
2018-01-16 15:48:19 24.80 27.50 26.40 26.90 23.70 23.60 23.50 23.70 23.80 24.00 23.90 24.00 23.90 24.00 23.90 23.90 * 23.50 24.50 23.50 23.40 23.50 23.30 23.20 23.10 23.20 23.20 23.30 23.40 23.20 23.10 23.10 22.90 * 0
2018-01-16 15:48:19 24.70 27.30 26.50 26.50 24.40 23.60 23.50 23.60 23.70 23.90 23.80 23.90 23.90 23.90 23.90 23.80 * 23.40 24.70 24.30 23.50 23.40 23.20 23.20 23.10 23.20 23.20 23.30 23.50 23.20 23.10 23.10 22.90 * 0
2018-01-16 15:48:20 24.50 25.70 27.90 25.80 24.80 25.00 23.60 23.60 23.80 24.00 23.80 23.80 23.90 23.80 23.80 23.70 * 23.30 24.50 24.90 23.50 23.30 23.20 23.20 23.00 23.10 23.10 23.30 23.40 23.20 23.10 23.10 22.90 * 0
2018-01-16 15:48:20 24.30 24.40 28.40 26.60 24.90 26.80 23.70 23.70 24.00 24.00 23.90 23.90 24.00 24.00 23.90 23.80 * 23.20 24.00 25.10 23.70 23.60 23.30 23.20 22.90 23.10 23.10 23.20 23.20 23.10 22.90 23.00 22.80 * 0
2018-01-16 15:48:20 24.20 24.00 25.90 26.90 26.60 27.30 24.50 23.80 25.10 24.70 24.00 23.80 23.90 23.90 23.80 23.80 * 23.20 23.90 25.10 23.70 23.70 23.60 23.70 23.50 23.70 24.00 23.40 23.20 23.10 22.90 23.00 22.80 * 0
2018-01-16 15:48:20 24.20 23.80 23.90 23.90 24.30 25.00 25.50 26.00 26.40 25.70 25.00 25.10 23.90 23.90 23.90 23.80 * 23.30 23.80 24.70 23.70 23.50 23.60 24.10 24.80 23.80 25.40 24.50 23.40 23.10 22.90 22.90 22.80 * 0
2018-01-16 15:48:21 24.10 23.70 23.80 23.70 23.30 23.70 24.30 25.50 24.30 25.60 28.50 27.30 25.70 24.70 24.00 23.90 * 23.20 23.40 23.30 23.30 23.40 23.40 23.80 25.30 23.90 25.50 24.60 23.80 23.80 23.80 23.40 22.90 * 0
2018-01-16 15:48:21 24.10 23.70 23.80 23.70 23.30 23.50 23.50 24.20 24.00 24.50 26.40 27.10 27.40 26.70 24.40 23.90 * 23.20 23.40 23.30 23.30 23.40 23.30 23.70 25.30 23.90 25.70 24.60 23.70 23.90 24.80 24.50 23.20 * 0
2018-01-16 15:48:21 24.10 23.70 23.70 23.70 23.20 23.50 23.40 23.50 23.80 24.00 24.00 25.10 26.50 27.20 25.90 24.40 * 23.20 23.40 23.40 23.40 23.40 23.30 23.40 24.50 23.60 24.80 24.70 23.60 23.40 25.00 25.20 23.40 * 0
2018-01-16 15:48:21 24.00 23.70 23.70 23.70 23.20 23.40 23.40 23.50 23.80 24.00 23.80 23.90 24.50 25.70 26.80 25.90 * 23.20 23.40 23.40 23.30 23.40 23.30 23.10 23.30 23.30 23.60 24.10 23.80 23.80 25.00 25.10 23.40 * 0
2018-01-16 15:48:22 24.00 23.60 23.60 23.60 23.10 23.40 23.40 23.50 23.80 24.00 23.80 23.90 23.90 24.40 26.00 26.60 * 23.20 23.40 23.30 23.30 23.40 23.30 23.10 22.90 23.10 23.20 23.40 23.40 23.20 24.80 25.30 24.20 * 0
2018-01-16 15:48:22 23.90 23.60 23.60 23.70 23.10 23.40 23.40 23.50 23.70 24.00 23.70 23.90 23.90 23.90 24.00 25.10 * 23.20 23.40 23.40 23.30 23.40 23.30 23.20 23.10 23.10 23.20 23.40 23.40 23.30 24.20 25.10 23.90 * 0
2018-01-16 15:48:22 23.90 23.60 23.60 23.70 23.10 23.40 23.40 23.50 23.60 24.00 23.80 23.80 23.90 23.90 23.90 24.10 * 23.20 23.50 23.50 23.40 23.50 23.40 23.20 23.10 23.20 23.30 23.50 23.50 23.40 23.50 24.70 23.70 * 0
2018-01-16 15:48:22 24.00 23.60 23.60 23.70 23.20 23.40 23.40 23.60 23.60 23.90 23.80 23.80 23.90 23.90 23.80 23.80 * 23.20 23.40 23.50 23.40 23.40 23.40 23.20 23.00 23.10 23.20 23.40 23.40 23.30 23.20 24.20 23.70 * 0
2018-01-16 15:48:23 24.10 23.60 23.60 23.70 23.20 23.40 23.40 23.50 23.70 23.90 23.70 23.80 23.80 23.80 23.80 23.80 * 23.20 23.30 23.50 23.30 23.40 23.30 23.20 23.00 23.00 23.10 23.30 23.30 23.10 23.10 23.70 24.10 * 0
2018-01-16 15:48:23 24.10 23.70 23.70 23.70 23.20 23.40 23.40 23.50 23.60 23.80 23.70 23.70 23.80 23.80 23.70 23.80 * 23.20 23.30 23.50 23.30 23.40 23.30 23.20 23.00 23.10 23.20 23.30 23.30 23.20 23.10 23.50 24.30 * 0
2018-01-16 15:48:23 24.10 23.70 23.70 23.70 23.20 23.50 23.40 23.50 23.60 23.70 23.60 23.70 23.70 23.80 23.80 26.30 * 23.00 23.30 23.30 23.20 23.30 23.20 23.00 22.80 23.10 23.20 23.30 23.40 23.30 23.10 23.60 24.40 * 0
2018-01-16 15:48:23 24.10 23.80 23.70 23.80 23.20 23.50 23.40 23.60 23.60 23.70 23.60 23.70 23.70 23.80 24.40 26.10 * 22.90 23.20 23.20 23.10 23.20 23.10 22.90 22.70 23.20 23.20 23.40 23.50 23.60 24.00 24.20 24.50 * 0
2018-01-16 15:48:24 24.10 23.80 23.70 23.80 23.20 23.50 23.40 23.60 23.60 23.80 23.70 23.70 23.90 24.70 25.00 25.90 * 22.90 23.20 23.20 23.10 23.20 23.10 22.90 22.70 23.20 23.20 23.40 24.10 25.10 24.60 24.20 24.20 * 0
2018-01-16 15:48:24 24.10 23.70 23.80 23.80 23.20 23.50 23.50 23.70 23.60 23.90 23.70 23.80 25.80 25.20 25.60 26.70 * 23.00 23.20 23.20 23.10 23.20 23.10 23.00 22.70 23.10 23.10 23.40 24.80 26.30 24.20 23.80 23.70 * 0
2018-01-16 15:48:24 24.10 23.70 23.80 23.70 23.20 23.50 23.50 23.70 23.80 23.90 23.90 24.10 27.60 26.70 27.00 26.80 * 23.10 23.30 23.20 23.20 23.20 23.20 23.00 22.80 23.70 23.90 24.10 25.20 26.40 24.20 23.10 23.00 * 0
2018-01-16 15:48:24 24.10 23.70 23.70 23.80 23.20 23.50 23.50 23.70 23.80 24.10 25.40 30.30 27.40 26.70 26.00 24.40 * 23.00 23.20 23.30 23.20 23.40 24.20 24.50 23.70 24.70 23.90 24.00 25.10 26.50 24.10 23.20 23.00 * 0
2018-01-16 15:48:25 24.00 23.70 23.70 23.70 23.20 23.40 23.50 23.80 24.20 25.20 27.80 29.50 26.40 25.60 24.70 23.90 * 23.00 23.20 23.30 23.30 23.90 25.50 25.20 23.20 25.00 23.20 23.50 25.20 25.90 23.70 23.10 23.00 * 0
2018-01-16 15:48:25 24.00 23.60 23.80 23.70 23.20 23.70 24.50 25.30 25.40 27.90 28.90 26.70 24.90 24.20 23.90 23.80 * 23.00 23.30 23.30 23.30 24.10 25.80 25.10 23.40 25.00 23.50 23.80 24.50 24.30 23.20 23.00 22.90 * 0
2018-01-16 15:48:25 24.10 23.60 23.80 23.70 23.50 25.40 25.60 28.00 27.30 28.90 26.50 24.40 23.80 23.90 23.80 23.70 * 23.00 23.40 23.70 23.90 24.50 25.70 25.10 23.40 24.90 23.40 23.60 23.40 23.10 23.00 23.00 22.90 * 0
2018-01-16 15:48:26 24.10 23.80 23.80 24.30 26.00 27.30 27.60 26.40 28.00 27.10 24.30 23.90 23.80 23.90 23.80 23.70 * 23.10 23.90 24.40 24.20 24.50 25.70 25.20 23.20 25.00 23.20 23.30 23.40 23.20 23.10 23.10 23.00 * 0
2018-01-16 15:48:26 24.10 24.10 25.10 25.70 26.50 27.10 25.90 24.60 25.10 24.00 23.70 23.80 23.80 23.90 23.80 23.70 * 23.70 25.10 24.10 23.30 24.20 25.50 24.50 23.10 24.30 23.30 23.40 23.50 23.30 23.20 23.20 23.10 * 0
2018-01-16 15:48:26 24.30 25.80 26.00 26.40 26.20 25.60 24.50 23.80 24.00 23.90 23.80 23.80 23.90 23.90 23.90 23.70 * 23.80 25.30 24.10 23.50 24.00 24.30 23.50 23.10 23.40 23.30 23.50 23.60 23.40 23.30 23.20 23.10 * 0
2018-01-16 15:48:26 24.90 26.60 26.20 26.00 24.30 23.50 23.40 23.50 23.80 23.90 23.80 23.90 23.90 23.90 23.90 23.80 * 23.90 25.30 24.10 23.50 23.50 23.40 23.20 23.00 23.30 23.30 23.50 23.50 23.30 23.20 23.20 23.10 * 0
2018-01-16 15:48:27 25.50 26.50 26.10 25.30 23.30 23.50 23.40 23.50 23.80 24.00 23.80 23.80 24.00 23.90 23.80 23.90 * 25.00 25.30 23.90 23.30 23.40 23.20 23.00 22.90 23.10 23.20 23.40 23.50 23.20 23.10 23.20 23.00 * 0
2018-01-16 15:48:27 26.20 26.60 25.80 24.30 23.20 23.50 23.40 23.60 23.80 23.90 23.80 23.80 23.90 23.90 23.90 23.80 * 24.90 24.90 23.60 23.20 23.20 23.10 22.90 22.70 23.20 23.20 23.40 23.40 23.20 23.10 23.20 23.00 * 0
2018-01-16 15:48:27 26.10 27.30 25.40 23.90 23.30 23.50 23.40 23.60 23.80 23.90 23.80 23.90 23.90 23.90 23.90 23.80 * 24.90 24.30 23.40 23.20 23.30 23.20 23.10 22.80 23.20 23.10 23.40 23.40 23.20 23.10 23.10 22.90 * 0
2018-01-16 15:48:27 25.40 27.90 25.60 23.80 23.30 23.50 23.50 23.70 23.70 23.90 23.80 23.80 23.80 23.80 23.80 23.70 * 24.70 24.30 23.40 23.20 23.30 23.20 23.10 22.80 23.20 23.10 23.40 23.40 23.20 23.00 23.00 22.90 * 0
2018-01-16 15:48:28 24.80 26.40 27.20 26.30 23.40 23.50 23.40 23.60 23.70 23.80 23.70 23.70 23.80 23.80 23.70 23.60 * 24.60 24.30 23.40 23.20 23.20 23.10 23.00 22.70 23.30 23.30 23.50 23.50 23.30 23.20 23.20 23.10 * 0
2018-01-16 15:48:28 24.60 26.10 26.40 27.20 24.40 23.50 23.40 23.60 23.80 23.90 23.80 23.80 23.90 23.90 23.80 23.70 * 24.70 24.10 24.40 23.20 23.20 23.10 22.90 22.70 23.30 23.30 23.50 23.50 23.40 23.20 23.20 23.00 * 0
2018-01-16 15:48:28 24.70 26.70 26.40 26.30 25.80 24.00 23.40 23.70 23.80 24.10 23.90 24.00 24.00 24.00 23.90 23.80 * 24.40 24.00 24.40 23.20 23.20 23.20 23.00 22.80 23.30 23.20 23.50 23.50 23.30 23.10 23.20 23.10 * 0
2018-01-16 15:48:29 25.00 27.50 26.10 26.30 25.50 25.80 23.50 23.70 23.80 24.10 23.90 23.90 24.00 23.90 23.90 23.80 * 23.70 24.00 24.40 23.40 23.30 23.20 23.00 22.80 23.30 23.30 23.50 23.60 23.40 23.20 23.30 23.20 * 0
2018-01-16 15:48:29 24.20 25.00 26.30 27.00 27.00 25.90 23.60 23.60 23.80 24.00 23.80 23.90 23.90 23.80 23.80 23.70 * 23.10 23.80 24.60 23.80 24.80 24.60 23.60 22.90 23.70 23.30 23.40 23.50 23.30 23.10 23.20 23.10 * 0
2018-01-16 15:48:29 24.10 23.80 24.40 26.80 27.20 27.00 25.10 24.10 26.20 25.40 24.60 24.00 23.90 23.90 23.90 23.80 * 23.10 23.60 24.40 23.50 25.20 25.70 24.10 22.90 24.00 23.20 23.40 23.40 23.20 23.10 23.10 23.00 * 0
2018-01-16 15:48:29 24.10 23.70 23.90 24.70 26.20 27.00 26.40 25.50 27.10 26.30 25.40 25.70 24.20 24.00 23.90 23.70 * 23.10 23.40 23.80 23.50 25.30 26.00 24.40 23.10 24.30 23.40 23.40 23.40 23.20 23.10 23.10 23.10 * 0
2018-01-16 15:48:30 24.10 23.80 23.90 23.90 24.80 26.00 26.00 26.00 26.20 25.90 25.10 25.80 26.10 24.20 23.80 23.60 * 23.20 23.40 23.40 23.50 25.30 26.00 24.60 23.80 24.40 23.90 24.40 24.20 23.60 23.10 23.10 23.00 * 0
2018-01-16 15:48:30 24.10 23.70 23.80 23.80 23.60 25.00 25.70 25.70 25.60 25.90 25.30 24.80 26.40 26.10 24.00 23.60 * 23.10 23.30 23.30 23.40 25.30 25.90 24.40 23.70 24.10 23.70 24.60 25.30 24.90 23.40 23.20 23.00 * 0
2018-01-16 15:48:30 24.10 23.80 23.80 23.80 23.30 23.50 23.60 24.30 24.40 25.10 25.70 25.70 25.50 27.80 24.80 23.80 * 23.00 23.20 23.30 23.20 23.40 23.80 23.60 23.10 23.90 23.50 23.90 25.50 25.80 24.00 23.50 23.20 * 0
2018-01-16 15:48:30 24.10 23.70 23.80 23.70 23.20 23.50 23.40 23.60 23.70 24.00 23.90 24.60 25.80 26.90 27.20 24.70 * 23.10 23.20 23.30 23.20 23.30 23.20 23.10 23.00 23.40 23.40 23.90 25.60 25.80 24.00 23.90 24.00 * 0
2018-01-16 15:48:31 24.00 23.60 23.70 23.70 23.20 23.40 23.30 23.60 23.80 24.00 23.90 23.90 24.90 25.80 26.90 26.00 * 23.00 23.30 23.30 23.20 23.30 23.30 23.10 22.90 23.30 23.30 23.70 25.70 26.10 23.60 23.60 24.80 * 0
2018-01-16 15:48:31 24.00 23.70 23.60 23.60 23.20 23.40 23.30 23.50 23.70 23.90 23.80 23.80 24.00 24.70 26.30 26.20 * 23.00 23.30 23.40 23.30 23.30 23.30 23.10 22.90 23.30 23.30 23.50 23.60 23.90 23.80 23.90 24.90 * 0
2018-01-16 15:48:31 24.00 23.60 23.70 23.60 23.20 23.40 23.30 23.50 23.80 24.00 23.80 23.80 23.90 23.90 24.40 26.40 * 23.20 23.40 23.40 23.40 23.40 23.30 23.10 23.00 23.30 23.40 23.50 23.60 23.40 23.40 23.90 24.90 * 0
2018-01-16 15:48:31 23.90 23.60 23.70 23.60 23.20 23.40 23.40 23.50 23.70 24.00 23.80 23.80 23.80 23.80 23.80 25.80 * 23.20 23.40 23.40 23.30 23.40 23.30 23.00 23.00 23.30 23.30 23.50 23.50 23.30 23.20 23.30 24.80 * 0
2018-01-16 15:48:32 24.00 23.60 23.70 23.60 23.20 23.40 23.30 23.60 23.70 24.00 23.80 23.80 23.90 23.80 23.80 24.50 * 23.20 23.40 23.40 23.30 23.40 23.30 23.10 23.00 23.20 23.20 23.40 23.40 23.20 23.10 23.30 24.30 * 0
2018-01-16 15:48:32 24.00 23.70 23.70 23.70 23.20 23.40 23.30 23.60 23.70 24.00 23.80 23.90 23.90 23.90 23.80 23.80 * 23.20 23.30 23.30 23.30 23.40 23.30 23.10 23.00 23.20 23.20 23.30 23.40 23.20 23.10 23.10 23.50 * 0
2018-01-16 15:48:32 24.00 23.80 23.70 23.80 23.20 23.50 23.40 23.50 23.70 23.90 23.70 23.80 23.80 23.80 23.80 23.70 * 23.10 23.30 23.30 23.30 23.40 23.30 23.10 23.00 23.30 23.20 23.30 23.40 23.30 23.10 23.10 23.10 * 0
2018-01-16 15:48:33 24.10 23.80 23.70 23.80 23.20 23.50 23.40 23.50 23.70 23.90 23.80 23.80 24.00 23.90 23.90 23.80 * 23.00 23.30 23.40 23.20 23.30 23.30 23.10 22.90 23.20 23.20 23.40 23.50 23.30 23.10 23.20 23.10 * 0
2018-01-16 15:48:33 24.10 23.80 23.70 23.80 23.20 23.50 23.40 23.60 23.80 24.00 23.90 23.90 24.00 24.00 23.90 23.80 * 23.10 23.30 23.30 23.20 23.30 23.30 23.10 22.90 23.20 23.20 23.30 23.40 23.20 23.10 23.10 23.00 * 0
2018-01-16 15:48:33 24.10 23.80 23.70 23.80 23.20 23.50 23.40 23.60 23.70 24.00 23.80 23.90 23.90 23.90 23.90 24.20 * 23.10 23.30 23.30 23.30 23.30 23.20 23.10 22.90 23.20 23.20 23.30 23.40 23.20 23.10 23.10 23.00 * 0
2018-01-16 15:48:33 24.00 23.60 23.70 23.70 23.20 23.40 23.40 23.50 23.60 23.90 23.70 23.70 23.80 23.80 23.90 25.20 * 23.20 23.40 23.40 23.30 23.40 23.30 23.10 23.00 23.20 23.20 23.40 23.50 23.20 23.10 23.60 24.20 * 0
2018-01-16 15:48:34 24.00 23.60 23.70 23.70 23.20 23.50 23.30 23.50 23.70 23.90 23.80 23.90 23.90 23.90 24.50 26.10 * 23.10 23.30 23.30 23.30 23.30 23.30 23.10 22.90 23.20 23.20 23.40 23.50 23.30 23.20 24.60 25.50 * 0
2018-01-16 15:48:34 24.00 23.70 23.70 23.70 23.20 23.50 23.40 23.50 23.80 24.00 23.90 23.90 23.90 24.00 26.00 25.90 * 23.10 23.30 23.40 23.30 23.30 23.30 23.10 22.90 23.30 23.30 23.40 23.50 23.30 23.50 25.30 25.70 * 0
2018-01-16 15:48:34 24.10 23.70 23.70 23.70 23.20 23.40 23.40 23.50 23.70 23.90 23.80 23.80 23.80 23.90 26.20 26.20 * 23.10 23.30 23.40 23.30 23.40 23.30 23.20 23.10 23.50 23.90 24.30 24.20 24.00 23.80 25.40 25.60 * 0
2018-01-16 15:48:34 24.10 23.70 23.80 23.70 23.20 23.40 23.40 23.50 23.60 23.80 23.70 23.80 24.00 24.80 26.90 27.40 * 23.20 23.30 23.50 23.30 23.40 23.70 24.30 24.40 24.70 25.00 24.50 24.10 23.90 23.60 25.30 25.50 * 0
2018-01-16 15:48:35 24.10 23.70 23.80 23.60 23.20 23.50 23.40 23.90 24.70 26.10 26.90 27.60 27.70 27.30 25.60 24.50 * 23.10 23.30 23.30 23.20 23.40 24.60 25.90 25.40 26.30 25.80 24.40 24.10 23.80 23.80 24.60 23.80 * 0
2018-01-16 15:48:35 24.10 23.80 23.90 23.70 23.30 24.10 25.70 27.00 28.20 28.40 28.20 27.50 26.00 24.70 24.10 23.90 * 23.10 23.30 23.70 24.10 24.40 25.10 25.90 25.40 26.20 25.80 24.50 24.10 23.80 23.50 23.30 23.20 * 0
2018-01-16 15:48:35 24.10 23.80 23.90 23.80 23.40 26.20 29.10 28.80 29.30 27.30 26.30 25.70 24.50 23.90 23.90 23.80 * 23.00 23.90 24.80 24.90 24.60 25.00 25.90 25.40 26.20 25.80 23.90 23.60 23.50 23.30 23.30 23.20 * 0
2018-01-16 15:48:36 24.10 23.80 24.40 26.00 27.00 27.50 26.10 25.60 26.90 26.00 25.60 24.60 24.00 23.90 23.90 23.80 * 23.30 25.00 25.30 24.20 23.60 24.40 25.90 25.40 25.90 25.30 23.60 23.50 23.20 23.20 23.20 23.10 * 0
2018-01-16 15:48:36 24.30 25.20 25.80 26.90 26.40 25.80 25.30 24.70 24.90 24.50 24.00 24.00 24.00 24.00 24.00 23.90 * 24.00 25.70 24.70 23.30 23.40 24.10 24.60 23.90 24.50 24.00 23.40 23.50 23.30 23.10 23.10 23.10 * 0
2018-01-16 15:48:36 25.00 26.90 26.40 25.70 25.50 25.00 24.30 23.90 24.00 24.10 24.00 23.90 24.00 23.90 23.90 23.90 * 24.00 25.70 24.70 23.40 23.40 23.50 23.10 22.80 23.30 23.30 23.50 23.60 23.40 23.20 23.20 23.10 * 0
2018-01-16 15:48:36 25.40 27.60 26.10 25.60 25.00 24.00 23.50 23.70 23.90 24.00 23.90 24.00 23.90 23.90 23.80 23.80 * 24.70 25.70 24.60 23.30 23.30 23.10 23.00 22.80 23.30 23.30 23.50 23.60 23.40 23.20 23.20 23.20 * 0
2018-01-16 15:48:37 25.30 28.70 26.20 25.50 24.10 23.60 23.50 23.60 23.90 24.00 23.90 24.00 23.90 23.90 23.90 23.90 * 25.30 25.80 24.60 23.20 23.30 23.10 23.00 22.80 23.30 23.30 23.50 23.50 23.30 23.20 23.20 23.10 * 0
2018-01-16 15:48:37 25.30 29.40 26.80 24.30 23.40 23.60 23.50 23.70 24.00 24.20 24.00 24.00 24.00 24.00 24.10 24.00 * 25.30 25.00 23.60 23.20 23.30 23.10 23.00 22.90 23.30 23.30 23.50 23.50 23.30 23.10 23.20 23.00 * 0
2018-01-16 15:48:37 25.20 27.70 27.70 25.60 23.40 23.70 23.50 23.70 24.00 24.20 24.00 24.00 24.10 24.00 24.00 24.00 * 25.20 25.00 23.40 23.20 23.30 23.20 23.00 22.80 23.30 23.30 23.50 23.50 23.30 23.20 23.20 23.00 * 0
2018-01-16 15:48:37 25.20 26.40 27.20 28.20 24.00 23.70 23.60 23.80 24.00 24.20 24.00 24.00 24.00 24.00 24.00 24.00 * 25.20 24.80 24.30 23.30 23.20 23.20 23.00 22.80 23.30 23.30 23.50 23.50 23.30 23.20 23.20 23.10 * 0
2018-01-16 15:48:38 25.20 26.20 26.50 26.60 27.10 24.40 23.60 23.70 24.00 24.10 24.10 24.00 24.00 24.10 24.00 24.10 * 25.20 24.20 25.70 23.80 23.30 23.30 23.20 22.90 23.20 23.10 23.20 23.30 23.20 23.00 23.00 22.90 * 0
2018-01-16 15:48:38 24.80 25.80 26.40 26.30 26.40 26.40 23.90 23.70 24.90 24.10 23.80 23.90 24.00 24.00 23.90 24.00 * 24.50 23.90 26.20 23.90 23.40 23.20 23.10 22.90 23.30 23.30 23.40 23.40 23.30 23.10 23.20 23.00 * 0
2018-01-16 15:48:38 24.50 25.10 26.00 26.30 26.00 26.60 26.10 24.00 26.80 24.20 23.90 24.00 24.10 24.10 24.00 24.10 * 24.00 24.00 26.10 23.90 23.30 23.20 23.10 22.80 23.30 23.30 23.50 23.50 23.30 23.20 23.20 23.10 * 0
2018-01-16 15:48:38 24.30 24.30 25.50 26.10 26.00 25.80 27.80 24.30 27.00 24.20 23.90 24.00 24.00 24.00 23.90 24.00 * 23.60 24.00 26.00 24.30 23.80 23.90 23.70 23.30 24.10 23.90 23.80 23.50 23.30 23.10 23.20 23.10 * 0
2018-01-16 15:48:39 24.20 23.90 24.60 25.70 25.90 26.10 27.30 25.20 26.40 25.60 24.20 24.00 24.00 24.00 24.00 24.00 * 23.00 23.40 25.50 24.20 23.30 23.20 23.40 24.60 23.90 25.30 26.00 24.50 23.40 23.30 23.30 23.20 * 0
2018-01-16 15:48:39 24.20 23.80 23.90 23.80 23.80 24.70 25.20 25.90 25.40 25.90 26.60 26.40 25.80 24.30 24.00 24.00 * 23.10 23.30 24.20 23.80 23.40 23.40 23.50 24.60 24.00 25.30 26.00 24.50 23.40 23.30 23.30 23.20 * 0
2018-01-16 15:48:39 24.10 23.70 23.90 23.80 23.30 23.60 24.10 25.00 24.40 25.10 25.80 26.00 26.80 25.70 24.10 24.10 * 23.10 23.30 23.30 23.20 23.40 23.40 23.50 24.50 23.90 25.30 26.00 24.90 24.10 23.80 23.30 23.20 * 0
2018-01-16 15:48:40 24.10 23.70 23.80 23.70 23.30 23.50 23.50 24.20 24.00 24.40 24.90 25.50 26.00 26.50 25.20 24.20 * 23.00 23.30 23.30 23.20 23.20 23.20 23.20 24.50 23.70 25.30 26.10 24.80 24.20 24.80 24.00 23.20 * 0
2018-01-16 15:48:40 24.10 23.80 23.80 23.70 23.20 23.50 23.50 23.70 23.90 24.10 24.00 24.70 25.30 25.90 26.00 24.80 * 23.00 23.20 23.30 23.10 23.20 23.20 23.10 24.00 23.60 24.60 25.60 24.50 23.60 25.20 24.70 23.40 * 0
2018-01-16 15:48:40 24.10 23.80 23.70 23.70 23.30 23.50 23.40 23.70 23.90 24.10 23.90 24.00 24.50 25.40 25.80 25.60 * 23.20 23.40 23.50 23.40 23.40 23.40 23.20 23.10 23.30 23.30 23.50 23.50 23.50 25.00 24.70 23.80 * 0
2018-01-16 15:48:40 24.20 23.80 23.70 23.70 23.30 23.60 23.50 23.70 23.80 23.90 23.80 23.90 23.90 24.00 25.20 25.70 * 23.20 23.40 23.50 23.30 23.40 23.40 23.20 23.10 23.20 23.30 23.40 23.50 23.40 25.10 24.70 24.00 * 0
2018-01-16 15:48:41 24.20 23.80 23.70 23.70 23.30 23.60 23.60 23.70 23.90 24.00 23.90 23.90 24.00 24.00 24.50 25.50 * 23.10 23.30 23.40 23.20 23.30 23.20 23.10 22.90 23.20 23.30 23.40 23.50 23.30 24.50 24.60 23.70 * 0
2018-01-16 15:48:41 24.10 23.80 23.80 23.80 23.30 23.50 23.50 23.70 23.90 24.10 23.90 24.00 24.00 24.10 24.00 24.80 * 23.00 23.20 23.20 23.20 23.20 23.10 23.00 22.70 23.30 23.30 23.50 23.50 23.30 23.20 23.40 24.00 * 0
2018-01-16 15:48:41 24.10 23.70 23.70 23.80 23.20 23.50 23.40 23.70 23.90 24.10 23.90 24.00 24.00 23.90 24.00 24.00 * 23.00 23.30 23.30 23.20 23.30 23.20 23.10 22.90 23.40 23.40 23.50 23.50 23.40 23.20 23.30 23.80 * 0
2018-01-16 15:48:41 24.20 23.80 23.80 23.80 23.30 23.50 23.50 23.70 23.90 24.10 23.80 23.90 23.90 23.90 24.00 23.90 * 23.00 23.30 23.30 23.20 23.20 23.20 23.10 22.90 23.40 23.40 23.60 23.60 23.40 23.20 23.30 23.60 * 0
2018-01-16 15:48:42 24.20 23.80 23.80 23.80 23.30 23.50 23.50 23.70 23.90 24.10 23.80 23.90 23.90 24.00 23.90 23.90 * 23.10 23.30 23.40 23.30 23.30 23.20 23.10 22.90 23.30 23.30 23.50 23.50 23.40 23.20 23.30 23.40 * 0
2018-01-16 15:48:42 24.10 23.80 23.70 23.80 23.20 23.50 23.40 23.60 23.90 24.10 23.80 24.00 23.90 24.00 23.90 23.90 * 23.10 23.30 23.40 23.30 23.40 23.30 23.10 22.90 23.20 23.30 23.50 23.50 23.30 23.20 23.10 23.10 * 0
2018-01-16 15:48:42 24.20 23.70 23.70 23.80 23.20 23.40 23.40 23.70 23.90 24.10 23.90 24.00 24.00 24.10 24.00 23.90 * 23.00 23.30 23.30 23.30 23.30 23.20 23.10 22.90 23.20 23.20 23.40 23.40 23.30 23.20 23.10 23.10 * 0
2018-01-16 15:48:42 24.20 23.70 23.70 23.80 23.30 23.40 23.40 23.70 23.80 23.90 23.80 23.90 23.90 23.90 23.90 23.70 * 23.00 23.20 23.30 23.20 23.30 23.20 23.10 22.90 23.20 23.20 23.40 23.40 23.30 23.20 23.10 23.10 * 0
2018-01-16 15:48:43 24.20 23.80 23.70 23.80 23.30 23.50 23.40 23.70 23.70 23.90 23.80 23.90 23.90 23.80 23.90 23.70 * 23.10 23.20 23.30 23.20 23.40 23.20 23.10 22.90 23.30 23.30 23.40 23.40 23.30 23.20 23.20 23.20 * 0
2018-01-16 15:48:43 24.20 23.80 23.80 23.80 23.30 23.50 23.50 23.70 23.80 24.00 23.90 23.90 23.90 23.80 23.90 23.80 * 23.00 23.30 23.40 23.20 23.40 23.30 23.20 23.00 23.30 23.40 23.50 23.50 23.40 23.30 23.60 24.10 * 0
2018-01-16 15:48:43 24.10 23.80 23.70 23.80 23.20 23.40 23.40 23.60 23.80 24.00 23.90 23.90 23.90 23.90 24.00 25.80 * 23.20 23.30 23.40 23.30 23.40 23.30 23.10 23.00 23.20 23.30 23.40 23.50 23.20 23.40 25.60 24.60 * 0
2018-01-16 15:48:44 24.10 23.70 23.70 23.70 23.20 23.40 23.40 23.50 23.80 24.00 23.80 23.90 23.80 23.90 24.60 27.90 * 23.20 23.30 23.40 23.20 23.40 23.30 23.10 23.00 23.10 23.20 23.30 23.70 23.70 23.80 25.60 24.50 * 0
2018-01-16 15:48:44 24.10 23.70 23.70 23.70 23.20 23.50 23.40 23.60 23.80 24.00 23.80 23.90 23.90 24.20 27.00 27.60 * 23.10 23.20 23.30 23.20 23.40 23.30 23.10 23.00 23.20 23.40 24.40 24.60 23.90 23.80 25.60 24.30 * 0
2018-01-16 15:48:44 24.10 23.70 23.70 23.70 23.20 23.50 23.40 23.60 23.80 24.00 23.80 24.00 25.10 26.40 27.80 26.40 * 23.10 23.30 23.30 23.30 23.40 23.30 23.10 23.50 23.20 23.90 25.60 25.00 23.30 23.30 25.70 24.20 * 0
2018-01-16 15:48:44 24.10 23.80 23.70 23.70 23.20 23.50 23.40 23.60 23.80 24.00 24.20 25.70 26.70 27.30 26.10 25.00 * 23.10 23.30 23.40 23.30 23.40 23.30 23.20 23.80 23.40 24.30 25.70 24.80 23.50 23.60 23.60 23.10 * 0
2018-01-16 15:48:45 24.10 23.80 23.80 23.70 23.20 23.50 23.40 24.20 24.00 25.40 26.60 26.40 26.20 24.90 24.00 23.80 * 22.90 23.20 23.20 23.20 23.60 24.00 23.90 24.20 24.00 24.40 25.70 24.90 23.40 23.10 23.00 22.90 * 0
2018-01-16 15:48:45 24.20 23.80 23.80 23.80 23.30 23.60 23.60 25.70 24.80 26.50 26.20 26.20 25.30 24.10 23.90 23.80 * 22.90 23.20 23.20 23.70 25.00 24.90 24.00 24.10 24.00 24.30 25.80 24.70 23.30 23.20 23.10 23.00 * 0
2018-01-16 15:48:45 24.30 23.90 23.90 23.80 23.30 23.80 25.10 26.50 25.80 26.50 26.10 25.20 24.20 23.90 23.80 23.70 * 23.00 23.20 23.30 24.40 26.10 25.00 23.20 23.80 23.50 24.30 25.60 24.30 23.40 23.20 23.20 23.10 * 0
