2018-01-16 16:55:09 24.10 23.80 24.90 26.20 27.10 27.50 25.90 25.00 25.40 24.70 23.90 23.90 23.90 23.90 24.00 23.90 * 23.50 24.70 26.60 26.00 24.60 24.80 25.20 25.00 25.50 25.70 25.20 23.80 23.10 23.10 23.20 23.10 * 1
2018-01-16 16:55:10 24.00 23.60 23.70 24.40 24.80 25.80 26.00 26.00 26.40 26.40 26.40 25.70 25.00 24.90 24.40 24.10 * 23.30 24.00 25.40 25.30 24.30 24.80 26.00 26.20 26.00 26.50 25.70 24.00 23.20 23.20 23.30 23.20 * 1
2018-01-16 16:55:10 23.90 23.60 23.60 23.60 23.30 24.30 25.10 25.90 25.40 26.70 26.60 26.20 25.90 25.60 25.50 24.40 * 23.30 23.70 24.00 24.20 24.20 24.60 26.00 26.20 26.10 26.40 26.00 24.60 23.30 23.20 23.20 23.20 * 1
2018-01-16 16:55:10 23.90 23.70 23.70 23.70 23.20 23.50 24.00 26.00 24.40 26.50 26.70 26.80 26.40 25.90 26.40 24.60 * 23.30 23.70 24.00 23.90 23.90 24.50 25.90 26.30 26.00 26.50 26.20 25.70 23.80 23.30 23.20 23.20 * 1
2018-01-16 16:55:10 23.90 23.70 23.70 23.70 23.20 23.40 23.30 25.10 24.00 25.00 26.10 26.70 27.00 26.50 26.40 24.80 * 23.30 23.60 23.90 23.80 23.90 23.80 23.80 23.80 23.50 23.50 23.90 25.50 24.30 23.60 23.40 23.10 * 1
2018-01-16 16:55:11 23.90 23.60 23.70 23.60 23.20 23.40 23.20 23.50 23.80 23.90 24.10 24.90 26.40 27.10 26.80 25.90 * 23.40 23.60 23.90 23.80 23.90 23.80 23.70 23.50 23.50 23.40 23.60 25.40 24.20 23.80 24.40 23.30 * 1
2018-01-16 16:55:11 24.00 23.70 23.70 23.60 23.20 23.40 23.30 23.50 23.80 23.90 24.00 24.10 25.20 26.40 26.90 26.30 * 23.30 23.60 23.90 23.80 23.90 23.80 23.70 23.40 23.40 23.40 23.60 24.50 24.40 23.80 25.20 23.40 * 1
2018-01-16 16:55:11 24.00 23.70 23.70 23.70 23.20 23.40 23.30 23.50 23.70 23.80 23.90 23.90 24.10 26.00 26.60 26.20 * 23.30 23.50 23.90 23.80 23.90 23.80 23.70 23.30 23.30 23.30 23.50 23.60 24.80 24.30 25.20 23.30 * 1
2018-01-16 16:55:11 23.90 23.60 23.60 23.70 23.20 23.40 23.20 23.50 23.70 23.80 23.90 24.00 24.00 26.10 26.80 25.60 * 23.20 23.40 23.80 23.70 23.70 23.60 23.60 23.30 23.50 23.40 24.50 24.80 23.90 23.70 24.80 23.30 * 1
2018-01-16 16:55:12 23.90 23.60 23.60 23.60 23.20 23.40 23.30 23.40 23.70 23.80 24.00 24.60 24.90 26.50 26.50 24.90 * 23.10 23.40 23.80 23.70 23.80 23.70 23.60 23.50 23.70 23.80 25.60 24.50 23.40 23.80 24.00 23.30 * 1
2018-01-16 16:55:12 24.00 23.70 23.60 23.70 23.20 23.40 23.30 24.00 24.10 25.10 26.50 27.10 26.10 24.90 24.30 24.20 * 23.10 23.50 23.80 24.00 24.10 23.80 23.70 23.70 23.90 24.00 25.40 24.10 23.40 23.50 23.40 23.30 * 1
2018-01-16 16:55:12 24.10 23.70 23.70 23.70 23.20 23.70 23.70 25.00 24.90 26.60 27.00 27.00 24.60 24.10 24.10 24.00 * 23.10 23.60 24.20 24.90 24.70 24.20 23.70 23.60 23.80 24.10 24.40 23.70 23.30 23.20 23.30 23.20 * 1
2018-01-16 16:55:13 24.10 23.60 23.70 23.70 23.60 24.70 24.90 27.20 25.60 27.70 26.50 25.00 24.00 24.10 24.00 24.00 * 23.30 23.60 24.60 25.50 25.60 24.60 24.60 25.50 24.80 25.70 25.20 23.60 23.20 23.20 23.20 23.10 * 1
2018-01-16 16:55:13 24.00 23.70 23.70 23.70 23.90 24.00 23.30 23.90 23.90 23.90 24.10 24.00 24.00 24.10 24.10 24.10 * 23.30 23.60 24.20 24.60 24.60 24.30 25.20 25.50 25.20 25.70 26.00 24.20 23.40 23.30 23.40 23.30 * 1
2018-01-16 16:55:13 24.00 23.70 23.70 23.70 23.30 23.50 23.30 23.60 23.90 23.90 24.00 24.10 24.00 24.10 24.10 24.10 * 23.30 23.60 23.90 23.80 23.90 23.90 25.20 25.10 25.10 25.40 25.80 25.00 23.50 23.40 23.40 23.30 * 1
2018-01-16 16:55:13 24.00 23.70 23.70 23.70 23.30 23.70 23.30 23.50 23.80 23.80 24.00 24.00 24.00 24.00 24.10 24.10 * 23.20 23.50 23.80 23.70 23.80 23.80 25.10 24.90 25.00 25.20 25.70 25.30 23.60 23.20 23.20 23.10 * 1
2018-01-16 16:55:14 24.00 23.70 23.70 23.70 23.30 23.70 23.30 23.50 23.70 23.80 23.90 24.00 24.00 24.00 24.10 24.10 * 23.20 23.50 23.80 23.70 23.90 23.90 25.00 25.00 24.90 25.30 25.70 26.00 25.20 23.40 23.20 23.10 * 1
2018-01-16 16:55:14 23.90 23.60 23.60 23.50 23.10 23.30 23.10 23.30 23.70 23.80 23.90 24.00 24.00 24.10 24.10 24.10 * 23.20 23.50 23.90 24.70 24.30 23.90 25.00 25.00 24.90 25.50 25.70 26.00 25.50 23.40 23.30 23.10 * 1
2018-01-16 16:55:14 24.00 23.70 23.70 23.60 23.20 23.50 23.30 23.50 23.80 23.90 24.10 24.10 24.10 24.10 24.20 24.20 * 23.20 23.50 24.40 25.90 24.90 24.10 25.00 25.10 25.00 25.60 25.70 26.00 25.50 23.50 23.30 23.10 * 1
2018-01-16 16:55:14 24.00 23.70 23.70 23.60 23.30 23.50 23.30 23.60 23.70 23.80 23.90 23.90 23.90 24.00 24.10 24.00 * 23.20 23.60 24.80 26.20 25.00 24.20 25.00 25.20 24.90 25.50 25.70 26.10 25.60 23.70 23.30 23.10 * 1
2018-01-16 16:55:15 23.90 23.70 23.60 23.60 23.20 23.40 23.20 23.40 23.50 23.60 23.70 23.70 23.70 23.90 23.90 23.80 * 23.30 23.60 24.50 26.20 25.10 24.00 25.10 25.20 25.20 25.50 25.80 26.30 25.70 25.20 23.60 23.30 * 1
2018-01-16 16:55:15 24.00 23.70 23.80 23.70 23.30 23.40 23.30 23.60 23.50 23.60 23.70 23.70 23.70 23.80 23.80 23.80 * 23.40 23.70 24.50 26.00 25.20 24.10 25.40 25.30 25.30 25.40 25.80 26.30 25.60 26.00 23.70 23.30 * 1
2018-01-16 16:55:15 24.00 23.70 23.80 23.80 23.30 23.50 23.30 23.60 23.70 23.80 24.00 23.90 23.90 24.00 24.00 24.10 * 23.40 23.70 24.60 25.80 25.10 24.10 25.40 25.20 25.20 25.30 25.60 26.10 25.40 26.30 23.70 23.30 * 1
2018-01-16 16:55:15 23.90 23.70 23.70 23.70 23.30 23.50 23.20 23.50 23.60 23.70 23.90 23.90 23.80 24.00 24.00 24.00 * 23.30 23.60 24.80 25.90 25.00 24.10 25.30 25.10 25.20 25.40 25.60 26.10 25.40 26.20 23.80 23.30 * 1
2018-01-16 16:55:16 23.80 23.60 23.60 23.50 23.20 23.30 23.20 23.40 23.70 23.80 23.90 23.90 23.90 24.00 24.00 24.00 * 23.40 23.70 25.20 26.30 24.90 24.10 25.20 25.10 25.20 25.40 25.70 26.20 25.50 26.20 23.80 23.30 * 1
2018-01-16 16:55:16 23.90 23.70 23.70 23.60 23.20 23.30 23.20 23.50 23.70 23.80 24.00 23.90 23.90 24.00 24.10 24.00 * 23.40 23.70 25.30 26.40 24.90 24.20 25.30 25.20 25.30 25.40 25.70 26.30 25.50 26.20 23.90 23.40 * 1
2018-01-16 16:55:16 24.00 23.70 23.70 23.70 23.20 23.40 23.20 23.50 23.80 23.80 24.10 24.10 24.10 24.20 24.20 24.10 * 23.40 23.70 25.30 26.40 24.90 24.20 25.40 25.20 25.30 25.40 25.80 26.30 25.50 26.20 23.90 23.40 * 1
2018-01-16 16:55:17 24.00 23.80 23.80 23.70 23.30 23.50 23.30 23.60 23.60 23.70 23.90 23.90 23.90 24.00 24.00 24.00 * 23.40 23.60 25.30 26.30 24.80 24.10 25.40 25.20 25.10 25.30 25.70 26.20 25.40 26.10 23.80 23.20 * 1
2018-01-16 16:55:17 24.00 23.80 23.70 23.60 23.20 23.40 23.20 23.50 23.50 23.60 23.80 23.90 23.90 24.00 24.00 23.90 * 23.40 23.70 25.40 26.40 24.80 24.20 25.40 25.20 25.30 25.40 25.70 26.30 25.40 26.10 24.00 23.20 * 1
2018-01-16 16:55:17 24.00 23.70 23.70 23.70 23.20 23.40 23.30 23.50 23.40 23.60 23.70 23.80 23.80 23.90 24.00 23.90 * 23.40 23.70 25.40 26.40 24.80 24.20 25.40 25.30 25.30 25.40 25.80 26.30 25.40 26.20 24.00 23.30 * 1
2018-01-16 16:55:17 24.10 23.70 23.70 23.70 23.30 23.50 23.40 23.60 23.60 23.70 23.80 23.90 23.90 24.00 24.00 23.90 * 23.30 23.70 25.30 26.30 24.90 24.10 25.30 25.20 25.20 25.40 25.70 26.20 25.40 26.20 24.00 23.30 * 1
2018-01-16 16:55:18 23.90 23.60 23.70 23.60 23.20 23.30 23.20 23.50 23.50 23.60 23.70 23.80 23.80 23.90 23.90 23.80 * 23.20 23.60 25.30 26.30 24.90 24.00 25.20 25.10 25.10 25.40 25.70 26.20 25.40 26.10 23.90 23.30 * 1
2018-01-16 16:55:18 23.80 23.50 23.60 23.60 23.20 23.30 23.20 23.50 23.50 23.60 23.70 23.80 23.80 23.80 23.80 23.80 * 23.30 23.60 25.30 26.40 24.90 24.00 25.30 25.20 25.20 25.40 25.80 26.30 25.40 26.20 24.00 23.40 * 1
2018-01-16 16:55:18 24.00 23.70 23.70 23.60 23.30 23.50 23.30 23.60 23.70 23.80 23.90 23.90 23.90 24.00 24.00 24.00 * 23.40 23.70 25.40 26.40 24.90 24.10 25.30 25.20 25.30 25.50 25.80 26.40 25.50 26.20 24.10 23.50 * 1
2018-01-16 16:55:18 24.10 23.70 23.70 23.60 23.30 23.40 23.30 23.60 23.80 23.90 24.10 24.10 24.00 24.10 24.20 24.20 * 23.30 23.70 25.40 26.40 24.80 24.10 25.30 25.20 25.20 25.40 25.70 26.30 25.40 26.00 24.00 23.40 * 1
2018-01-16 16:55:19 24.00 23.60 23.70 23.70 23.20 23.40 23.20 23.60 23.70 23.80 24.00 24.00 23.90 24.00 24.10 24.10 * 23.30 23.60 25.40 26.40 24.80 24.10 25.30 25.20 25.20 25.50 25.70 26.30 25.40 26.10 24.00 23.40 * 1
2018-01-16 16:55:19 24.00 23.60 23.70 23.70 23.20 23.40 23.20 23.50 23.70 23.70 23.90 24.00 23.90 24.00 24.10 24.00 * 23.40 23.70 25.40 26.40 24.70 24.10 25.30 25.20 25.30 25.50 25.70 26.30 25.50 26.10 24.00 23.40 * 1
2018-01-16 16:55:19 23.90 23.70 23.70 23.60 23.20 23.40 23.20 23.40 23.60 23.80 24.00 24.00 23.90 24.10 24.10 24.10 * 23.50 23.80 25.50 26.50 24.80 24.20 25.50 25.40 25.30 25.50 25.80 26.30 25.40 26.20 24.00 23.30 * 1
2018-01-16 16:55:20 24.00 23.70 23.60 23.70 23.30 23.50 23.30 23.40 23.70 23.80 24.00 24.00 24.00 24.10 24.10 24.00 * 23.50 23.80 25.50 26.50 24.80 24.20 25.50 25.40 25.30 25.40 25.70 26.30 25.40 26.10 24.00 23.20 * 1
2018-01-16 16:55:20 24.00 23.70 23.60 23.70 23.30 23.50 23.30 23.40 23.60 23.70 23.90 23.90 23.90 24.00 24.00 23.90 * 23.40 23.70 25.50 26.40 24.80 24.10 25.40 25.30 25.30 25.40 25.70 26.30 25.40 26.10 23.90 23.20 * 1
2018-01-16 16:55:20 23.90 23.60 23.60 23.60 23.20 23.40 23.20 23.40 23.50 23.60 23.70 23.80 23.80 24.00 23.90 23.90 * 23.40 23.70 25.40 26.40 24.80 24.00 25.40 25.30 25.30 25.40 25.80 26.30 25.50 26.20 23.90 23.30 * 1
2018-01-16 16:55:20 23.90 23.50 23.60 23.60 23.20 23.30 23.20 23.50 23.60 23.60 23.80 23.90 23.90 24.00 24.00 24.00 * 23.40 23.70 25.50 26.40 24.80 24.10 25.40 25.30 25.40 25.60 25.90 26.40 25.60 26.20 24.10 23.50 * 1
2018-01-16 16:55:21 23.90 23.50 23.60 23.60 23.20 23.30 23.20 23.40 23.70 23.80 24.00 24.00 24.00 24.00 24.10 24.10 * 23.40 23.70 25.50 26.40 24.80 24.10 25.40 25.20 25.40 25.50 25.90 26.30 25.60 26.10 24.10 23.40 * 1
2018-01-16 16:55:21 23.80 23.60 23.60 23.60 23.10 23.30 23.20 23.30 23.70 23.70 23.80 23.90 23.90 24.10 24.00 23.90 * 23.30 23.60 25.40 26.40 24.70 24.10 25.30 25.10 25.30 25.50 25.80 26.20 25.50 26.10 23.90 23.30 * 1
2018-01-16 16:55:21 23.80 23.60 23.60 23.50 23.10 23.20 23.10 23.30 23.70 23.80 23.80 24.00 23.90 24.10 24.00 24.00 * 23.30 23.60 25.40 26.40 24.70 24.10 25.30 25.20 25.40 25.50 25.90 26.20 25.50 26.20 24.00 23.30 * 1
2018-01-16 16:55:21 23.90 23.60 23.60 23.60 23.20 23.40 23.20 23.40 23.70 23.80 23.90 24.00 23.90 24.10 24.10 24.00 * 23.20 23.60 25.40 26.30 24.70 24.00 25.30 25.20 25.30 25.50 25.80 26.10 25.50 26.30 23.90 23.30 * 1
2018-01-16 16:55:22 23.90 23.60 23.60 23.60 23.20 23.40 23.20 23.40 23.70 23.80 24.00 24.00 23.90 24.10 24.10 24.00 * 23.20 23.60 25.40 26.40 24.70 24.00 25.30 25.20 25.30 25.40 25.70 26.10 25.50 26.20 23.80 23.30 * 1
2018-01-16 16:55:22 23.90 23.60 23.60 23.60 23.20 23.40 23.20 23.40 23.70 23.80 23.90 24.10 23.90 24.00 24.10 24.00 * 23.20 23.60 25.40 26.40 24.60 24.00 25.30 25.10 25.20 25.40 25.70 26.00 25.40 26.20 23.90 23.20 * 1
2018-01-16 16:55:22 24.00 23.60 23.60 23.60 23.20 23.40 23.10 23.40 23.70 23.80 23.90 24.10 23.90 24.00 24.10 24.00 * 23.30 23.60 25.40 26.40 24.60 24.00 25.30 25.10 25.20 25.50 25.80 26.00 25.50 26.20 24.00 23.20 * 1
2018-01-16 16:55:22 24.00 23.60 23.70 23.60 23.20 23.40 23.10 23.40 23.70 23.80 23.90 24.00 23.90 24.00 24.00 24.00 * 23.30 23.70 25.40 26.40 24.70 24.10 25.40 25.30 25.30 25.40 25.80 26.10 25.50 26.20 24.00 23.30 * 1
2018-01-16 16:55:23 23.80 23.60 23.60 23.50 23.10 23.30 23.10 23.30 23.60 23.80 23.90 24.00 24.00 24.10 24.10 24.10 * 23.30 23.60 25.40 26.50 24.80 24.10 25.40 25.30 25.30 25.50 25.80 26.10 25.50 26.20 24.00 23.30 * 1
2018-01-16 16:55:23 23.90 23.60 23.60 23.50 23.10 23.30 23.20 23.30 23.50 23.60 23.80 23.80 23.80 23.90 23.90 23.80 * 23.30 23.60 25.40 26.40 24.70 24.00 25.30 25.20 25.30 25.50 25.80 26.10 25.50 26.20 23.90 23.20 * 1
2018-01-16 16:55:23 24.00 23.60 23.70 23.60 23.20 23.40 23.20 23.40 23.70 23.70 23.90 24.00 23.90 24.00 24.00 24.00 * 23.20 23.60 25.40 26.30 24.70 24.00 25.30 25.10 25.30 25.50 25.80 26.10 25.50 26.30 24.00 23.30 * 1
2018-01-16 16:55:24 23.90 23.60 23.60 23.60 23.20 23.30 23.10 23.30 23.70 23.80 24.00 24.10 24.00 24.10 24.10 24.20 * 23.30 23.60 25.40 26.30 24.70 24.00 25.30 25.20 25.30 25.60 25.80 26.10 25.50 26.20 24.00 23.30 * 1
2018-01-16 16:55:24 23.80 23.50 23.60 23.50 23.10 23.20 23.20 23.30 23.70 23.70 24.00 24.00 24.00 24.10 24.10 24.10 * 23.20 23.60 25.40 26.40 24.70 24.00 25.40 25.20 25.20 25.50 25.70 26.10 25.50 26.30 24.00 23.20 * 1
2018-01-16 16:55:24 23.80 23.50 23.50 23.40 23.10 23.20 23.10 23.30 23.60 23.60 23.80 23.90 23.80 23.90 23.90 23.90 * 23.10 23.60 25.40 26.40 24.60 24.00 25.30 25.10 25.30 25.50 25.80 26.10 25.50 26.20 23.90 23.20 * 1
2018-01-16 16:55:24 23.90 23.60 23.60 23.50 23.20 23.30 23.10 23.40 23.70 23.60 23.90 23.90 23.90 24.00 24.00 24.00 * 23.10 23.60 25.40 26.40 24.60 24.00 25.30 25.10 25.20 25.40 25.70 26.00 25.40 26.10 23.80 23.20 * 1
2018-01-16 16:55:25 24.00 23.70 23.70 23.70 23.20 23.40 23.20 23.50 23.70 23.70 23.90 24.00 23.90 24.10 24.00 24.00 * 23.30 23.60 25.40 26.40 24.70 24.00 25.30 25.10 25.20 25.50 25.70 26.10 25.50 26.20 23.90 23.20 * 1
2018-01-16 16:55:25 24.00 23.70 23.70 23.60 23.20 23.40 23.30 23.60 23.70 23.80 23.90 24.10 24.00 24.20 24.10 24.10 * 23.30 23.60 25.30 26.50 24.80 24.10 25.40 25.20 25.40 25.60 25.90 26.20 25.70 26.50 24.00 23.50 * 1
2018-01-16 16:55:25 24.00 23.70 23.80 23.70 23.20 23.40 23.30 23.60 23.70 23.80 23.90 24.00 24.00 24.10 24.10 24.00 * 23.30 23.70 25.30 26.50 25.10 24.10 25.40 25.20 25.40 25.60 25.90 26.10 26.00 26.70 23.90 23.40 * 1
2018-01-16 16:55:25 24.00 23.80 23.80 23.80 23.30 23.50 23.40 23.60 23.70 23.70 23.90 23.90 23.90 24.00 24.00 24.00 * 23.30 23.70 25.20 26.30 25.10 24.10 25.30 25.20 25.30 25.50 25.50 25.50 26.30 27.10 23.80 23.30 * 1
