2018-01-16 16:35:13 24.50 25.50 26.30 26.50 24.30 23.90 23.30 23.50 23.90 23.90 24.00 24.00 23.90 24.00 24.10 24.20 * 24.40 24.70 23.60 23.50 23.40 23.40 23.20 23.10 23.20 23.20 23.50 23.40 23.30 23.20 23.20 23.10 * 0
2018-01-16 16:35:13 24.40 25.60 26.30 25.70 23.90 23.90 23.30 23.50 23.90 23.90 24.00 24.00 24.00 24.10 24.20 24.20 * 24.10 24.40 23.60 23.50 23.50 23.50 23.30 23.10 23.20 23.20 23.50 23.50 23.30 23.20 23.20 23.10 * 0
2018-01-16 16:35:14 24.40 25.30 26.50 25.30 24.00 24.00 23.30 23.50 23.80 23.80 24.00 24.00 23.90 24.00 24.10 24.00 * 23.70 24.20 23.60 23.50 23.50 23.50 23.30 23.00 23.30 23.30 23.50 23.60 23.30 23.20 23.20 23.20 * 0
2018-01-16 16:35:14 24.40 24.90 26.90 25.50 23.90 24.00 23.40 23.70 23.80 23.80 23.90 24.00 24.00 24.10 24.10 24.00 * 23.60 24.10 23.50 23.50 23.50 23.50 23.30 23.10 23.20 23.20 23.50 23.50 23.20 23.20 23.10 23.10 * 0
2018-01-16 16:35:14 24.40 24.80 27.40 25.10 23.70 24.00 23.40 23.60 23.70 23.70 23.90 23.90 24.00 24.00 24.10 24.00 * 23.60 24.00 23.70 23.50 23.50 23.40 23.20 23.10 23.00 23.10 23.30 23.30 23.10 23.00 23.00 22.90 * 0
2018-01-16 16:35:14 24.30 25.40 26.60 25.30 23.60 24.00 23.40 23.60 23.80 23.80 24.00 24.00 24.00 24.10 24.20 24.10 * 23.60 24.00 23.90 23.50 23.50 23.40 23.30 23.10 23.10 23.20 23.40 23.40 23.20 23.20 23.10 23.00 * 0
2018-01-16 16:35:15 24.40 25.20 26.50 25.60 23.80 24.00 23.40 23.70 23.80 23.90 24.00 24.00 24.00 24.10 24.20 24.10 * 23.60 23.90 24.00 23.50 23.50 23.40 23.30 23.10 23.20 23.30 23.50 23.50 23.20 23.30 23.20 23.10 * 0
2018-01-16 16:35:15 24.30 24.50 26.80 25.30 24.00 24.00 23.40 23.60 23.90 23.80 24.00 24.00 23.90 24.00 24.00 24.00 * 23.70 23.70 24.00 23.50 23.50 23.40 23.30 23.10 23.10 23.20 23.40 23.50 23.20 23.20 23.10 23.10 * 0
2018-01-16 16:35:15 24.50 26.10 26.40 25.40 23.70 23.90 23.40 23.50 24.00 23.80 24.00 24.10 24.00 24.00 24.10 24.10 * 23.90 23.80 23.80 23.50 23.60 23.30 23.20 23.10 23.20 23.20 23.30 23.40 23.20 23.10 23.10 23.00 * 0
2018-01-16 16:35:15 24.70 27.20 26.30 25.00 23.60 24.00 23.40 23.50 23.90 23.80 24.00 24.00 24.00 24.10 24.10 24.10 * 24.10 24.10 23.60 23.50 23.60 23.30 23.30 23.10 23.20 23.20 23.40 23.40 23.20 23.10 23.10 23.10 * 0
2018-01-16 16:35:16 24.70 26.90 26.90 24.80 23.70 24.00 23.40 23.50 23.90 23.80 23.90 24.00 23.90 24.10 24.00 24.00 * 24.20 24.60 23.70 23.50 23.50 23.40 23.30 23.10 23.20 23.20 23.50 23.50 23.20 23.20 23.20 23.10 * 0
2018-01-16 16:35:16 24.60 26.20 27.60 25.60 23.60 23.90 23.30 23.50 23.80 23.80 23.90 24.00 23.90 24.10 24.00 24.00 * 24.00 25.00 23.80 23.40 23.50 23.40 23.30 23.10 23.20 23.30 23.60 23.50 23.20 23.20 23.20 23.10 * 0
2018-01-16 16:35:16 24.30 25.70 27.50 26.00 24.40 23.80 23.20 23.40 23.90 23.80 24.00 24.00 24.00 24.10 24.20 24.20 * 23.70 24.70 24.50 23.90 23.50 23.50 23.30 23.10 23.30 23.40 23.60 23.60 23.30 23.30 23.30 23.10 * 0
2018-01-16 16:35:16 24.10 24.00 25.60 25.90 25.80 25.10 23.40 23.50 24.00 23.90 24.00 24.00 24.00 24.10 24.10 24.10 * 23.70 24.60 25.60 24.50 23.60 23.50 23.30 23.10 23.50 23.50 23.60 23.60 23.40 23.30 23.30 23.20 * 0
2018-01-16 16:35:17 24.00 23.80 23.80 24.70 25.80 26.10 24.80 24.20 25.20 24.60 24.20 24.00 24.00 24.10 24.10 24.10 * 23.60 24.20 25.60 24.80 23.60 23.50 23.60 23.70 23.80 24.50 23.60 23.50 23.30 23.20 23.30 23.10 * 0
2018-01-16 16:35:17 24.00 23.70 23.70 23.70 24.50 25.60 25.90 25.60 26.30 26.00 25.40 24.60 24.00 24.20 24.20 24.10 * 23.50 23.70 24.30 24.40 23.80 23.70 23.90 24.60 24.10 25.30 23.50 23.50 23.20 23.20 23.20 23.10 * 0
2018-01-16 16:35:17 24.00 23.70 23.80 23.70 23.70 24.30 24.70 26.30 24.50 26.80 26.80 26.10 25.60 24.20 24.20 24.10 * 23.50 23.60 23.60 23.50 23.60 23.80 23.90 24.80 24.00 25.10 23.50 23.50 23.20 23.20 23.20 23.10 * 0
2018-01-16 16:35:18 24.00 23.80 23.80 23.70 23.60 23.90 23.50 25.50 24.20 25.80 26.70 26.60 25.50 24.10 24.10 24.10 * 23.50 23.60 23.60 23.50 23.60 23.50 23.70 24.90 23.70 25.00 24.00 23.50 23.20 23.10 23.20 23.10 * 0
2018-01-16 16:35:18 24.00 23.80 23.80 23.80 23.60 23.90 23.40 24.30 23.90 24.50 26.30 26.40 25.10 24.10 24.10 24.00 * 23.40 23.50 23.60 23.50 23.50 23.40 23.40 24.30 23.50 24.30 24.00 23.50 23.30 23.20 23.20 23.20 * 0
2018-01-16 16:35:18 24.00 23.70 23.70 23.70 23.60 23.90 23.30 23.60 23.80 24.00 26.00 26.10 25.10 24.00 24.00 23.90 * 23.30 23.50 23.50 23.50 23.50 23.40 23.20 23.70 23.50 24.00 24.00 23.50 23.30 23.30 23.30 23.30 * 0
2018-01-16 16:35:18 23.90 23.70 23.70 23.60 23.50 23.70 23.20 23.70 23.80 24.20 25.90 26.10 25.30 24.00 24.10 24.00 * 23.40 23.50 23.50 23.50 23.50 23.40 23.20 23.80 23.60 24.00 24.00 23.60 23.40 23.40 23.40 23.30 * 0
2018-01-16 16:35:19 23.90 23.70 23.70 23.70 23.50 23.80 23.20 23.80 23.70 24.00 25.90 26.20 24.40 24.00 24.10 23.90 * 23.40 23.40 23.50 23.50 23.50 23.50 23.30 23.70 23.50 24.00 23.90 23.50 23.40 23.30 23.30 23.20 * 0
2018-01-16 16:35:19 24.00 23.80 23.80 23.70 23.60 23.80 23.30 23.60 23.70 24.00 25.70 26.30 24.50 24.10 24.10 24.00 * 23.40 23.50 23.60 23.50 23.50 23.50 23.30 23.60 23.40 23.80 24.10 23.60 23.20 23.20 23.20 23.10 * 0
2018-01-16 16:35:19 24.00 23.70 23.80 23.70 23.60 23.90 23.30 23.60 23.80 23.90 24.90 26.30 24.80 24.10 24.10 24.10 * 23.30 23.50 23.50 23.50 23.40 23.40 23.30 23.50 23.40 23.60 24.10 23.60 23.30 23.20 23.20 23.10 * 0
2018-01-16 16:35:19 24.10 23.70 23.80 23.70 23.60 23.90 23.40 23.60 23.70 23.80 24.00 25.70 25.00 24.10 24.10 24.00 * 23.30 23.50 23.50 23.50 23.40 23.40 23.30 23.30 23.40 23.50 24.20 23.60 23.30 23.20 23.30 23.20 * 0
2018-01-16 16:35:20 23.90 23.70 23.60 23.70 23.50 23.80 23.20 23.40 23.80 23.80 23.90 25.10 25.40 24.10 24.10 24.00 * 23.40 23.50 23.50 23.50 23.50 23.40 23.30 23.10 23.30 23.40 24.00 24.00 23.40 23.30 23.30 23.30 * 0
2018-01-16 16:35:20 23.80 23.50 23.50 23.50 23.40 23.70 23.10 23.30 23.70 23.80 23.90 24.50 25.70 24.00 24.00 23.90 * 23.50 23.50 23.50 23.50 23.50 23.40 23.30 23.10 23.30 23.30 23.80 24.10 23.40 23.30 23.30 23.20 * 0
2018-01-16 16:35:20 23.80 23.50 23.50 23.50 23.40 23.60 23.10 23.30 23.70 23.80 23.90 24.10 26.00 24.00 24.00 23.90 * 23.30 23.40 23.50 23.50 23.50 23.40 23.30 23.10 23.30 23.40 23.60 24.20 23.50 23.30 23.40 23.20 * 0
2018-01-16 16:35:20 23.90 23.60 23.60 23.60 23.40 23.70 23.10 23.30 23.70 23.70 23.90 24.00 26.00 24.20 24.00 24.00 * 23.30 23.40 23.50 23.40 23.50 23.40 23.30 23.10 23.20 23.40 23.50 24.20 23.60 23.30 23.30 23.20 * 0
2018-01-16 16:35:21 23.90 23.60 23.60 23.70 23.50 23.80 23.20 23.30 23.70 23.80 24.00 24.00 25.30 24.90 24.10 24.00 * 23.40 23.50 23.50 23.40 23.50 23.40 23.30 23.10 23.20 23.30 23.50 24.10 23.70 23.20 23.20 23.20 * 0
2018-01-16 16:35:21 24.10 23.80 23.70 23.80 23.60 23.90 23.40 23.60 23.80 23.80 24.00 24.10 24.70 25.50 24.30 24.10 * 23.40 23.50 23.50 23.50 23.50 23.40 23.30 23.10 23.30 23.40 23.50 23.90 24.00 23.30 23.30 23.20 * 0
2018-01-16 16:35:21 24.00 23.70 23.70 23.60 23.50 23.80 23.30 23.50 23.80 23.80 23.90 24.00 24.30 26.10 24.30 24.10 * 23.40 23.50 23.50 23.40 23.50 23.40 23.30 23.10 23.30 23.40 23.60 23.70 24.10 23.40 23.30 23.20 * 0
2018-01-16 16:35:22 24.00 23.70 23.70 23.60 23.50 23.80 23.30 23.50 23.80 23.90 24.00 24.00 24.10 26.00 24.80 24.20 * 23.40 23.50 23.50 23.40 23.50 23.40 23.30 23.10 23.30 23.40 23.60 23.60 24.00 23.60 23.30 23.20 * 0
2018-01-16 16:35:22 24.00 23.70 23.70 23.70 23.60 23.90 23.30 23.50 23.70 23.80 24.00 24.00 24.00 25.50 25.40 24.20 * 23.40 23.50 23.50 23.50 23.50 23.50 23.30 23.10 23.30 23.30 23.50 23.50 23.90 23.60 23.30 23.20 * 0
2018-01-16 16:35:22 24.00 23.70 23.70 23.80 23.50 23.80 23.30 23.50 23.70 23.70 23.90 24.00 24.00 25.30 25.60 24.20 * 23.40 23.50 23.50 23.50 23.50 23.50 23.30 23.10 23.10 23.20 23.40 23.50 23.70 23.60 23.20 23.00 * 0
2018-01-16 16:35:22 24.00 23.70 23.70 23.70 23.50 23.80 23.20 23.50 23.70 23.70 23.90 24.00 24.00 25.40 25.60 24.20 * 23.40 23.50 23.50 23.40 23.40 23.40 23.20 23.10 23.20 23.20 23.40 23.50 23.80 23.60 23.20 23.10 * 0
2018-01-16 16:35:23 24.00 23.70 23.70 23.70 23.50 23.80 23.20 23.50 23.70 23.70 23.90 24.00 24.00 25.70 25.50 24.20 * 23.40 23.40 23.40 23.40 23.40 23.30 23.10 23.10 23.30 23.30 23.50 23.50 23.80 23.60 23.30 23.20 * 0
2018-01-16 16:35:23 23.90 23.60 23.70 23.60 23.50 23.80 23.30 23.50 23.80 23.80 23.90 24.00 24.00 26.30 25.10 24.20 * 23.40 23.40 23.40 23.40 23.40 23.30 23.10 23.10 23.40 23.50 23.70 23.60 23.90 23.50 23.40 23.30 * 0
2018-01-16 16:35:23 24.00 23.70 23.70 23.70 23.60 23.90 23.30 23.50 23.80 23.80 23.90 24.00 24.00 26.60 25.00 24.20 * 23.40 23.60 23.50 23.50 23.50 23.40 23.30 23.10 23.50 23.60 23.70 23.80 24.00 23.50 23.60 23.40 * 0
2018-01-16 16:35:23 23.90 23.70 23.70 23.70 23.50 23.90 23.30 23.50 23.80 23.80 23.90 24.00 24.00 26.80 25.00 24.20 * 23.40 23.60 23.50 23.50 23.60 23.50 23.30 23.10 23.30 23.30 23.60 23.60 24.20 23.30 23.20 23.20 * 0
2018-01-16 16:35:24 24.00 23.70 23.70 23.70 23.50 23.90 23.30 23.50 23.80 23.80 23.90 24.10 24.10 27.10 24.90 24.10 * 23.40 23.50 23.50 23.50 23.50 23.50 23.30 23.10 23.20 23.20 23.40 23.80 24.10 23.20 23.10 23.10 * 0
2018-01-16 16:35:24 23.90 23.70 23.70 23.70 23.50 23.80 23.30 23.40 23.80 23.90 24.00 24.10 25.20 27.10 24.80 24.10 * 23.30 23.40 23.40 23.40 23.40 23.30 23.20 23.00 23.20 23.20 23.60 24.20 24.00 23.20 23.10 23.10 * 0
2018-01-16 16:35:24 24.00 23.80 23.80 23.70 23.60 23.90 23.30 23.50 23.80 23.80 24.00 26.00 27.00 25.40 24.20 24.00 * 23.40 23.50 23.50 23.50 23.50 23.40 23.30 23.10 23.20 23.30 23.90 24.40 23.80 23.20 23.20 23.10 * 0
2018-01-16 16:35:24 23.90 23.60 23.60 23.60 23.40 23.70 23.10 23.30 23.80 23.80 24.90 27.00 26.90 24.60 24.20 24.00 * 23.40 23.50 23.50 23.50 23.50 23.50 23.50 23.70 23.90 24.60 24.40 24.10 23.40 23.40 23.50 23.30 * 0
2018-01-16 16:35:25 23.80 23.60 23.60 23.60 23.40 23.60 23.10 24.30 24.00 24.90 26.30 27.00 26.00 24.10 24.10 24.00 * 23.40 23.60 23.50 23.50 23.50 23.50 24.10 24.40 24.50 25.30 24.00 23.70 23.50 23.50 23.50 23.40 * 0
2018-01-16 16:35:25 23.90 23.60 23.60 23.60 23.50 24.10 24.30 25.50 25.00 25.90 26.80 26.50 24.50 24.00 24.00 24.00 * 23.40 23.60 23.60 23.70 23.70 23.60 24.40 24.60 24.60 25.10 23.70 23.60 23.40 23.40 23.50 23.40 * 0
2018-01-16 16:35:25 24.00 23.70 23.80 23.80 24.30 25.40 25.80 26.20 26.60 26.50 25.90 25.00 24.00 24.10 24.10 24.10 * 23.50 23.80 24.50 24.60 23.80 23.70 24.50 24.30 24.30 24.20 23.60 23.60 23.30 23.30 23.40 23.20 * 0
2018-01-16 16:35:26 23.90 23.70 24.20 26.30 26.70 26.70 24.90 23.80 24.80 23.80 23.90 23.90 23.90 24.00 24.00 23.90 * 24.20 24.40 25.30 25.00 23.70 23.60 23.50 23.30 23.40 23.40 23.60 23.60 23.40 23.30 23.40 23.30 * 0
2018-01-16 16:35:26 23.90 24.00 25.10 26.20 26.40 24.80 23.40 23.50 23.70 23.70 23.90 23.90 23.80 24.00 24.00 23.90 * 25.00 24.50 25.40 25.00 23.60 23.60 23.40 23.20 23.30 23.30 23.50 23.50 23.30 23.20 23.30 23.20 * 0
2018-01-16 16:35:26 24.10 24.80 25.60 25.70 24.90 24.00 23.30 23.50 23.70 23.60 23.90 23.90 23.80 24.00 24.00 23.90 * 25.20 24.00 25.30 24.70 23.60 23.60 23.40 23.20 23.30 23.40 23.50 23.60 23.40 23.30 23.40 23.30 * 0
2018-01-16 16:35:26 24.70 25.30 25.70 25.40 24.00 24.00 23.40 23.60 23.80 23.80 24.00 24.00 24.00 24.00 24.10 24.00 * 25.20 24.00 24.60 24.00 23.50 23.50 23.30 23.10 23.30 23.30 23.50 23.60 23.40 23.30 23.30 23.20 * 0
2018-01-16 16:35:27 26.10 25.80 25.70 24.00 23.60 23.80 23.20 23.40 23.80 23.70 23.90 24.00 23.90 24.00 24.00 24.00 * 25.20 23.70 23.50 23.50 23.50 23.30 23.20 23.10 23.20 23.20 23.40 23.50 23.20 23.20 23.20 23.10 * 0
2018-01-16 16:35:27 26.80 25.80 25.50 23.70 23.60 23.80 23.20 23.40 23.70 23.70 23.90 24.00 23.90 24.00 24.00 24.00 * 25.10 23.60 23.50 23.40 23.50 23.30 23.30 23.10 23.20 23.20 23.50 23.50 23.30 23.10 23.30 23.10 * 0
2018-01-16 16:35:27 27.20 25.80 25.30 23.70 23.60 23.80 23.30 23.40 23.70 23.70 23.90 24.00 23.90 24.00 24.00 24.00 * 25.20 23.70 23.60 23.50 23.60 23.50 23.30 23.20 23.30 23.30 23.50 23.50 23.30 23.20 23.20 23.10 * 0
2018-01-16 16:35:27 26.70 26.40 25.30 23.80 23.60 23.90 23.40 23.50 23.80 23.80 23.90 24.00 23.90 24.00 24.00 24.00 * 25.30 23.70 23.60 23.60 23.70 23.60 23.40 23.30 23.30 23.30 23.60 23.50 23.30 23.20 23.20 23.10 * 0
2018-01-16 16:35:28 25.70 28.30 25.40 23.70 23.60 23.90 23.30 23.50 23.70 23.70 23.90 23.90 23.90 24.00 24.00 23.90 * 25.10 24.00 23.70 23.60 23.50 23.50 23.40 23.20 23.20 23.30 23.50 23.50 23.20 23.20 23.20 23.10 * 0
2018-01-16 16:35:28 25.80 28.50 25.40 23.70 23.60 23.90 23.40 23.50 23.80 23.80 23.90 24.00 23.90 24.00 24.00 24.00 * 25.10 23.90 23.60 23.50 23.50 23.40 23.30 23.10 23.30 23.20 23.50 23.50 23.30 23.20 23.20 23.20 * 0
2018-01-16 16:35:28 26.00 28.40 25.30 23.70 23.60 23.90 23.40 23.60 23.80 23.80 23.90 24.00 23.90 24.00 24.00 24.00 * 25.20 23.90 23.60 23.50 23.50 23.50 23.30 23.20 23.20 23.30 23.50 23.50 23.30 23.20 23.20 23.20 * 0
2018-01-16 16:35:28 26.20 28.20 25.20 23.80 23.60 24.00 23.50 23.60 23.90 23.90 24.00 24.00 24.00 24.10 24.20 24.20 * 25.20 23.90 23.60 23.50 23.50 23.40 23.30 23.10 23.20 23.30 23.50 23.40 23.20 23.20 23.20 23.10 * 0
2018-01-16 16:35:29 26.20 28.00 25.10 23.90 23.60 23.90 23.50 23.60 24.00 24.00 24.10 24.10 24.00 24.20 24.20 24.20 * 25.20 23.80 23.60 23.50 23.50 23.50 23.30 23.10 23.20 23.20 23.40 23.30 23.20 23.10 23.10 23.00 * 0
2018-01-16 16:35:29 26.10 27.70 24.90 23.80 23.60 23.80 23.30 23.50 23.90 23.90 24.00 24.10 24.00 24.00 24.10 24.10 * 25.20 23.80 23.60 23.50 23.50 23.50 23.30 23.20 23.20 23.20 23.50 23.50 23.20 23.20 23.20 23.10 * 0
2018-01-16 16:35:29 26.10 27.70 24.90 23.80 23.60 23.80 23.30 23.50 23.90 23.90 24.00 24.10 24.00 24.00 24.10 24.10 * 25.30 23.80 23.60 23.50 23.50 23.50 23.40 23.20 23.40 23.40 23.70 23.70 23.40 23.40 23.40 23.30 * 0
2018-01-16 16:35:30 26.10 27.70 25.00 23.80 23.60 23.80 23.30 23.50 23.90 23.90 24.00 24.00 24.00 24.10 24.10 24.10 * 25.20 23.80 23.60 23.50 23.60 23.50 23.30 23.20 23.50 23.50 23.70 23.70 23.50 23.40 23.40 23.40 * 0
2018-01-16 16:35:30 26.10 27.60 24.90 23.60 23.60 23.80 23.30 23.50 23.70 23.80 23.90 23.90 24.00 24.00 24.10 24.00 * 25.20 23.80 23.60 23.60 23.60 23.60 23.40 23.20 23.40 23.40 23.60 23.60 23.40 23.30 23.30 23.20 * 0
2018-01-16 16:35:30 26.10 27.60 24.90 23.60 23.60 23.80 23.30 23.50 23.70 23.70 23.90 23.90 23.90 24.00 24.00 24.00 * 25.20 23.80 23.60 23.60 23.60 23.50 23.40 23.20 23.50 23.40 23.60 23.60 23.40 23.40 23.40 23.20 * 0
2018-01-16 16:35:30 26.10 27.80 25.00 23.70 23.60 23.80 23.30 23.60 23.80 23.70 23.90 23.90 23.90 24.00 24.00 24.00 * 25.30 23.80 23.60 23.50 23.60 23.50 23.40 23.20 23.40 23.40 23.60 23.60 23.40 23.40 23.40 23.20 * 0
2018-01-16 16:35:31 26.20 28.00 25.00 23.80 23.60 23.90 23.40 23.60 23.80 23.80 23.90 24.00 24.00 24.00 24.00 24.00 * 25.20 23.80 23.60 23.50 23.50 23.50 23.30 23.20 23.30 23.40 23.50 23.60 23.30 23.30 23.30 23.20 * 0
2018-01-16 16:35:31 26.20 28.00 25.10 23.80 23.60 23.90 23.40 23.60 23.90 23.90 24.00 24.00 24.00 24.10 24.10 24.10 * 25.10 23.70 23.50 23.50 23.40 23.40 23.20 23.10 23.20 23.20 23.40 23.50 23.20 23.10 23.20 23.10 * 0
2018-01-16 16:35:31 26.20 28.10 25.20 23.80 23.70 24.00 23.40 23.70 24.00 24.00 24.10 24.10 24.10 24.20 24.20 24.20 * 25.20 23.90 23.60 23.60 23.70 23.60 23.40 23.30 23.30 23.20 23.50 23.50 23.30 23.10 23.20 23.10 * 0
2018-01-16 16:35:31 25.90 28.40 25.70 23.80 23.70 23.90 23.40 23.60 23.90 23.90 24.00 24.10 24.00 24.20 24.20 24.10 * 25.20 24.10 23.70 23.70 23.80 23.60 23.50 23.40 23.40 23.40 23.60 23.60 23.40 23.30 23.40 23.30 * 0
2018-01-16 16:35:32 25.40 27.70 27.40 24.10 23.60 23.90 23.40 23.60 23.90 23.90 24.00 24.00 24.00 24.10 24.20 24.20 * 25.00 24.10 24.10 23.70 23.70 23.50 23.40 23.30 23.40 23.30 23.60 23.60 23.30 23.20 23.30 23.20 * 0
2018-01-16 16:35:32 24.90 26.50 28.10 26.10 23.90 23.90 23.40 23.60 24.10 23.80 23.90 24.00 24.00 24.00 24.00 24.00 * 24.20 23.70 25.20 26.20 25.00 23.60 23.40 23.20 23.30 23.20 23.50 23.50 23.30 23.20 23.20 23.20 * 0
2018-01-16 16:35:32 24.10 24.10 24.60 25.10 25.80 26.00 25.50 24.80 25.70 25.10 24.20 24.00 24.00 24.00 24.00 24.00 * 23.60 23.60 24.70 26.30 25.20 23.60 23.40 23.40 23.40 23.50 23.80 23.90 23.80 23.50 23.40 23.30 * 0
2018-01-16 16:35:33 24.10 23.90 23.80 23.90 24.20 25.10 25.60 25.70 25.70 25.80 25.50 25.00 24.60 24.20 24.10 24.00 * 23.60 23.60 23.90 25.00 24.90 23.70 23.50 23.40 23.60 23.60 23.80 24.00 24.70 24.00 23.50 23.40 * 0
2018-01-16 16:35:33 24.10 23.80 23.80 23.70 23.60 23.90 23.80 24.50 24.10 24.60 25.10 25.40 25.80 25.70 24.80 24.10 * 23.60 23.60 23.50 23.70 24.00 23.60 23.40 23.20 23.50 23.50 23.60 23.70 24.80 24.40 23.50 23.40 * 0
2018-01-16 16:35:33 24.00 23.80 23.70 23.70 23.50 23.80 23.30 23.60 23.70 23.70 23.90 23.90 24.00 24.80 26.10 25.10 * 23.50 23.50 23.50 23.40 23.50 23.50 23.30 23.20 23.40 23.40 23.60 23.60 23.90 24.30 23.80 23.40 * 0
2018-01-16 16:35:33 23.90 23.70 23.60 23.60 23.40 23.70 23.20 23.30 23.70 23.80 23.90 23.90 23.90 24.10 25.90 25.80 * 23.40 23.50 23.60 23.50 23.60 23.50 23.30 23.10 23.40 23.40 23.60 23.60 23.40 23.90 24.30 23.40 * 0
2018-01-16 16:35:34 23.90 23.70 23.70 23.60 23.40 23.70 23.20 23.40 23.80 23.90 23.90 24.00 23.90 24.10 25.10 26.10 * 23.40 23.50 23.60 23.50 23.60 23.50 23.40 23.20 23.30 23.20 23.50 23.50 23.30 23.60 24.50 23.50 * 0
2018-01-16 16:35:34 24.00 23.70 23.80 23.70 23.50 23.80 23.30 23.50 23.90 23.90 24.10 24.10 24.00 24.20 24.60 26.10 * 23.50 23.60 23.60 23.50 23.60 23.50 23.40 23.20 23.30 23.30 23.50 23.50 23.20 23.40 24.20 23.50 * 0
2018-01-16 16:35:34 24.00 23.70 23.70 23.70 23.50 23.80 23.30 23.50 23.80 23.90 24.10 24.00 24.00 24.10 24.20 25.40 * 23.50 23.60 23.60 23.50 23.60 23.50 23.40 23.10 23.30 23.30 23.40 23.50 23.20 23.20 24.00 23.50 * 0
2018-01-16 16:35:34 23.90 23.60 23.60 23.60 23.40 23.70 23.20 23.30 23.70 23.80 24.10 24.00 24.00 24.10 24.20 24.80 * 23.50 23.50 23.60 23.50 23.50 23.40 23.40 23.20 23.30 23.20 23.50 23.50 23.30 23.20 23.90 23.80 * 0
2018-01-16 16:35:35 23.80 23.60 23.60 23.60 23.40 23.70 23.10 23.40 23.70 23.70 24.00 24.00 24.00 24.00 24.20 24.30 * 23.50 23.50 23.60 23.50 23.60 23.50 23.40 23.20 23.40 23.30 23.60 23.50 23.30 23.30 23.70 24.10 * 0
2018-01-16 16:35:35 23.90 23.70 23.70 23.60 23.50 23.70 23.20 23.40 23.70 23.70 24.00 24.00 23.90 24.00 24.10 24.10 * 23.40 23.60 23.50 23.50 23.60 23.50 23.30 23.20 23.30 23.40 23.60 23.50 23.30 23.30 23.50 24.00 * 0
2018-01-16 16:35:35 24.00 23.70 23.70 23.60 23.50 23.80 23.30 23.40 23.60 23.60 23.90 23.90 23.90 23.90 24.00 24.00 * 23.30 23.50 23.50 23.50 23.50 23.40 23.30 23.10 23.30 23.30 23.50 23.50 23.30 23.30 23.40 23.90 * 0
2018-01-16 16:35:35 24.00 23.70 23.80 23.70 23.60 23.80 23.30 23.40 23.60 23.60 23.80 23.80 23.80 24.00 24.00 24.40 * 23.60 23.70 23.70 23.60 23.70 23.60 23.50 23.40 23.30 23.40 23.50 23.50 23.30 23.30 23.50 23.90 * 0
2018-01-16 16:35:36 24.00 23.70 23.70 23.70 23.50 23.80 23.30 23.40 23.60 23.60 23.80 23.90 23.90 24.00 24.00 24.50 * 23.60 23.80 23.80 23.60 23.70 23.60 23.50 23.40 23.40 23.40 23.50 23.60 23.40 23.30 23.50 24.00 * 0
2018-01-16 16:35:36 24.10 23.80 23.80 23.70 23.60 23.90 23.30 23.50 23.70 23.70 23.90 23.90 23.90 24.00 24.10 24.80 * 23.50 23.70 23.70 23.60 23.60 23.50 23.50 23.30 23.40 23.30 23.60 23.60 23.30 23.30 23.50 24.10 * 0
2018-01-16 16:35:36 24.10 23.80 23.80 23.70 23.60 23.90 23.30 23.60 23.60 23.70 23.80 23.90 23.90 24.00 23.90 24.90 * 23.50 23.60 23.60 23.50 23.60 23.50 23.40 23.20 23.30 23.30 23.50 23.50 23.30 23.30 23.70 24.30 * 0
2018-01-16 16:35:37 23.90 23.70 23.60 23.60 23.50 23.80 23.20 23.40 23.60 23.60 23.90 23.90 24.00 24.00 24.00 25.20 * 23.50 23.60 23.60 23.50 23.50 23.50 23.40 23.30 23.30 23.40 23.50 23.50 23.30 23.80 23.90 24.30 * 0
2018-01-16 16:35:37 23.90 23.70 23.70 23.60 23.50 23.80 23.20 23.40 23.60 23.70 23.90 23.90 24.00 24.00 24.20 25.80 * 23.60 23.70 23.70 23.60 23.70 23.60 23.40 23.30 23.40 23.30 23.60 23.60 24.10 25.10 23.60 24.20 * 0
2018-01-16 16:35:37 24.00 23.70 23.70 23.70 23.40 23.80 23.20 23.40 23.70 23.70 24.00 24.00 24.00 24.10 25.40 26.20 * 23.70 23.70 23.70 23.60 23.80 23.70 23.50 23.40 23.30 23.30 23.50 23.50 24.00 25.10 24.10 23.70 * 0
2018-01-16 16:35:37 24.00 23.70 23.70 23.70 23.40 23.70 23.20 23.50 23.80 23.70 24.00 24.00 24.00 24.90 26.40 25.80 * 23.50 23.60 23.60 23.50 23.60 23.50 23.50 23.30 23.30 23.30 23.80 24.30 24.50 25.10 23.90 23.30 * 0
2018-01-16 16:35:38 23.90 23.60 23.70 23.60 23.50 23.70 23.30 23.40 23.80 23.80 24.00 24.20 25.10 26.10 25.70 24.60 * 23.40 23.60 23.50 23.50 23.60 23.50 23.40 23.50 23.30 23.70 25.10 25.00 24.60 25.00 23.40 23.20 * 0
2018-01-16 16:35:38 23.90 23.70 23.70 23.60 23.40 23.80 23.20 23.50 23.80 23.90 24.20 25.50 26.00 26.00 25.00 24.30 * 23.50 23.60 23.60 23.50 23.60 23.60 23.40 24.10 23.40 24.20 26.20 24.70 24.50 23.80 23.30 23.20 * 0
2018-01-16 16:35:38 24.00 23.70 23.80 23.70 23.60 23.90 23.40 23.60 23.80 23.90 24.60 26.40 26.10 26.00 24.50 24.30 * 23.50 23.60 23.60 23.50 23.60 23.50 23.40 24.20 23.40 24.20 26.20 24.60 24.40 23.40 23.20 23.10 * 0
2018-01-16 16:35:38 24.00 23.70 23.80 23.70 23.60 23.90 23.30 23.60 23.80 23.80 24.00 25.80 26.20 26.00 25.10 24.30 * 23.50 23.50 23.60 23.50 23.50 23.40 23.30 24.20 23.40 24.10 26.20 24.60 24.00 24.30 23.30 23.10 * 0
2018-01-16 16:35:39 23.90 23.70 23.80 23.60 23.50 23.80 23.20 23.40 23.90 23.90 24.00 24.80 25.50 26.10 25.90 24.70 * 23.50 23.60 23.60 23.60 23.60 23.60 23.40 23.90 23.40 23.70 25.00 25.30 24.60 25.80 23.60 23.20 * 0
2018-01-16 16:35:39 23.90 23.70 23.70 23.60 23.50 23.80 23.20 23.30 23.80 23.90 24.00 24.20 24.40 25.60 26.30 25.40 * 23.60 23.70 23.70 23.70 23.70 23.60 23.60 23.60 23.50 23.40 23.90 24.50 24.70 25.80 24.10 23.60 * 0
2018-01-16 16:35:39 23.90 23.70 23.70 23.70 23.50 23.80 23.20 23.30 23.80 23.90 24.00 24.10 24.00 24.70 26.40 26.10 * 23.60 23.60 23.70 23.60 23.70 23.50 23.50 23.40 23.40 23.40 23.60 23.60 23.80 25.80 24.10 24.00 * 0
2018-01-16 16:35:40 23.90 23.70 23.70 23.70 23.40 23.80 23.20 23.30 23.70 23.80 23.90 23.90 23.90 24.10 25.70 26.30 * 23.50 23.50 23.60 23.50 23.50 23.40 23.30 23.20 23.30 23.40 23.60 23.60 23.70 25.70 23.60 23.90 * 0
2018-01-16 16:35:40 24.00 23.70 23.80 23.70 23.50 23.90 23.30 23.40 23.60 23.70 23.80 23.90 23.90 24.00 24.10 25.10 * 23.50 23.60 23.50 23.50 23.50 23.50 23.30 23.20 23.30 23.40 23.60 23.60 23.70 25.70 23.80 23.70 * 0
