2018-01-16 17:48:08 23.90 23.80 23.70 23.60 23.40 23.60 23.50 24.30 23.80 23.90 24.60 26.10 26.30 25.60 25.30 24.20 * 23.30 23.30 23.30 23.40 23.60 23.60 23.50 24.50 23.30 24.70 23.60 23.80 23.10 23.10 23.00 22.90 * 1
2018-01-16 17:48:08 23.90 23.80 23.70 23.60 23.40 23.60 23.50 23.60 23.80 23.90 24.00 24.90 26.60 26.00 26.20 24.20 * 23.20 23.30 23.30 23.40 23.60 23.60 23.50 24.10 23.20 23.50 23.70 24.50 23.30 23.20 23.20 23.00 * 1
2018-01-16 17:48:09 24.00 23.80 23.80 23.70 23.40 23.60 23.60 23.70 24.00 24.00 24.10 24.40 26.70 26.50 26.70 24.40 * 23.50 23.50 23.50 23.60 23.70 23.70 23.60 23.50 23.30 23.50 23.60 24.70 23.60 23.30 23.30 23.20 * 1
2018-01-16 17:48:09 24.20 24.00 23.90 23.90 23.50 23.80 23.70 23.90 24.20 24.20 24.40 24.40 26.60 27.10 27.10 24.80 * 23.60 23.60 23.50 23.60 23.80 23.80 23.70 23.60 23.50 23.50 23.70 24.30 23.90 23.40 23.40 23.20 * 1
2018-01-16 17:48:09 23.90 23.70 23.70 23.60 23.40 23.50 23.50 23.60 24.00 24.00 24.10 24.20 24.30 27.50 27.10 24.70 * 23.40 23.40 23.30 23.50 23.60 23.70 23.50 23.50 23.40 23.40 23.60 23.70 24.10 23.40 23.30 23.10 * 1
2018-01-16 17:48:09 23.90 23.70 23.70 23.60 23.30 23.60 23.50 23.60 23.90 23.80 24.10 24.10 24.10 26.80 27.20 24.60 * 23.30 23.30 23.30 23.50 23.60 23.60 23.50 23.30 23.30 23.40 23.60 23.60 24.70 23.50 23.10 23.00 * 1
2018-01-16 17:48:10 23.90 23.70 23.70 23.60 23.30 23.60 23.40 23.60 23.70 23.70 23.90 23.90 23.90 25.20 27.20 24.40 * 23.20 23.20 23.30 23.40 23.50 23.50 23.30 23.20 23.20 23.30 23.50 23.40 24.60 23.40 23.10 23.00 * 1
2018-01-16 17:48:10 23.90 23.70 23.70 23.60 23.30 23.50 23.40 23.60 23.60 23.70 23.80 23.80 23.90 25.00 27.30 24.50 * 23.20 23.20 23.20 23.30 23.50 23.40 23.30 23.20 23.10 23.10 23.40 23.40 24.40 23.30 23.00 22.80 * 1
2018-01-16 17:48:10 23.90 23.80 23.80 23.60 23.40 23.60 23.50 23.70 23.60 23.60 23.80 23.80 24.00 26.00 27.30 24.40 * 23.20 23.20 23.20 23.30 23.50 23.50 23.30 23.20 23.20 23.20 23.50 23.80 24.30 23.30 23.00 22.80 * 1
2018-01-16 17:48:11 23.80 23.70 23.70 23.60 23.30 23.50 23.40 23.50 23.70 23.70 23.90 23.90 24.30 26.80 26.60 24.40 * 23.20 23.20 23.20 23.30 23.50 23.50 23.30 23.20 23.20 23.30 23.90 24.30 23.40 23.10 23.10 22.90 * 1
2018-01-16 17:48:11 23.80 23.70 23.70 23.60 23.30 23.50 23.40 23.60 23.80 23.90 24.00 24.00 24.80 27.60 25.30 24.20 * 23.30 23.30 23.30 23.40 23.60 23.60 23.40 23.50 23.40 23.50 24.50 24.30 23.40 23.20 23.20 23.10 * 1
2018-01-16 17:48:11 23.90 23.70 23.70 23.60 23.30 23.50 23.40 23.60 23.70 23.70 24.00 24.00 25.90 26.80 24.30 24.00 * 23.30 23.20 23.30 23.40 23.60 23.50 23.40 23.50 23.40 23.60 24.80 23.90 23.40 23.30 23.30 23.10 * 1
2018-01-16 17:48:11 23.80 23.60 23.70 23.50 23.20 23.50 23.30 23.60 23.80 23.90 24.10 25.80 27.10 24.60 24.30 24.10 * 23.30 23.20 23.30 23.40 23.60 23.50 23.40 23.80 23.50 24.30 25.00 23.50 23.30 23.20 23.20 23.10 * 1
2018-01-16 17:48:12 23.70 23.60 23.60 23.50 23.20 23.40 23.30 23.60 23.90 24.10 25.70 26.30 25.20 24.30 24.20 24.10 * 23.20 23.30 23.30 23.40 23.60 23.50 23.60 24.50 25.20 25.40 25.00 23.60 23.40 23.30 23.30 23.20 * 1
2018-01-16 17:48:12 23.80 23.70 23.60 23.50 23.20 23.50 23.40 23.70 23.90 24.10 25.60 24.90 24.10 24.20 24.10 24.10 * 23.20 23.30 23.20 23.30 23.50 24.70 25.80 24.80 26.00 24.90 24.90 23.40 23.30 23.30 23.20 23.10 * 1
2018-01-16 17:48:12 23.90 23.80 23.70 23.60 23.30 23.60 23.50 23.70 24.00 24.00 24.10 24.10 24.10 24.20 24.20 24.10 * 23.10 23.20 23.20 23.30 23.50 24.60 26.00 24.80 26.00 24.80 25.00 23.30 23.10 23.10 23.10 22.90 * 1
2018-01-16 17:48:12 24.00 23.70 23.80 23.60 23.40 23.60 23.50 23.80 24.00 23.90 24.10 24.10 24.10 24.20 24.10 24.20 * 23.10 23.20 23.20 23.30 23.50 24.70 26.10 25.20 26.10 25.50 25.20 23.30 23.10 23.10 23.10 22.90 * 1
2018-01-16 17:48:13 23.90 23.80 23.80 23.60 23.40 23.60 23.50 23.70 23.80 23.80 24.00 24.00 24.00 24.00 24.00 24.00 * 23.10 23.20 23.20 23.30 23.50 24.50 26.00 25.50 26.00 26.10 25.40 23.70 23.10 23.20 23.20 23.10 * 1
2018-01-16 17:48:13 23.90 23.80 23.80 23.60 23.30 23.60 23.50 23.70 23.70 23.80 23.80 23.90 23.90 24.00 24.00 23.90 * 23.30 23.30 23.20 23.40 23.60 23.60 24.50 26.40 24.60 27.10 26.60 24.10 23.40 23.40 23.40 23.20 * 1
2018-01-16 17:48:13 23.80 23.70 23.70 23.50 23.30 23.60 23.40 23.60 23.80 23.80 24.00 24.00 24.00 24.10 24.00 24.00 * 23.20 23.30 23.20 23.40 23.60 23.60 24.30 26.60 24.60 27.30 26.80 24.00 23.40 23.40 23.40 23.20 * 1
2018-01-16 17:48:14 23.70 23.70 23.70 23.50 23.20 23.50 23.30 23.50 23.70 23.70 23.90 23.90 23.90 24.00 23.90 23.90 * 23.30 23.30 23.30 23.40 23.60 23.60 24.50 26.70 24.80 27.40 27.90 24.50 23.50 23.40 23.40 23.20 * 1
2018-01-16 17:48:14 23.90 23.70 23.70 23.60 23.20 23.50 23.40 23.60 23.70 23.70 23.90 23.90 23.90 24.00 23.90 23.90 * 23.30 23.30 23.30 23.50 23.60 23.60 24.60 26.70 24.80 27.30 28.60 25.90 23.40 23.40 23.30 23.10 * 1
2018-01-16 17:48:14 23.90 23.70 23.70 23.60 23.30 23.50 23.50 23.60 23.80 23.80 24.00 24.00 23.90 24.10 24.10 24.00 * 23.20 23.30 23.20 23.30 23.50 23.60 25.10 26.80 25.10 27.20 28.50 25.90 23.40 23.30 23.30 23.10 * 1
2018-01-16 17:48:14 23.90 23.70 23.70 23.60 23.30 23.50 23.50 23.70 23.80 23.80 24.00 24.00 24.00 24.10 24.10 24.10 * 23.10 23.20 23.20 23.30 23.50 23.50 25.00 26.70 25.00 27.20 28.60 25.60 23.40 23.30 23.30 23.20 * 1
2018-01-16 17:48:15 23.90 23.80 23.80 23.60 23.30 23.60 23.50 23.70 23.60 23.70 23.90 23.90 23.80 24.00 24.00 23.90 * 23.10 23.20 23.20 23.30 23.50 23.60 24.70 26.70 24.70 27.20 28.20 24.80 23.30 23.30 23.30 23.20 * 1
2018-01-16 17:48:15 23.80 23.80 23.70 23.60 23.20 23.50 23.40 23.60 23.80 23.90 24.00 24.10 24.00 24.20 24.20 24.10 * 23.20 23.20 23.20 23.40 23.60 23.60 24.60 26.80 24.70 27.40 26.90 24.20 23.30 23.30 23.30 23.20 * 1
2018-01-16 17:48:15 23.90 23.70 23.70 23.60 23.40 23.50 23.40 23.60 23.90 23.80 24.00 24.10 24.10 24.20 24.10 24.10 * 23.20 23.30 23.30 23.40 23.60 23.60 24.70 26.90 24.80 27.60 25.70 23.80 23.40 23.40 23.30 23.20 * 1
2018-01-16 17:48:15 23.70 23.60 23.70 23.50 23.20 23.40 23.30 23.50 23.70 23.70 23.90 23.90 23.90 24.00 23.90 23.90 * 23.30 23.30 23.30 23.40 23.50 23.60 24.70 26.90 24.70 27.50 25.60 23.80 23.40 23.40 23.30 23.20 * 1
2018-01-16 17:48:16 23.70 23.60 23.60 23.50 23.20 23.50 23.30 23.50 23.60 23.70 23.90 23.90 23.90 23.90 24.00 23.90 * 23.30 23.30 23.30 23.40 23.60 23.60 24.70 26.90 24.70 27.40 25.40 23.70 23.20 23.30 23.20 23.10 * 1
2018-01-16 17:48:16 24.00 23.80 23.80 23.70 23.40 23.60 23.50 23.70 23.60 23.80 24.00 23.90 24.00 24.00 24.10 23.90 * 23.10 23.20 23.30 23.40 23.60 23.60 24.70 26.90 24.70 27.40 25.40 23.70 23.20 23.30 23.20 23.00 * 1
2018-01-16 17:48:16 23.90 23.90 23.80 23.70 23.40 23.60 23.50 23.70 23.80 23.90 24.10 24.10 24.00 24.20 24.20 24.00 * 23.30 23.50 23.40 23.60 23.70 23.70 24.80 26.90 24.80 27.50 25.50 23.80 23.30 23.30 23.30 23.10 * 1
2018-01-16 17:48:16 23.70 23.70 23.70 23.60 23.30 23.50 23.40 23.50 23.80 23.90 24.00 24.10 24.00 24.10 24.10 24.00 * 23.30 23.40 23.40 23.50 23.70 23.60 24.80 27.00 24.70 27.50 25.60 23.80 23.30 23.30 23.20 23.10 * 1
2018-01-16 17:48:17 23.80 23.70 23.70 23.60 23.40 23.50 23.40 23.60 23.60 23.70 23.90 24.00 23.90 24.00 24.00 23.90 * 23.20 23.30 23.30 23.40 23.60 23.60 24.80 26.90 24.80 27.50 25.80 24.00 23.40 23.40 23.40 23.20 * 1
2018-01-16 17:48:17 23.80 23.70 23.70 23.60 23.40 23.50 23.50 23.60 23.60 23.70 23.90 23.90 23.80 24.00 24.00 23.90 * 23.20 23.30 23.30 23.40 23.60 23.60 24.70 26.90 24.80 27.50 26.40 24.30 23.40 23.40 23.40 23.20 * 1
2018-01-16 17:48:17 23.80 23.70 23.60 23.60 23.30 23.40 23.40 23.50 23.70 23.80 24.00 24.00 23.90 24.10 24.00 24.00 * 23.20 23.30 23.30 23.50 23.60 23.60 24.60 26.90 24.70 27.20 28.40 27.20 24.20 23.40 23.40 23.20 * 1
2018-01-16 17:48:18 23.70 23.70 23.60 23.60 23.20 23.40 23.30 23.50 23.70 23.80 23.90 24.00 23.90 24.00 23.90 23.90 * 23.30 23.40 23.40 23.50 23.70 23.70 24.90 26.70 24.90 26.70 28.40 27.90 26.10 24.80 23.50 23.10 * 1
2018-01-16 17:48:18 23.80 23.70 23.70 23.60 23.30 23.50 23.40 23.50 23.60 23.70 23.80 23.90 23.90 23.90 23.90 23.90 * 23.30 23.40 23.40 23.50 23.70 23.70 24.50 25.80 24.40 25.90 28.30 27.70 27.20 27.60 23.80 23.20 * 1
2018-01-16 17:48:18 23.80 23.70 23.70 23.60 23.30 23.50 23.40 23.60 23.70 23.70 23.90 23.90 23.90 24.00 24.00 24.00 * 23.30 23.40 23.30 23.50 23.70 23.60 23.70 25.20 23.80 25.60 27.80 28.10 27.10 29.10 24.20 23.30 * 1
2018-01-16 17:48:18 23.90 23.70 23.70 23.60 23.30 23.50 23.40 23.60 23.70 23.80 24.00 24.00 24.00 24.20 24.10 24.10 * 23.40 23.50 23.40 23.50 23.70 23.70 23.60 25.10 23.60 25.20 27.30 28.20 26.90 29.30 24.40 23.30 * 1
2018-01-16 17:48:19 23.80 23.70 23.70 23.50 23.20 23.40 23.30 23.50 23.70 23.80 24.00 24.00 24.00 24.20 24.00 24.00 * 23.30 23.30 23.30 23.40 23.60 23.70 23.60 24.70 23.40 24.80 27.40 28.20 27.00 29.50 24.60 23.20 * 1
2018-01-16 17:48:19 23.90 23.80 23.80 23.60 23.30 23.50 23.40 23.50 23.60 23.70 23.90 24.00 23.90 24.10 24.00 24.00 * 23.30 23.30 23.30 23.40 23.60 23.60 23.60 24.70 23.50 24.80 27.50 28.20 27.00 29.60 24.90 23.30 * 1
2018-01-16 17:48:19 23.90 23.80 23.80 23.60 23.30 23.50 23.40 23.50 23.80 23.90 24.00 24.00 24.00 24.10 24.10 24.00 * 23.30 23.40 23.40 23.50 23.60 23.60 23.60 24.80 23.60 24.90 27.60 28.20 27.10 29.50 25.00 23.40 * 1
2018-01-16 17:48:19 23.90 23.80 23.70 23.60 23.30 23.50 23.40 23.50 23.80 23.80 24.00 24.00 24.00 24.10 24.10 24.00 * 23.40 23.50 23.50 23.50 23.70 23.70 23.60 24.90 23.50 24.90 27.60 28.20 27.10 29.50 25.00 23.40 * 1
2018-01-16 17:48:20 23.70 23.60 23.60 23.50 23.20 23.40 23.30 23.50 23.60 23.60 23.80 23.90 23.90 23.90 24.00 23.90 * 23.40 23.50 23.40 23.50 23.70 23.70 23.70 24.80 23.70 25.00 27.90 28.30 27.30 29.60 25.40 23.60 * 1
2018-01-16 17:48:20 23.70 23.60 23.70 23.50 23.30 23.40 23.30 23.60 23.60 23.70 23.90 23.90 23.90 23.90 24.00 23.90 * 23.30 23.40 23.30 23.50 23.70 23.60 23.60 24.80 23.70 25.00 27.90 28.30 27.30 29.70 25.70 23.70 * 1
2018-01-16 17:48:20 23.80 23.60 23.60 23.50 23.30 23.50 23.40 23.50 23.80 23.90 24.00 24.00 23.90 24.10 24.10 24.10 * 23.40 23.40 23.30 23.50 23.70 23.70 23.60 24.80 23.80 25.10 27.90 28.30 27.30 29.70 26.30 23.80 * 1
2018-01-16 17:48:20 23.80 23.60 23.70 23.50 23.30 23.50 23.40 23.60 23.70 23.90 23.90 24.00 23.90 24.10 24.10 24.00 * 23.40 23.40 23.30 23.50 23.60 23.60 23.60 24.80 23.60 25.00 27.90 28.30 27.30 29.50 26.60 23.70 * 1
2018-01-16 17:48:21 23.90 23.80 23.80 23.60 23.40 23.60 23.50 23.70 23.70 23.80 23.90 24.10 23.90 24.10 24.10 24.00 * 23.30 23.40 23.30 23.50 23.60 23.60 23.60 24.70 23.50 24.90 27.80 28.20 27.20 29.40 26.70 23.50 * 1
2018-01-16 17:48:21 23.80 23.70 23.70 23.60 23.30 23.50 23.40 23.70 23.70 23.80 24.00 24.00 24.00 24.10 24.10 24.00 * 23.30 23.30 23.30 23.50 23.60 23.60 23.60 24.80 23.70 25.10 27.80 28.40 27.40 29.60 27.00 23.80 * 1
2018-01-16 17:48:21 23.80 23.70 23.70 23.60 23.30 23.50 23.40 23.60 23.70 23.80 24.00 24.00 24.00 24.10 24.10 24.00 * 23.40 23.40 23.40 23.50 23.70 23.70 23.60 24.90 23.70 25.10 27.90 28.40 27.40 29.60 27.00 23.90 * 1
2018-01-16 17:48:22 23.80 23.70 23.70 23.60 23.30 23.60 23.40 23.60 23.70 23.80 24.00 24.00 23.90 24.00 24.10 24.00 * 23.40 23.50 23.40 23.50 23.70 23.70 23.60 24.90 23.60 25.00 27.90 28.30 27.30 29.50 26.80 23.70 * 1
2018-01-16 17:48:22 23.90 23.70 23.70 23.60 23.30 23.50 23.40 23.70 23.70 23.80 23.90 24.00 24.00 24.10 24.10 24.00 * 23.20 23.30 23.30 23.40 23.50 23.50 23.50 24.70 23.60 24.90 27.80 28.30 27.40 29.40 26.70 23.60 * 1
2018-01-16 17:48:22 24.00 23.80 23.80 23.60 23.30 23.50 23.50 23.60 23.70 23.80 23.90 24.00 24.00 24.10 24.10 24.00 * 23.20 23.30 23.20 23.40 23.50 23.50 23.50 24.70 23.70 25.10 28.00 28.30 27.50 29.50 26.80 23.80 * 1
2018-01-16 17:48:22 24.00 23.70 23.70 23.60 23.30 23.60 23.50 23.60 23.70 23.80 23.90 24.00 24.00 24.00 24.10 24.00 * 23.30 23.40 23.40 23.50 23.60 23.60 23.60 24.90 23.80 25.40 28.10 28.40 27.50 29.60 26.90 23.90 * 1
2018-01-16 17:48:23 23.90 23.80 23.80 23.60 23.30 23.60 23.50 23.60 23.70 23.80 24.00 24.00 24.00 24.10 24.20 23.90 * 23.30 23.40 23.40 23.50 23.70 23.70 23.60 24.90 23.80 25.40 27.80 28.50 27.60 29.60 26.80 23.90 * 1
2018-01-16 17:48:23 23.80 23.70 23.70 23.50 23.30 23.50 23.40 23.60 23.60 23.80 23.90 23.90 23.90 24.00 24.10 23.90 * 23.20 23.30 23.30 23.40 23.60 23.50 23.50 24.80 23.80 25.30 27.10 28.80 27.70 29.60 26.30 23.70 * 1
2018-01-16 17:48:23 23.60 23.60 23.60 23.40 23.10 23.40 23.30 23.40 23.70 23.90 24.00 24.00 24.00 24.10 24.20 24.00 * 23.30 23.30 23.40 23.40 23.60 23.60 23.60 24.90 23.80 25.40 26.50 28.80 28.00 28.50 24.10 23.30 * 1
2018-01-16 17:48:23 23.70 23.60 23.60 23.40 23.10 23.40 23.30 23.40 23.80 23.90 24.00 24.00 24.00 24.20 24.20 24.10 * 23.30 23.40 23.40 23.50 23.70 23.70 24.10 25.50 24.30 26.10 27.30 28.20 27.40 25.90 23.60 23.20 * 1
2018-01-16 17:48:24 23.80 23.70 23.60 23.50 23.30 23.50 23.40 23.50 23.80 23.90 24.10 24.10 24.00 24.10 24.20 24.10 * 23.40 23.50 23.40 23.60 23.80 23.80 24.90 26.70 25.20 27.30 28.30 26.90 25.10 23.70 23.40 23.20 * 1
2018-01-16 17:48:24 23.80 23.70 23.60 23.50 23.30 23.50 23.40 23.50 23.80 23.80 24.00 24.00 24.10 24.10 24.20 24.10 * 23.30 23.40 23.30 23.50 23.70 23.90 26.00 27.50 26.40 27.80 28.40 25.30 23.50 23.40 23.30 23.10 * 1
2018-01-16 17:48:24 23.80 23.80 23.70 23.50 23.30 23.60 23.40 23.70 23.90 23.90 24.00 24.00 24.10 24.10 24.20 24.10 * 23.20 23.30 23.20 23.40 23.50 24.10 27.00 27.50 27.40 27.50 27.70 24.10 23.30 23.30 23.30 23.00 * 1
