2018-01-16 17:38:37 24.70 25.90 25.10 25.30 24.80 23.70 23.60 23.70 23.90 23.90 24.00 24.00 23.90 24.00 24.10 24.20 * 23.60 23.30 23.30 23.30 23.60 23.60 23.40 23.30 23.30 23.40 23.50 23.50 23.40 23.30 23.40 23.20 * 1
2018-01-16 17:38:37 24.90 25.80 25.00 24.90 23.60 23.80 23.60 23.80 24.00 24.00 24.10 24.10 24.10 24.20 24.30 24.30 * 23.50 23.30 23.30 23.30 23.50 23.50 23.40 23.30 23.30 23.50 23.50 23.50 23.40 23.30 23.40 23.20 * 1
2018-01-16 17:38:37 25.10 25.70 24.80 23.80 23.50 23.70 23.70 23.90 24.00 24.00 24.10 24.10 24.00 24.20 24.30 24.20 * 23.30 23.20 23.20 23.30 23.50 23.50 23.40 23.30 23.10 23.30 23.50 23.30 23.10 23.20 23.10 23.10 * 1
2018-01-16 17:38:38 25.00 25.60 24.50 23.70 23.40 23.60 23.50 23.70 23.90 23.90 24.10 24.00 24.00 24.10 24.20 24.10 * 23.40 23.20 23.20 23.30 23.50 23.60 23.40 23.30 23.20 23.30 23.50 23.40 23.20 23.20 23.20 23.10 * 1
2018-01-16 17:38:38 25.30 25.70 23.90 23.60 23.40 23.60 23.50 23.70 23.80 23.90 24.10 24.00 24.00 24.10 24.10 24.20 * 23.40 23.30 23.30 23.30 23.50 23.60 23.40 23.30 23.10 23.20 23.40 23.30 23.20 23.20 23.20 23.00 * 1
2018-01-16 17:38:38 25.00 25.70 24.00 23.60 23.30 23.60 23.50 23.60 23.90 23.90 24.10 24.10 24.10 24.20 24.20 24.20 * 23.50 23.40 23.30 23.40 23.50 23.60 23.40 23.40 23.20 23.20 23.40 23.40 23.20 23.20 23.20 23.00 * 1
2018-01-16 17:38:38 24.40 25.40 24.50 23.70 23.30 23.60 23.60 23.70 23.80 23.80 24.00 24.00 24.00 24.10 24.10 24.10 * 23.60 23.50 23.30 23.40 23.60 23.60 23.50 23.40 23.30 23.30 23.50 23.40 23.20 23.20 23.30 23.10 * 1
2018-01-16 17:38:39 24.10 24.60 25.20 24.20 23.40 23.60 23.50 23.70 23.90 23.90 24.00 24.00 24.00 24.10 24.20 24.30 * 23.70 23.60 23.30 23.40 23.60 23.60 23.50 23.40 23.20 23.30 23.40 23.40 23.20 23.10 23.20 23.10 * 1
2018-01-16 17:38:39 24.00 23.90 24.30 25.90 25.00 23.60 23.50 23.70 23.90 24.00 24.00 24.10 24.10 24.20 24.20 24.30 * 23.40 23.90 23.60 23.40 23.50 23.50 23.40 23.30 23.30 23.30 23.50 23.50 23.20 23.20 23.20 23.10 * 1
2018-01-16 17:38:39 24.00 23.90 23.90 24.80 25.60 24.80 23.80 23.80 24.20 23.90 24.00 24.10 24.00 24.10 24.10 24.10 * 23.50 23.80 24.10 23.90 24.20 24.00 23.60 23.40 23.50 23.50 23.70 23.60 23.40 23.40 23.40 23.30 * 1
2018-01-16 17:38:39 24.00 24.00 23.90 23.90 24.40 24.90 23.90 23.80 24.20 23.90 24.00 24.00 23.90 24.00 24.10 24.10 * 23.40 23.60 24.10 24.20 24.70 24.40 23.50 23.40 23.40 23.40 23.50 23.50 23.20 23.20 23.30 23.10 * 1
2018-01-16 17:38:40 24.00 23.90 23.90 23.80 23.40 23.70 23.60 23.70 23.80 23.90 24.00 23.90 23.90 24.00 24.10 24.00 * 23.30 23.40 23.90 24.20 24.90 24.40 23.40 23.30 23.50 23.40 23.60 23.60 23.30 23.30 23.40 23.20 * 1
2018-01-16 17:38:40 23.90 23.70 23.80 23.60 23.30 23.60 23.50 23.70 23.70 23.80 23.90 23.90 23.90 24.00 24.10 24.00 * 23.30 23.30 23.90 24.70 25.40 24.60 23.50 23.40 23.60 23.50 23.60 23.60 23.30 23.30 23.40 23.20 * 1
2018-01-16 17:38:40 23.90 23.70 23.80 23.60 23.30 23.50 23.40 23.60 23.80 23.80 23.90 23.90 23.90 24.00 24.10 24.00 * 23.40 23.30 23.50 24.50 25.60 25.30 23.90 23.50 24.00 23.50 23.70 23.60 23.30 23.30 23.40 23.20 * 1
2018-01-16 17:38:40 24.00 23.70 23.80 23.60 23.40 23.60 23.50 23.60 23.90 23.90 24.00 24.00 24.00 24.10 24.20 24.10 * 23.40 23.30 23.40 24.40 25.70 25.60 24.10 23.50 24.40 23.50 23.60 23.50 23.40 23.30 23.40 23.20 * 1
2018-01-16 17:38:41 24.00 23.70 23.70 23.60 23.30 23.50 23.50 23.60 23.70 23.70 23.90 23.90 23.90 24.00 24.00 24.00 * 23.30 23.30 23.60 24.50 25.80 25.60 24.10 23.50 24.10 23.40 23.50 23.40 23.20 23.20 23.30 23.20 * 1
2018-01-16 17:38:41 23.80 23.70 23.60 23.60 23.20 23.50 23.40 23.50 23.80 23.80 23.90 24.00 24.00 24.10 24.00 24.10 * 23.40 23.30 23.90 24.80 25.80 25.40 23.90 23.50 23.90 23.40 23.50 23.40 23.30 23.20 23.20 23.10 * 1
2018-01-16 17:38:41 23.90 23.80 23.70 23.70 23.40 23.60 23.50 23.70 24.00 24.00 24.10 24.10 24.10 24.20 24.10 24.20 * 23.30 23.30 24.00 24.90 25.80 25.40 23.70 23.40 24.00 23.50 23.60 23.50 23.30 23.20 23.30 23.20 * 1
2018-01-16 17:38:42 23.90 23.80 23.70 23.60 23.40 23.60 23.60 23.70 23.70 23.80 24.00 23.90 24.00 24.00 24.10 24.10 * 23.40 23.40 24.00 24.90 25.90 25.90 23.90 23.40 24.10 23.50 23.60 23.50 23.40 23.30 23.40 23.30 * 1
2018-01-16 17:38:42 23.90 23.70 23.70 23.70 23.40 23.60 23.50 23.70 23.80 23.80 24.00 23.90 24.00 24.00 24.10 24.00 * 23.30 23.30 24.00 24.80 25.80 25.90 23.80 23.30 24.00 23.30 23.50 23.40 23.30 23.20 23.30 23.20 * 1
2018-01-16 17:38:42 23.90 23.80 23.70 23.70 23.40 23.60 23.40 23.70 23.80 23.90 24.00 24.00 23.90 24.00 24.10 24.10 * 23.20 23.20 24.00 24.80 25.70 25.90 23.80 23.30 24.10 23.50 23.50 23.50 23.30 23.20 23.30 23.20 * 1
2018-01-16 17:38:42 23.90 23.80 23.70 23.70 23.40 23.60 23.50 23.60 23.70 23.80 23.90 23.90 23.90 24.00 24.00 24.00 * 23.20 23.30 24.00 24.80 25.80 25.90 23.90 23.30 24.20 23.50 23.50 23.50 23.30 23.30 23.30 23.20 * 1
2018-01-16 17:38:43 23.90 23.70 23.80 23.60 23.30 23.60 23.50 23.70 23.80 23.90 23.90 24.00 23.90 24.10 24.00 24.00 * 23.20 23.40 24.00 24.90 25.90 25.90 24.00 23.40 24.20 23.30 23.50 23.40 23.20 23.20 23.20 23.10 * 1
2018-01-16 17:38:43 23.80 23.70 23.80 23.60 23.30 23.50 23.40 23.60 23.70 23.70 23.90 23.90 23.90 24.00 24.00 23.90 * 23.30 23.30 24.00 25.00 25.90 25.80 23.90 23.30 24.10 23.40 23.50 23.50 23.20 23.10 23.20 23.00 * 1
2018-01-16 17:38:43 23.80 23.70 23.70 23.50 23.30 23.50 23.40 23.50 23.60 23.60 23.90 23.90 23.90 24.00 23.90 24.00 * 23.40 23.40 24.00 25.00 25.90 25.90 24.00 23.30 24.20 23.40 23.50 23.50 23.20 23.20 23.20 23.00 * 1
2018-01-16 17:38:43 23.80 23.70 23.70 23.50 23.30 23.50 23.40 23.50 23.70 23.70 24.00 24.00 23.90 24.00 24.00 24.00 * 23.40 23.40 24.10 25.00 26.00 25.90 24.00 23.40 24.30 23.50 23.60 23.50 23.30 23.30 23.30 23.20 * 1
2018-01-16 17:38:44 23.90 23.70 23.70 23.60 23.30 23.50 23.40 23.60 23.80 23.90 24.00 24.00 23.90 24.00 24.10 24.00 * 23.30 23.30 24.00 24.90 25.90 25.90 23.90 23.40 24.20 23.50 23.60 23.60 23.30 23.30 23.30 23.20 * 1
2018-01-16 17:38:44 23.80 23.70 23.70 23.60 23.30 23.50 23.40 23.60 23.80 23.80 24.00 24.00 23.90 24.00 24.00 24.00 * 23.20 23.30 24.00 25.00 25.90 26.00 23.90 23.40 24.10 23.40 23.50 23.50 23.20 23.20 23.20 23.10 * 1
2018-01-16 17:38:44 23.80 23.60 23.70 23.60 23.30 23.60 23.40 23.60 23.70 23.80 24.00 24.00 23.90 24.00 24.00 24.00 * 23.20 23.30 24.10 25.00 25.90 25.90 24.00 23.30 24.10 23.30 23.40 23.40 23.20 23.20 23.20 23.10 * 1
2018-01-16 17:38:44 23.80 23.60 23.70 23.50 23.20 23.50 23.40 23.60 23.70 23.80 23.90 23.80 23.80 24.00 24.00 24.00 * 23.20 23.30 24.00 25.00 25.70 25.70 23.90 23.30 24.10 23.30 23.50 23.50 23.20 23.20 23.30 23.10 * 1
2018-01-16 17:38:45 23.70 23.60 23.60 23.60 23.20 23.50 23.30 23.50 23.80 23.80 23.90 23.80 23.90 24.00 24.10 24.00 * 23.30 23.40 24.10 25.00 25.30 25.50 23.90 23.40 24.10 23.30 23.50 23.50 23.20 23.10 23.10 23.00 * 1
2018-01-16 17:38:45 23.70 23.60 23.60 23.60 23.20 23.50 23.30 23.40 23.70 23.70 23.90 23.90 23.90 24.00 24.00 23.90 * 23.30 23.40 24.20 25.10 24.20 25.50 24.00 23.30 24.10 23.40 23.50 23.40 23.30 23.10 23.10 23.00 * 1
2018-01-16 17:38:45 23.80 23.70 23.70 23.60 23.30 23.50 23.40 23.50 23.60 23.70 23.90 23.90 23.90 24.00 24.00 23.90 * 23.20 23.40 24.10 25.20 23.90 25.50 23.90 23.30 24.10 23.30 23.40 23.30 23.20 23.10 23.20 23.00 * 1
2018-01-16 17:38:46 23.90 23.70 23.80 23.60 23.40 23.60 23.50 23.60 23.70 23.80 23.90 24.00 23.90 24.10 24.10 24.00 * 23.20 23.40 24.00 25.20 23.80 25.80 24.10 23.40 24.40 23.30 23.40 23.40 23.20 23.10 23.20 23.10 * 1
2018-01-16 17:38:46 23.90 23.70 23.70 23.60 23.30 23.60 23.50 23.60 23.80 23.80 24.00 24.00 23.90 24.10 24.00 24.00 * 23.20 23.50 24.00 25.10 23.80 25.80 24.20 23.30 24.40 23.40 23.50 23.50 23.30 23.20 23.30 23.10 * 1
2018-01-16 17:38:46 23.80 23.70 23.60 23.60 23.30 23.50 23.40 23.60 23.70 23.70 23.90 23.90 23.90 24.00 24.00 23.90 * 23.20 23.60 24.10 25.20 23.80 25.50 23.60 23.30 23.80 23.30 23.40 23.50 23.20 23.20 23.20 23.10 * 1
2018-01-16 17:38:46 23.80 23.70 23.60 23.60 23.30 23.50 23.40 23.60 23.70 23.80 24.00 24.00 24.00 24.00 24.00 24.00 * 23.30 23.80 24.40 25.30 23.80 25.40 23.60 23.30 23.40 23.30 23.40 23.40 23.10 23.10 23.10 23.00 * 1
2018-01-16 17:38:47 23.70 23.70 23.70 23.60 23.30 23.60 23.40 23.60 23.80 23.80 24.00 24.00 24.00 24.00 24.10 24.00 * 23.30 23.90 24.40 25.30 23.80 25.40 23.60 23.30 23.50 23.50 23.50 23.50 23.30 23.20 23.30 23.10 * 1
2018-01-16 17:38:47 23.70 23.70 23.70 23.60 23.30 23.50 23.50 23.60 23.90 23.90 24.00 24.00 23.90 24.10 24.10 24.00 * 23.40 23.80 24.10 25.20 23.80 25.40 23.60 23.30 23.50 23.40 23.50 23.40 23.20 23.10 23.20 23.10 * 1
2018-01-16 17:38:47 23.80 23.70 23.70 23.60 23.30 23.50 23.40 23.60 23.90 23.80 23.90 24.00 23.90 24.00 24.00 23.90 * 23.30 23.40 24.00 25.00 23.80 25.40 23.60 23.30 23.40 23.30 23.50 23.40 23.20 23.20 23.20 23.10 * 1
2018-01-16 17:38:47 23.80 23.70 23.70 23.60 23.30 23.50 23.40 23.60 24.00 23.70 23.90 23.90 23.90 24.00 24.00 23.90 * 23.20 23.30 24.00 24.90 23.80 25.20 23.50 23.30 23.30 23.30 23.50 23.50 23.20 23.20 23.20 23.10 * 1
2018-01-16 17:38:48 23.80 23.70 23.80 23.70 23.30 23.60 23.50 23.60 24.00 23.70 23.90 23.90 23.80 24.00 24.00 23.90 * 23.20 23.30 24.00 25.00 23.80 25.10 23.40 23.20 23.30 23.30 23.50 23.40 23.20 23.20 23.20 23.00 * 1
2018-01-16 17:38:48 24.00 23.80 23.80 23.70 23.40 23.60 23.50 23.70 24.00 23.90 24.00 24.00 23.90 24.20 24.20 24.00 * 23.20 23.30 24.00 25.00 23.80 25.20 23.50 23.30 23.30 23.20 23.50 23.30 23.10 23.10 23.10 23.00 * 1
2018-01-16 17:38:48 23.90 23.80 23.80 23.70 23.40 23.70 23.50 23.70 23.70 23.60 23.90 23.90 23.80 23.90 23.90 23.90 * 23.20 23.40 24.00 25.20 23.80 25.20 23.50 23.30 23.30 23.30 23.50 23.40 23.10 23.20 23.20 23.00 * 1
2018-01-16 17:38:48 23.80 23.80 23.80 23.70 23.40 23.70 23.50 23.70 23.90 23.70 23.90 23.90 23.90 24.00 24.00 23.90 * 23.20 23.30 24.10 25.20 24.00 24.50 23.40 23.20 23.30 23.40 23.60 23.40 23.20 23.20 23.30 23.10 * 1
2018-01-16 17:38:49 23.80 23.60 23.70 23.60 23.30 23.70 23.50 23.60 24.30 23.80 23.90 23.90 23.90 24.10 24.10 24.00 * 23.20 23.30 24.00 25.20 24.60 23.80 23.30 23.20 23.10 23.30 23.50 23.30 23.20 23.10 23.20 23.00 * 1
2018-01-16 17:38:49 23.90 23.70 23.80 23.60 23.40 23.90 23.80 23.70 24.70 23.90 23.90 24.00 23.90 24.10 24.00 24.00 * 23.20 23.30 24.00 25.20 25.00 23.70 23.30 23.20 23.20 23.30 23.50 23.40 23.20 23.20 23.20 23.00 * 1
2018-01-16 17:38:49 23.80 23.60 23.70 23.50 23.30 24.00 24.10 23.80 25.10 23.80 23.80 23.90 23.90 23.90 23.90 24.00 * 23.10 23.30 24.10 25.20 25.00 23.60 23.30 23.10 23.20 23.30 23.50 23.40 23.20 23.10 23.20 23.00 * 1
2018-01-16 17:38:50 23.80 23.60 23.70 23.50 23.30 24.00 24.40 23.80 25.60 23.80 23.90 24.00 23.90 24.00 24.00 24.00 * 23.10 23.20 24.10 25.20 24.90 23.60 23.30 23.10 23.20 23.20 23.40 23.30 23.10 23.00 23.10 22.90 * 1
2018-01-16 17:38:50 23.80 23.70 23.70 23.60 23.40 24.20 25.10 23.80 26.40 23.80 23.90 23.90 23.90 24.00 24.00 23.90 * 23.20 23.30 24.20 25.20 24.30 23.60 23.40 23.20 23.20 23.50 23.60 23.50 23.30 23.20 23.30 23.10 * 1
2018-01-16 17:38:50 23.90 23.80 23.80 23.70 23.50 25.00 26.00 24.00 26.90 23.80 23.90 23.90 23.90 24.00 24.00 23.90 * 23.20 23.40 24.20 25.20 23.70 23.60 23.40 23.30 23.30 23.40 23.50 23.50 23.30 23.20 23.30 23.10 * 1
2018-01-16 17:38:50 23.70 23.70 23.80 23.60 24.50 28.30 25.10 23.80 26.00 23.80 23.90 23.90 23.90 24.00 24.10 24.00 * 23.10 23.30 24.00 24.80 23.60 23.60 23.30 23.20 23.20 23.30 23.40 23.30 23.10 23.10 23.20 23.00 * 1
2018-01-16 17:38:51 23.70 23.60 23.70 23.50 25.20 28.00 24.70 23.70 25.00 23.70 23.80 23.90 23.80 23.90 24.00 23.80 * 23.20 23.40 23.80 24.20 23.60 23.60 23.40 23.20 23.20 23.30 23.40 23.30 23.10 23.10 23.20 23.00 * 1
2018-01-16 17:38:51 23.60 23.60 23.70 23.60 25.30 27.50 25.30 23.80 25.70 23.70 23.90 23.90 23.90 24.00 24.00 23.90 * 23.20 23.40 23.80 24.20 23.60 23.60 23.40 23.20 23.20 23.30 23.40 23.30 23.10 23.10 23.20 23.00 * 1
2018-01-16 17:38:51 23.70 23.70 23.70 23.60 24.90 27.50 25.70 23.80 25.60 23.80 24.00 24.00 24.00 24.10 24.20 24.10 * 23.20 23.30 23.70 24.20 23.50 23.50 23.40 23.10 23.30 23.40 23.50 23.50 23.30 23.20 23.30 23.10 * 1
2018-01-16 17:38:51 23.80 23.70 23.70 23.60 23.80 27.50 24.60 23.70 25.00 23.70 23.90 23.90 23.80 24.00 24.00 23.90 * 23.10 23.20 23.30 24.20 23.90 23.90 23.30 23.10 23.30 23.40 23.50 23.50 23.30 23.20 23.30 23.10 * 1
2018-01-16 17:38:52 23.90 23.70 23.80 23.60 23.50 26.50 25.00 23.80 25.80 23.80 23.90 24.00 23.90 24.10 24.10 24.00 * 23.20 23.20 23.30 24.20 23.70 24.60 23.40 23.10 23.30 23.30 23.40 23.30 23.10 23.10 23.20 23.00 * 1
2018-01-16 17:38:52 23.80 23.70 23.80 23.60 23.30 24.70 26.10 24.20 26.10 25.00 24.00 24.00 23.90 24.10 24.10 24.00 * 23.30 23.40 23.30 24.00 23.80 25.00 23.50 23.20 23.60 23.50 23.60 23.50 23.40 23.30 23.30 23.20 * 1
2018-01-16 17:38:52 23.80 23.70 23.80 23.60 23.30 23.70 25.70 25.60 25.30 26.40 25.10 24.00 23.90 24.10 24.00 23.90 * 23.30 23.40 23.20 23.60 23.80 25.00 23.80 23.40 23.70 23.70 23.50 23.40 23.30 23.20 23.20 23.20 * 1
2018-01-16 17:38:53 23.60 23.60 23.60 23.60 23.20 23.40 23.40 26.00 24.40 26.60 26.30 24.20 23.90 24.00 24.00 23.80 * 23.30 23.30 23.20 23.40 23.60 25.00 23.80 23.70 23.60 24.20 23.60 23.30 23.20 23.10 23.10 23.00 * 1
2018-01-16 17:38:53 23.70 23.60 23.60 23.60 23.20 23.40 23.30 24.70 23.90 24.50 26.80 26.20 24.10 24.10 24.20 24.00 * 23.20 23.20 23.10 23.30 23.60 24.20 23.50 24.30 23.50 24.40 23.70 23.20 23.10 23.10 23.10 22.90 * 1
