2018-01-16 17:26:00 23.90 23.20 23.00 23.30 23.30 23.60 23.50 23.60 23.70 23.80 23.90 23.90 23.80 23.80 23.90 23.90 * 23.60 23.20 23.20 23.30 23.50 23.50 23.50 23.30 23.20 23.40 23.50 23.30 23.00 23.00 23.00 22.80 * 1
2018-01-16 17:26:00 23.80 23.20 23.10 23.20 23.40 23.60 23.50 23.50 23.80 23.90 24.00 24.00 23.80 23.80 24.00 24.00 * 23.60 23.20 23.20 23.30 23.50 23.60 23.50 23.40 23.20 23.40 23.50 23.30 23.10 23.00 23.00 22.70 * 1
2018-01-16 17:26:00 23.70 23.30 23.10 23.30 23.40 23.60 23.50 23.60 23.80 23.90 24.10 24.00 23.90 23.90 24.10 24.20 * 23.50 23.20 23.20 23.30 23.60 23.60 23.60 23.40 23.30 23.50 23.60 23.40 23.20 23.10 23.10 22.90 * 1
2018-01-16 17:26:01 23.90 23.40 23.20 23.50 23.50 23.80 23.70 23.80 23.80 23.90 24.00 24.00 23.90 23.90 24.10 24.20 * 23.70 23.20 23.30 23.40 23.50 23.50 23.60 23.40 23.30 23.60 23.60 23.40 23.20 23.10 23.10 22.90 * 1
2018-01-16 17:26:01 25.10 23.40 23.20 23.40 23.40 23.70 23.50 23.70 23.80 23.80 24.00 24.00 23.90 23.80 24.00 24.00 * 23.80 23.30 23.20 23.30 23.50 23.50 23.50 23.30 23.30 23.60 23.60 23.50 23.10 23.10 23.10 23.00 * 1
2018-01-16 17:26:01 26.10 24.80 23.30 23.40 23.40 23.60 23.50 23.70 23.80 23.80 24.00 23.90 23.80 23.80 24.00 24.00 * 23.90 23.60 23.50 23.40 23.60 23.50 23.60 23.40 23.30 23.60 23.60 23.50 23.20 23.10 23.10 23.00 * 1
2018-01-16 17:26:01 25.40 26.40 24.40 23.50 23.50 23.70 23.60 23.80 23.90 23.90 24.00 24.00 23.90 23.90 24.00 24.10 * 23.60 23.60 23.70 23.40 23.50 23.50 23.50 23.40 23.40 23.60 23.60 23.50 23.20 23.10 23.10 23.00 * 1
2018-01-16 17:26:02 24.00 25.30 25.70 24.50 23.60 23.70 23.60 23.70 23.90 23.90 24.00 23.90 23.90 23.80 24.00 24.00 * 23.20 23.50 23.80 23.70 23.90 23.50 23.40 23.30 23.40 23.60 23.60 23.50 23.20 23.10 23.10 22.90 * 1
2018-01-16 17:26:02 23.60 23.60 24.90 25.90 25.60 24.80 23.80 23.70 25.30 25.10 24.10 23.90 23.90 23.80 23.90 24.00 * 23.10 23.30 23.60 24.00 24.50 23.60 23.60 23.70 23.50 24.10 24.00 24.30 23.30 23.20 23.10 22.90 * 1
2018-01-16 17:26:02 23.60 23.30 23.10 23.30 23.60 24.30 24.70 24.70 25.20 25.10 24.20 23.90 23.90 23.90 24.00 24.10 * 23.10 23.20 23.40 23.70 24.50 24.10 23.80 24.00 23.90 24.40 24.50 25.00 23.30 23.20 23.10 22.90 * 1
2018-01-16 17:26:03 23.50 23.20 23.10 23.30 23.30 23.60 23.40 23.70 23.90 24.00 24.10 24.00 23.90 23.90 24.10 24.10 * 23.10 23.20 23.30 23.50 24.30 24.60 24.30 24.50 24.40 24.80 25.00 25.40 23.50 23.20 23.10 22.90 * 1
2018-01-16 17:26:03 23.50 23.20 23.00 23.30 23.40 23.60 23.50 23.60 23.90 24.00 24.10 24.00 23.90 23.90 24.10 24.10 * 23.10 23.20 23.20 23.40 23.90 24.70 24.50 24.80 24.60 25.20 25.10 25.80 24.00 23.20 23.20 23.00 * 1
2018-01-16 17:26:03 23.60 23.30 23.10 23.40 23.50 23.70 23.60 23.70 23.90 24.00 24.00 24.00 23.90 23.90 24.00 24.10 * 23.20 23.20 23.20 23.40 23.80 24.80 24.50 24.80 24.60 25.20 25.10 26.00 24.60 23.20 23.10 23.00 * 1
2018-01-16 17:26:03 23.50 23.20 23.10 23.40 23.40 23.70 23.50 23.70 23.80 24.00 24.00 24.00 23.90 23.90 24.00 24.10 * 23.20 23.20 23.30 23.50 24.10 24.70 24.50 24.80 24.60 25.20 25.10 26.00 24.60 23.30 23.20 23.00 * 1
2018-01-16 17:26:04 23.60 23.20 23.10 23.40 23.40 23.60 23.60 23.60 23.90 24.00 24.10 24.10 24.00 24.00 24.10 24.10 * 23.20 23.30 23.30 23.50 24.20 24.60 24.50 24.70 24.60 25.00 25.10 26.00 24.50 23.30 23.20 23.00 * 1
2018-01-16 17:26:04 23.60 23.20 23.10 23.30 23.40 23.60 23.50 23.70 23.80 23.90 24.00 24.00 24.00 24.00 24.00 24.00 * 23.20 23.20 23.30 23.50 24.20 24.60 24.50 24.70 24.60 25.00 25.10 26.00 24.60 23.30 23.20 23.00 * 1
2018-01-16 17:26:04 23.60 23.30 23.10 23.30 23.40 23.70 23.50 23.70 23.80 23.90 24.00 24.00 23.90 23.90 24.00 24.00 * 23.10 23.20 23.30 23.50 24.30 24.50 24.50 24.70 24.60 25.00 25.00 25.90 24.60 23.20 23.10 22.90 * 1
2018-01-16 17:26:04 23.60 23.20 23.10 23.30 23.40 23.60 23.50 23.60 23.70 23.80 24.00 23.90 23.80 23.80 23.90 24.00 * 23.20 23.30 23.50 23.70 24.40 24.60 24.60 24.70 24.60 25.10 25.00 26.00 24.60 23.20 23.20 22.90 * 1
2018-01-16 17:26:05 23.60 23.20 23.10 23.30 23.30 23.60 23.50 23.70 23.70 23.90 24.00 23.90 23.80 23.90 24.00 24.00 * 23.20 23.40 23.50 23.80 24.40 24.60 24.60 24.80 24.60 25.10 24.90 26.00 24.60 23.30 23.10 22.90 * 1
2018-01-16 17:26:05 23.50 23.30 23.10 23.40 23.50 23.70 23.50 23.70 23.80 24.00 24.00 24.00 23.90 23.90 24.00 24.10 * 23.20 23.40 23.60 23.80 24.40 24.70 24.60 24.80 24.60 25.10 25.00 26.00 24.70 23.30 23.20 23.00 * 1
2018-01-16 17:26:05 23.60 23.30 23.20 23.50 23.50 23.80 23.60 23.80 23.90 24.00 24.10 24.00 23.90 23.90 24.10 24.10 * 23.20 23.40 23.60 23.70 24.40 24.70 24.60 24.80 24.70 25.20 25.10 26.00 24.80 23.30 23.20 23.10 * 1
2018-01-16 17:26:05 23.60 23.30 23.20 23.40 23.40 23.70 23.60 23.70 23.80 23.90 24.00 23.90 23.80 23.90 24.00 24.10 * 23.20 23.40 23.70 23.80 24.40 24.70 24.70 24.90 24.70 25.20 25.00 25.90 24.20 23.30 23.20 23.00 * 1
2018-01-16 17:26:06 23.60 23.30 23.20 23.40 23.40 23.70 23.60 23.80 23.80 23.90 24.00 24.00 23.80 23.80 23.90 24.00 * 23.10 23.30 23.50 23.70 24.30 24.70 24.60 24.70 24.80 25.10 24.90 25.60 23.70 23.30 23.20 23.10 * 1
2018-01-16 17:26:06 23.60 23.30 23.20 23.40 23.50 23.80 23.60 23.70 23.80 23.90 24.00 24.00 23.80 23.80 23.90 24.00 * 23.10 23.20 23.40 23.50 24.10 24.70 24.40 24.40 24.40 24.60 24.60 25.30 23.50 23.20 23.10 23.00 * 1
2018-01-16 17:26:06 23.70 23.30 23.20 23.40 23.50 23.70 23.60 23.70 23.90 23.90 24.20 24.50 23.90 23.90 23.90 24.00 * 23.10 23.20 23.30 23.50 24.00 24.60 23.90 24.00 23.90 24.10 24.40 25.20 23.50 23.20 23.20 22.90 * 1
2018-01-16 17:26:06 23.70 23.30 23.20 23.30 23.50 23.70 23.60 23.90 24.10 24.20 24.40 25.00 23.90 23.90 23.90 24.00 * 23.10 23.10 23.30 23.50 24.00 24.30 23.80 23.90 23.90 24.00 24.50 25.20 23.50 23.20 23.20 23.00 * 1
2018-01-16 17:26:07 23.70 23.30 23.20 23.30 23.50 23.70 23.80 24.20 24.80 25.40 25.50 24.40 24.00 23.90 24.00 24.00 * 23.10 23.10 23.30 23.60 24.10 24.20 24.10 23.90 24.30 24.00 24.80 25.20 23.50 23.20 23.20 23.00 * 1
2018-01-16 17:26:07 23.50 23.20 23.00 23.20 23.30 23.70 23.80 24.40 24.70 25.60 25.50 24.70 24.00 23.90 24.00 24.10 * 23.20 23.20 23.40 23.70 24.20 24.40 24.40 23.80 24.30 23.80 24.90 25.10 23.50 23.10 23.10 22.90 * 1
2018-01-16 17:26:07 23.60 23.20 23.10 23.30 23.40 23.70 23.70 24.50 24.60 25.60 25.30 25.30 24.00 24.00 24.10 24.10 * 23.30 23.30 23.30 23.70 24.20 24.40 24.50 23.90 24.30 23.80 25.20 24.90 23.40 23.10 23.10 22.90 * 1
2018-01-16 17:26:08 23.60 23.20 23.10 23.30 23.40 23.70 23.80 24.80 25.00 26.40 25.80 26.20 24.20 24.20 24.20 24.30 * 23.30 23.30 23.30 23.50 24.10 24.40 24.60 23.90 24.40 24.00 25.90 24.40 23.40 23.20 23.20 23.00 * 1
2018-01-16 17:26:08 23.60 23.30 23.10 23.40 23.50 23.80 24.00 25.10 26.50 27.80 27.10 26.40 24.10 24.20 24.20 24.30 * 23.20 23.20 23.20 23.30 24.00 24.40 24.60 24.00 24.50 24.10 25.70 24.10 23.40 23.10 23.20 23.00 * 1
2018-01-16 17:26:08 23.60 23.30 23.20 23.40 23.50 24.40 27.60 28.60 28.40 29.40 29.20 25.50 24.00 24.00 24.10 24.20 * 23.20 23.20 23.20 23.30 24.00 24.30 24.50 24.20 24.50 24.50 24.80 24.00 23.40 23.20 23.20 23.00 * 1
2018-01-16 17:26:08 23.60 23.20 23.20 23.30 23.50 24.50 28.40 29.10 29.10 29.40 28.80 24.30 24.00 24.00 24.00 24.10 * 23.20 23.30 23.30 23.30 24.00 24.30 24.60 24.40 24.60 24.60 24.20 23.70 23.30 23.20 23.20 23.00 * 1
2018-01-16 17:26:09 23.50 23.10 23.10 23.20 23.40 24.10 28.30 28.60 29.00 28.90 26.90 24.20 24.00 24.10 24.10 24.20 * 23.20 23.20 23.20 23.30 24.00 24.30 24.60 24.50 24.60 24.60 24.00 23.70 23.30 23.30 23.20 23.00 * 1
2018-01-16 17:26:09 23.50 23.10 23.00 23.30 23.40 24.20 28.30 28.30 29.00 28.40 25.50 23.90 23.90 23.90 24.00 24.00 * 23.20 23.20 23.20 23.30 24.00 24.40 24.60 24.50 24.60 24.60 24.00 23.60 23.20 23.20 23.10 22.90 * 1
2018-01-16 17:26:09 23.60 23.20 23.10 23.30 23.40 24.70 28.60 28.40 29.10 28.30 25.30 24.00 24.00 23.90 24.00 24.00 * 23.20 23.20 23.20 23.30 24.00 24.40 24.70 24.40 24.60 24.60 24.00 23.60 23.20 23.20 23.10 22.90 * 1
2018-01-16 17:26:09 23.50 23.20 23.10 23.30 23.50 25.30 28.90 28.40 29.20 28.10 25.10 24.00 23.90 23.90 24.00 24.00 * 23.20 23.20 23.30 23.30 24.10 24.40 24.60 24.40 24.70 24.50 24.10 23.60 23.30 23.20 23.10 23.00 * 1
2018-01-16 17:26:10 23.60 23.30 23.10 23.40 23.50 25.40 29.10 28.60 29.40 28.60 25.60 24.00 24.00 23.90 24.00 24.00 * 23.20 23.20 23.30 23.40 24.00 24.40 24.70 24.50 24.70 24.60 24.20 23.70 23.40 23.20 23.20 23.00 * 1
2018-01-16 17:26:10 23.70 23.30 23.10 23.50 23.50 25.40 29.20 29.00 29.50 29.00 26.20 24.10 24.00 24.00 24.10 24.10 * 23.30 23.30 23.30 23.40 24.10 24.50 24.80 24.50 24.70 24.70 24.20 23.60 23.40 23.20 23.20 23.00 * 1
2018-01-16 17:26:10 23.50 23.30 23.10 23.40 23.50 25.20 29.10 29.20 29.60 29.00 26.30 24.10 24.10 24.10 24.10 24.10 * 23.20 23.20 23.20 23.30 24.00 24.40 24.70 24.40 24.70 24.70 24.10 23.60 23.30 23.20 23.20 23.00 * 1
2018-01-16 17:26:11 23.50 23.20 23.10 23.30 23.40 25.20 29.00 29.00 29.50 28.70 26.00 24.10 24.00 24.00 24.00 24.10 * 23.10 23.10 23.10 23.30 24.00 24.40 24.60 24.40 24.70 24.60 24.10 23.60 23.30 23.20 23.20 23.00 * 1
2018-01-16 17:26:11 23.50 23.20 23.10 23.40 23.40 25.20 29.00 28.40 29.40 28.40 25.40 24.10 24.00 24.00 24.00 24.10 * 23.10 23.20 23.20 23.30 24.00 24.40 24.70 24.40 24.70 24.60 24.10 23.60 23.30 23.20 23.20 23.00 * 1
2018-01-16 17:26:11 23.60 23.30 23.10 23.40 23.50 25.40 29.00 27.90 29.20 27.60 24.50 24.10 24.00 24.00 24.00 24.10 * 23.20 23.20 23.30 23.30 24.00 24.40 24.70 24.50 24.70 24.60 24.10 23.60 23.30 23.20 23.20 23.00 * 1
2018-01-16 17:26:11 23.70 23.40 23.20 23.40 23.50 25.50 29.10 27.70 29.10 27.50 24.40 24.00 24.00 24.00 24.00 24.10 * 23.10 23.30 23.20 23.40 24.00 24.50 24.70 24.40 24.70 24.60 24.10 23.60 23.30 23.20 23.20 23.10 * 1
2018-01-16 17:26:12 23.60 23.40 23.20 23.40 23.60 25.40 29.00 27.60 29.10 27.50 24.50 24.00 24.00 23.90 24.00 24.10 * 23.10 23.30 23.30 23.40 24.00 24.40 24.70 24.40 24.70 24.60 24.10 23.60 23.40 23.20 23.20 23.10 * 1
2018-01-16 17:26:12 23.60 23.30 23.20 23.40 23.50 25.10 29.00 27.90 29.20 27.90 24.70 24.00 24.00 24.00 24.00 24.10 * 23.20 23.30 23.30 23.40 24.00 24.40 24.80 24.50 24.80 24.70 24.10 23.60 23.40 23.30 23.20 23.10 * 1
2018-01-16 17:26:12 23.60 23.30 23.10 23.40 23.50 24.80 28.90 28.20 29.40 28.50 25.20 24.10 24.20 24.10 24.10 24.20 * 23.20 23.20 23.30 23.40 24.10 24.40 24.80 24.50 24.80 24.70 24.10 23.70 23.40 23.30 23.20 23.10 * 1
2018-01-16 17:26:12 23.60 23.30 23.10 23.30 23.50 24.60 28.70 28.50 29.10 28.70 25.60 24.00 24.00 24.00 24.00 24.00 * 23.20 23.20 23.20 23.30 24.00 24.40 24.80 24.50 24.80 24.70 24.20 23.60 23.30 23.30 23.20 23.10 * 1
2018-01-16 17:26:13 23.60 23.30 23.10 23.30 23.40 24.50 28.70 28.60 29.00 28.90 25.80 24.00 24.00 23.90 23.90 24.00 * 23.20 23.20 23.20 23.30 24.00 24.40 24.80 24.50 24.70 24.60 24.10 23.50 23.20 23.20 23.10 23.00 * 1
2018-01-16 17:26:13 23.50 23.20 23.10 23.30 23.40 24.20 28.40 29.00 29.00 29.30 26.60 24.10 24.00 24.00 24.00 24.00 * 23.10 23.20 23.20 23.40 24.10 24.40 24.80 24.50 24.80 24.80 24.30 23.60 23.30 23.30 23.20 23.10 * 1
2018-01-16 17:26:13 23.60 23.20 23.10 23.30 23.40 23.90 27.40 29.20 28.40 29.70 28.30 24.70 24.10 24.10 24.10 24.10 * 23.10 23.20 23.20 23.30 24.00 24.30 24.70 24.50 24.80 24.90 24.40 23.70 23.40 23.30 23.30 23.00 * 1
2018-01-16 17:26:13 23.60 23.20 23.10 23.30 23.50 23.80 26.30 29.00 27.40 29.80 29.70 26.80 24.20 24.10 24.20 24.10 * 23.00 23.10 23.10 23.20 23.90 24.10 24.40 24.40 24.30 24.80 24.50 23.60 23.30 23.20 23.20 22.90 * 1
2018-01-16 17:26:14 23.60 23.20 23.10 23.30 23.50 23.90 26.40 28.70 27.40 28.60 27.60 26.30 24.10 24.10 24.10 24.20 * 23.10 23.10 23.20 23.30 23.80 23.70 23.90 24.30 23.70 24.60 24.20 23.70 23.40 23.20 23.20 23.10 * 1
2018-01-16 17:26:14 23.60 23.30 23.20 23.40 23.50 24.30 26.80 28.20 27.50 27.70 26.50 24.40 24.00 24.00 24.10 24.20 * 23.00 23.10 23.10 23.10 23.40 23.70 23.50 24.00 23.60 24.60 24.10 23.70 23.30 23.20 23.20 23.10 * 1
2018-01-16 17:26:14 23.70 23.30 23.20 23.40 23.60 25.80 27.80 26.50 28.10 26.50 25.50 24.10 24.00 24.00 24.10 24.10 * 23.00 23.00 23.10 23.10 23.40 23.90 23.50 23.90 23.60 24.30 23.90 23.50 23.30 23.20 23.20 23.00 * 1
2018-01-16 17:26:14 23.60 23.20 23.20 23.40 24.60 27.50 27.60 25.90 28.00 25.90 24.30 24.10 24.00 24.10 24.20 24.20 * 23.00 23.10 23.20 23.20 23.50 24.00 23.60 23.70 23.60 23.90 23.80 23.50 23.30 23.20 23.20 23.00 * 1
2018-01-16 17:26:15 23.60 23.30 23.20 24.70 26.90 28.00 27.00 25.30 26.80 24.20 24.10 24.10 23.90 23.90 24.00 24.10 * 23.10 23.10 23.20 23.40 23.60 24.00 23.60 23.40 23.50 23.60 23.80 23.60 23.30 23.20 23.20 23.00 * 1
2018-01-16 17:26:15 23.60 23.70 24.40 26.30 27.70 27.30 27.10 24.40 25.60 24.00 24.10 24.10 23.90 24.00 24.10 24.10 * 23.30 24.20 25.70 24.40 23.70 23.90 23.50 23.50 23.40 23.60 23.80 23.60 23.30 23.20 23.20 23.00 * 1
2018-01-16 17:26:15 26.00 25.70 27.20 27.90 27.50 25.30 23.80 23.70 24.10 24.10 24.10 24.10 24.00 24.10 24.20 24.10 * 23.20 24.30 25.90 24.30 23.70 23.70 23.50 23.40 23.50 23.60 23.80 23.60 23.40 23.20 23.20 23.00 * 1
2018-01-16 17:26:16 27.30 28.10 28.20 28.00 25.90 23.80 23.50 23.70 23.90 24.00 24.10 24.00 24.00 24.00 24.10 24.10 * 23.20 24.30 25.90 24.30 23.80 23.60 23.40 23.30 23.50 23.60 23.80 23.60 23.30 23.30 23.20 23.10 * 1
2018-01-16 17:26:16 27.90 29.20 27.50 27.40 24.50 23.80 23.50 23.70 23.90 24.00 24.00 23.90 23.90 23.90 24.00 24.10 * 23.30 24.30 26.00 24.40 23.80 23.60 23.50 23.30 23.40 23.60 23.70 23.50 23.30 23.20 23.10 23.00 * 1
