2018-01-16 17:27:16 23.40 23.10 23.00 23.20 23.30 23.60 23.40 24.20 23.90 24.40 26.80 24.90 24.30 23.90 24.00 24.10 * 23.20 23.30 23.30 23.40 23.50 23.60 23.50 23.40 23.20 23.40 23.60 23.80 23.20 23.20 23.10 22.90 * 1
2018-01-16 17:27:17 23.50 23.20 23.10 23.30 23.40 23.70 23.60 23.90 23.90 24.30 26.70 24.90 24.10 24.00 24.10 24.10 * 23.40 23.40 23.40 23.40 23.70 23.60 23.50 23.40 23.20 23.40 23.80 23.70 23.30 23.20 23.20 23.00 * 1
2018-01-16 17:27:17 23.60 23.20 23.10 23.30 23.50 23.70 23.60 24.00 24.00 24.20 26.70 24.50 24.00 24.00 24.10 24.20 * 23.50 23.40 23.40 23.50 23.70 23.60 23.60 23.50 23.20 23.40 23.90 23.40 23.20 23.20 23.20 23.00 * 1
2018-01-16 17:27:17 23.50 23.20 23.10 23.30 23.40 23.70 23.60 24.10 23.90 24.30 25.30 24.10 23.90 24.00 24.00 24.20 * 23.30 23.30 23.30 23.40 23.50 23.50 23.50 23.40 23.10 23.30 23.80 23.30 23.10 23.10 23.00 22.80 * 1
2018-01-16 17:27:17 23.50 23.20 23.10 23.30 23.40 23.60 23.50 24.30 23.90 24.60 24.90 24.00 23.90 23.90 24.00 24.10 * 23.20 23.30 23.30 23.40 23.50 23.50 23.50 23.40 23.10 23.30 23.80 23.30 23.10 23.10 23.00 22.80 * 1
2018-01-16 17:27:18 23.50 23.20 23.10 23.20 23.30 23.60 23.50 24.60 23.90 24.80 24.70 24.00 23.90 23.90 24.00 24.00 * 23.30 23.40 23.30 23.40 23.50 23.50 23.50 23.50 23.20 23.40 23.90 23.30 23.10 23.10 23.10 23.00 * 1
2018-01-16 17:27:18 23.50 23.20 23.10 23.30 23.40 23.60 23.60 25.10 23.90 25.10 24.40 24.00 23.90 23.80 23.90 24.00 * 23.30 23.30 23.30 23.40 23.60 23.50 23.50 23.50 23.20 23.50 23.70 23.40 23.20 23.20 23.20 23.00 * 1
2018-01-16 17:27:18 23.50 23.20 23.10 23.30 23.40 23.60 23.90 25.30 24.50 25.60 24.10 24.10 23.90 23.90 24.00 24.00 * 23.30 23.30 23.30 23.30 23.60 23.50 23.50 23.50 23.20 23.50 23.40 23.20 23.00 23.00 22.90 22.80 * 1
2018-01-16 17:27:18 23.50 23.20 23.00 23.30 23.40 23.70 24.60 24.70 25.20 24.60 24.10 24.00 23.90 23.90 24.00 24.00 * 23.30 23.30 23.30 23.40 23.60 23.70 23.70 23.60 23.30 23.50 23.50 23.30 23.00 23.10 23.00 22.90 * 1
2018-01-16 17:27:19 23.50 23.20 23.10 23.30 23.40 23.70 25.40 24.40 25.90 24.60 24.10 24.00 23.90 23.90 24.00 24.10 * 23.30 23.30 23.40 23.50 23.60 23.80 23.90 23.60 23.60 23.40 23.40 23.30 23.10 23.10 23.10 22.90 * 1
2018-01-16 17:27:19 23.50 23.20 23.00 23.30 23.80 25.60 26.30 24.30 26.80 24.60 24.10 24.10 24.00 23.90 24.10 24.10 * 23.30 23.20 23.30 23.40 24.10 24.00 24.40 23.50 24.00 23.50 23.50 23.30 23.20 23.20 23.20 23.00 * 1
2018-01-16 17:27:19 23.50 23.20 23.00 23.30 23.40 24.80 24.50 23.60 23.90 23.90 24.00 23.90 23.90 23.80 23.90 24.00 * 23.20 23.20 23.20 23.50 24.50 24.10 24.40 23.50 24.30 23.60 23.50 23.50 23.30 23.30 23.30 23.10 * 1
2018-01-16 17:27:20 23.40 23.20 23.00 23.20 23.40 23.60 23.50 23.50 23.80 23.90 24.00 23.90 23.80 23.90 24.00 24.00 * 23.30 23.30 23.30 23.50 24.70 24.40 24.40 23.50 24.20 23.60 23.50 23.40 23.30 23.20 23.30 23.10 * 1
2018-01-16 17:27:20 23.40 23.10 23.00 23.20 23.40 23.60 23.50 23.60 23.90 23.90 24.00 24.00 23.80 23.90 24.00 24.10 * 23.20 23.20 23.20 23.40 25.00 24.70 24.40 23.40 24.30 23.60 23.50 23.40 23.30 23.20 23.30 23.10 * 1
2018-01-16 17:27:20 23.50 23.10 23.00 23.20 23.40 23.70 23.50 23.60 23.90 23.90 24.00 24.00 23.90 23.80 24.00 24.00 * 23.20 23.20 23.20 23.40 25.30 24.90 24.40 23.50 24.40 23.60 23.60 23.50 23.30 23.30 23.30 23.10 * 1
2018-01-16 17:27:20 23.50 23.20 23.10 23.30 23.40 23.60 23.50 23.60 23.80 23.90 24.10 24.10 23.90 23.80 24.00 24.00 * 23.20 23.30 23.30 23.80 25.70 25.00 24.60 23.60 24.30 23.50 23.50 23.40 23.20 23.20 23.20 23.00 * 1
2018-01-16 17:27:21 23.50 23.20 23.00 23.30 23.40 23.60 23.50 23.60 23.80 24.00 24.00 24.00 23.90 23.80 23.90 24.10 * 23.30 23.30 23.40 23.80 25.80 25.00 24.60 23.60 24.40 23.50 23.50 23.40 23.20 23.30 23.20 23.10 * 1
2018-01-16 17:27:21 23.60 23.20 23.10 23.30 23.40 23.70 23.50 23.70 23.80 23.90 24.00 24.00 23.90 23.80 23.90 24.00 * 23.40 23.40 23.50 23.80 25.90 25.00 24.70 23.70 24.30 23.50 23.40 23.20 23.10 23.10 23.20 22.90 * 1
2018-01-16 17:27:21 23.60 23.30 23.10 23.40 23.40 23.70 23.60 23.70 23.90 23.90 24.10 24.00 23.90 23.90 24.00 24.00 * 23.30 23.30 23.40 23.70 25.90 24.90 24.60 23.60 24.20 23.40 23.40 23.20 23.10 23.10 23.10 22.90 * 1
2018-01-16 17:27:21 23.60 23.20 23.10 23.30 23.40 23.70 23.60 23.70 23.90 23.90 24.00 24.00 23.90 23.80 24.00 24.10 * 23.20 23.20 23.30 23.70 25.90 24.90 24.60 23.50 24.20 23.40 23.40 23.30 23.10 23.10 23.10 22.90 * 1
2018-01-16 17:27:22 23.60 23.20 23.10 23.30 23.40 23.70 23.60 23.70 24.00 23.90 24.00 23.90 23.90 23.80 24.00 24.10 * 23.20 23.20 23.20 23.70 25.90 24.80 24.50 23.40 24.40 23.50 23.50 23.40 23.20 23.20 23.20 23.00 * 1
2018-01-16 17:27:22 23.60 23.20 23.10 23.40 23.50 23.70 23.60 23.80 23.90 23.90 24.00 24.00 23.90 23.90 24.00 24.10 * 23.20 23.20 23.20 23.70 25.90 24.80 24.50 23.40 24.50 23.60 23.60 23.40 23.20 23.30 23.20 23.00 * 1
2018-01-16 17:27:22 23.60 23.20 23.20 23.40 23.50 23.70 23.60 23.80 23.90 23.90 24.00 24.00 23.90 23.80 24.00 24.10 * 23.20 23.20 23.30 23.70 25.90 24.80 24.60 23.40 24.40 23.50 23.50 23.40 23.10 23.20 23.20 23.00 * 1
2018-01-16 17:27:23 23.60 23.30 23.00 23.30 23.40 23.60 23.50 23.60 24.00 24.00 24.10 24.00 23.90 24.00 24.10 24.10 * 23.20 23.20 23.20 23.60 25.80 24.90 24.50 23.50 24.40 23.60 23.50 23.40 23.30 23.20 23.20 23.10 * 1
2018-01-16 17:27:23 23.60 23.30 23.10 23.30 23.40 23.60 23.50 23.60 23.90 23.90 24.10 24.00 23.90 23.90 24.00 24.10 * 23.30 23.20 23.30 23.70 25.90 25.00 24.60 23.50 24.40 23.60 23.60 23.40 23.30 23.20 23.20 23.10 * 1
2018-01-16 17:27:23 23.70 23.30 23.20 23.40 23.50 23.70 23.60 23.70 23.90 23.90 24.10 24.00 23.90 23.90 24.00 24.10 * 23.30 23.30 23.20 23.70 25.90 24.90 24.60 23.60 24.40 23.60 23.60 23.40 23.30 23.20 23.10 23.10 * 1
2018-01-16 17:27:23 23.80 23.30 23.10 23.30 23.50 23.70 23.60 23.70 23.90 24.00 24.10 24.10 23.90 24.00 24.10 24.20 * 23.30 23.20 23.20 23.70 25.90 24.90 24.60 23.50 24.50 23.60 23.50 23.40 23.20 23.20 23.20 23.10 * 1
2018-01-16 17:27:24 23.60 23.20 23.10 23.30 23.40 23.70 23.60 23.70 24.00 24.00 24.10 24.00 23.90 23.90 24.10 24.10 * 23.30 23.20 23.30 23.70 26.00 25.00 24.70 23.60 24.40 23.50 23.50 23.40 23.20 23.20 23.10 23.00 * 1
2018-01-16 17:27:24 23.60 23.20 23.10 23.40 23.40 23.70 23.60 23.80 24.00 24.00 24.00 24.10 24.00 23.90 24.00 24.20 * 23.20 23.20 23.30 23.70 26.00 25.00 24.60 23.50 24.50 23.60 23.60 23.50 23.30 23.30 23.20 23.10 * 1
2018-01-16 17:27:24 23.70 23.30 23.10 23.40 23.50 23.80 23.60 23.80 24.00 24.00 24.10 24.00 24.00 23.90 24.10 24.20 * 23.20 23.20 23.20 23.70 26.10 24.90 24.60 23.50 24.50 23.50 23.60 23.50 23.30 23.30 23.30 23.20 * 1
2018-01-16 17:27:24 23.70 23.30 23.10 23.40 23.40 23.80 23.60 23.70 23.90 23.90 24.10 24.00 23.90 23.90 24.10 24.10 * 23.20 23.30 23.30 23.70 26.20 24.90 24.60 23.50 24.50 23.60 23.60 23.40 23.20 23.30 23.20 23.20 * 1
2018-01-16 17:27:25 23.70 23.30 23.10 23.50 23.50 23.80 23.60 23.80 24.00 24.10 24.10 24.10 24.00 24.00 24.20 24.30 * 23.20 23.30 23.20 23.70 26.10 24.90 24.50 23.40 24.50 23.60 23.60 23.40 23.20 23.20 23.20 23.10 * 1
2018-01-16 17:27:25 23.70 23.30 23.10 23.40 23.50 23.80 23.60 23.80 24.00 24.00 24.10 24.00 24.00 24.00 24.10 24.20 * 23.20 23.30 23.30 23.80 26.30 25.00 24.60 23.50 24.50 23.50 23.50 23.40 23.20 23.20 23.10 23.10 * 1
2018-01-16 17:27:25 23.60 23.30 23.10 23.40 23.50 23.70 23.60 23.80 23.90 23.90 24.00 24.00 23.90 23.90 23.90 24.10 * 23.30 23.30 23.30 23.70 26.40 25.00 24.70 23.50 24.50 23.60 23.60 23.40 23.30 23.20 23.20 23.20 * 1
2018-01-16 17:27:25 23.70 23.30 23.20 23.40 23.50 23.70 23.60 23.70 23.90 24.00 24.00 24.00 23.90 23.90 23.90 24.10 * 23.20 23.20 23.20 23.70 26.40 25.00 24.60 23.50 24.50 23.70 23.60 23.40 23.30 23.20 23.30 23.20 * 1
2018-01-16 17:27:26 23.50 23.20 23.10 23.30 23.40 23.60 23.50 23.60 23.90 24.00 24.10 24.00 23.90 23.90 24.00 24.10 * 23.20 23.30 23.30 23.70 26.50 25.00 24.60 23.40 24.50 23.60 23.50 23.40 23.30 23.20 23.20 23.10 * 1
2018-01-16 17:27:26 23.70 23.30 23.20 23.40 23.50 23.70 23.70 23.70 23.90 23.90 24.00 24.00 23.90 23.80 24.00 24.10 * 23.20 23.20 23.30 23.70 26.60 25.00 24.60 23.50 24.40 23.50 23.50 23.30 23.20 23.20 23.20 23.10 * 1
2018-01-16 17:27:26 23.90 23.50 23.30 23.50 23.60 23.90 23.70 23.90 23.90 24.00 24.00 24.00 23.90 23.90 24.00 24.10 * 23.20 23.20 23.30 23.70 26.50 24.90 24.60 23.50 24.40 23.50 23.50 23.30 23.10 23.20 23.20 23.10 * 1
2018-01-16 17:27:27 23.80 23.40 23.20 23.50 23.60 23.80 23.60 23.80 23.90 24.00 24.10 24.00 23.90 23.90 24.00 24.10 * 23.20 23.20 23.20 23.70 26.30 24.90 24.60 23.40 24.40 23.50 23.50 23.40 23.20 23.20 23.20 23.10 * 1
2018-01-16 17:27:27 23.60 23.30 23.20 23.40 23.50 23.70 23.60 23.70 24.00 24.00 24.10 24.10 23.90 24.00 24.10 24.20 * 23.30 23.30 23.30 23.70 26.30 25.00 24.60 23.60 24.50 23.60 23.60 23.40 23.30 23.20 23.20 23.10 * 1
2018-01-16 17:27:27 23.60 23.30 23.20 23.40 23.50 23.70 23.60 23.70 24.00 24.10 24.20 24.00 24.00 24.00 24.10 24.20 * 23.20 23.20 23.30 23.70 26.30 24.90 24.50 23.50 24.40 23.60 23.50 23.40 23.20 23.20 23.20 23.00 * 1
2018-01-16 17:27:27 23.60 23.30 23.20 23.40 23.40 23.70 23.60 23.80 23.90 24.00 24.10 24.00 24.00 24.00 24.00 24.10 * 23.20 23.20 23.30 23.70 26.30 24.90 24.50 23.40 24.40 23.60 23.50 23.30 23.20 23.20 23.20 23.00 * 1
2018-01-16 17:27:28 23.70 23.40 23.20 23.40 23.50 23.80 23.60 23.90 23.90 24.00 24.00 24.00 23.90 23.90 24.00 24.00 * 23.20 23.20 23.30 23.70 26.40 25.00 24.60 23.60 24.40 23.60 23.50 23.30 23.20 23.20 23.20 23.00 * 1
2018-01-16 17:27:28 23.50 23.20 23.00 23.30 23.40 23.60 23.50 23.60 24.00 24.00 24.00 24.00 23.90 23.90 24.00 24.10 * 23.20 23.20 23.30 23.70 26.50 25.00 24.60 23.50 24.60 23.70 23.60 23.40 23.30 23.30 23.30 23.10 * 1
2018-01-16 17:27:28 23.60 23.30 23.00 23.30 23.40 23.60 23.60 23.60 23.90 24.00 24.10 24.00 24.00 23.80 24.00 24.20 * 23.20 23.20 23.30 23.70 26.60 25.00 24.70 23.50 24.50 23.60 23.50 23.40 23.20 23.20 23.20 23.00 * 1
2018-01-16 17:27:28 23.60 23.30 23.10 23.40 23.40 23.70 23.60 23.60 23.90 24.00 24.10 24.00 24.00 23.90 24.00 24.20 * 23.20 23.20 23.30 23.70 26.60 25.00 24.60 23.40 24.40 23.50 23.40 23.30 23.20 23.20 23.20 23.00 * 1
2018-01-16 17:27:29 23.60 23.30 23.10 23.40 23.40 23.70 23.60 23.60 24.00 24.00 24.00 24.00 24.00 23.90 24.00 24.10 * 23.20 23.20 23.30 23.70 26.60 25.00 24.60 23.40 24.40 23.50 23.40 23.30 23.20 23.20 23.10 23.00 * 1
2018-01-16 17:27:29 23.60 23.30 23.10 23.40 23.50 23.80 23.60 23.70 24.00 24.00 24.10 24.00 24.00 23.90 24.00 24.10 * 23.20 23.30 23.30 23.70 26.70 25.10 24.60 23.50 24.50 23.60 23.50 23.40 23.20 23.20 23.10 23.10 * 1
2018-01-16 17:27:29 23.70 23.30 23.20 23.40 23.50 23.80 23.60 23.70 24.00 24.10 24.10 24.00 24.00 24.00 24.10 24.10 * 23.20 23.20 23.20 23.60 26.60 25.00 24.50 23.50 24.50 23.60 23.50 23.40 23.20 23.20 23.10 23.10 * 1
2018-01-16 17:27:29 23.60 23.30 23.20 23.40 23.50 23.80 23.60 23.80 23.90 24.00 24.10 24.10 23.90 24.00 24.10 24.10 * 23.20 23.20 23.30 23.70 26.60 25.00 24.50 23.50 24.50 23.60 23.50 23.40 23.30 23.20 23.20 23.10 * 1
2018-01-16 17:27:30 23.60 23.30 23.20 23.40 23.50 23.80 23.60 23.80 23.90 24.00 24.10 24.00 23.90 23.90 24.10 24.10 * 23.20 23.20 23.30 23.70 26.70 25.00 24.50 23.50 24.40 23.60 23.50 23.40 23.20 23.20 23.20 23.10 * 1
2018-01-16 17:27:30 23.60 23.30 23.20 23.40 23.50 23.70 23.60 23.80 23.90 24.00 24.10 24.00 24.00 23.90 24.10 24.10 * 23.20 23.20 23.20 23.70 26.70 25.00 24.50 23.40 24.50 23.60 23.60 23.40 23.20 23.20 23.20 23.10 * 1
2018-01-16 17:27:30 23.70 23.30 23.20 23.50 23.50 23.70 23.60 23.80 23.90 24.00 24.00 24.00 24.00 23.90 24.10 24.10 * 23.20 23.20 23.20 23.70 26.70 25.10 24.50 23.40 24.60 23.60 23.60 23.50 23.30 23.30 23.30 23.20 * 1
2018-01-16 17:27:31 23.60 23.20 23.10 23.30 23.40 23.60 23.50 23.60 23.90 23.90 24.00 24.00 24.00 23.90 24.00 24.00 * 23.10 23.20 23.30 23.50 25.80 24.90 24.50 23.40 24.50 23.60 23.60 23.50 23.30 23.30 23.30 23.10 * 1
2018-01-16 17:27:31 23.60 23.20 23.10 23.30 23.40 23.60 23.50 23.60 23.90 23.90 24.00 24.00 23.90 23.90 24.00 24.10 * 23.10 23.20 23.30 23.50 25.40 25.10 24.50 23.40 24.50 23.70 23.60 23.50 23.40 23.40 23.30 23.20 * 1
2018-01-16 17:27:31 23.60 23.30 23.10 23.40 23.50 23.70 23.60 23.60 23.90 24.00 24.10 24.00 23.90 24.00 24.10 24.20 * 23.20 23.20 23.30 23.50 25.10 25.30 24.60 23.50 24.50 23.70 23.60 23.50 23.40 23.40 23.30 23.20 * 1
2018-01-16 17:27:31 23.60 23.30 23.10 23.40 24.20 27.50 23.90 23.80 24.00 24.00 24.10 24.00 24.00 24.00 24.10 24.20 * 23.30 23.30 23.40 23.50 24.80 24.70 24.70 23.60 24.50 23.70 23.60 23.50 23.40 23.30 23.30 23.20 * 1
2018-01-16 17:27:32 23.60 23.20 23.10 23.40 24.70 29.70 24.10 23.80 24.40 24.00 24.00 24.00 24.10 24.00 24.00 24.10 * 23.20 23.20 23.20 23.50 24.70 24.40 24.70 23.50 24.60 23.60 23.50 23.50 23.20 23.30 23.20 23.10 * 1
2018-01-16 17:27:32 23.60 23.20 23.10 23.30 24.70 29.90 24.20 23.70 24.60 24.00 24.00 24.00 24.00 23.90 24.00 24.10 * 23.30 23.30 23.30 23.50 24.70 24.40 24.80 23.60 24.70 23.60 23.50 23.50 23.20 23.20 23.20 23.00 * 1
2018-01-16 17:27:32 23.60 23.20 23.10 23.30 24.70 29.40 24.10 23.70 24.50 24.00 24.10 24.10 24.00 23.90 24.00 24.10 * 23.40 23.40 23.40 23.60 24.80 24.40 24.90 23.70 24.70 23.70 23.60 23.50 23.30 23.30 23.20 23.20 * 1
2018-01-16 17:27:32 23.60 23.30 23.20 23.40 24.80 28.70 24.10 23.80 24.20 23.90 24.00 24.00 23.90 23.80 23.90 24.10 * 23.40 23.40 23.40 23.60 24.80 24.50 24.80 23.70 24.70 23.70 23.60 23.50 23.30 23.30 23.30 23.20 * 1
