2018-01-16 15:47:33 28.40 26.80 26.90 27.00 26.20 26.30 24.20 23.70 24.30 24.10 23.90 23.90 24.00 24.00 23.90 23.80 * 24.00 25.60 26.20 24.60 23.40 23.20 23.10 22.90 23.20 23.10 23.30 23.40 23.20 23.00 23.00 22.90 * 0
2018-01-16 15:47:33 26.70 27.20 27.80 27.00 26.80 26.80 24.10 23.70 25.00 24.20 23.90 23.90 23.90 23.90 23.90 23.80 * 24.10 25.20 26.10 24.80 23.40 23.30 23.10 22.90 23.20 23.10 23.30 23.30 23.20 23.00 23.00 22.90 * 0
2018-01-16 15:47:33 24.60 27.40 26.80 26.60 26.80 26.40 24.80 24.70 25.20 25.60 24.00 24.00 23.90 23.90 23.90 23.80 * 24.10 24.70 25.80 24.60 23.40 23.30 23.10 22.90 23.20 23.20 23.40 23.40 23.20 23.10 23.00 22.90 * 0
2018-01-16 15:47:34 24.40 26.60 27.50 26.70 26.60 24.10 23.70 24.50 24.20 25.60 23.90 23.90 23.90 24.00 23.90 23.80 * 24.00 24.60 25.00 24.70 23.80 23.30 23.10 22.90 23.60 23.10 23.30 23.40 23.20 23.00 23.00 22.90 * 0
2018-01-16 15:47:34 24.10 24.90 26.50 26.40 26.60 25.60 23.90 23.60 24.80 24.00 23.80 23.80 23.90 23.90 23.80 23.70 * 24.00 24.60 23.50 23.70 25.40 26.10 24.50 23.10 24.30 23.20 23.30 23.40 23.20 23.00 23.00 22.90 * 0
2018-01-16 15:47:34 24.00 23.90 25.20 25.80 26.50 26.90 24.80 23.70 26.20 25.20 24.00 24.60 24.00 24.00 23.90 23.80 * 23.60 24.20 23.80 23.70 25.10 26.40 24.90 23.20 24.60 23.20 23.30 23.40 23.20 23.00 23.10 22.90 * 0
2018-01-16 15:47:35 23.90 23.50 23.60 23.60 23.50 25.40 27.10 27.20 27.40 27.30 26.40 25.00 24.00 24.00 23.90 23.80 * 23.10 23.50 23.70 23.70 25.10 26.10 24.90 23.70 24.70 23.90 24.00 23.80 23.20 23.00 23.00 23.00 * 0
2018-01-16 15:47:35 24.00 23.60 23.70 23.60 23.10 23.90 26.50 27.40 26.20 26.50 27.40 26.50 25.30 24.50 24.00 23.90 * 23.10 23.30 23.40 23.30 25.00 26.10 24.90 23.70 24.60 23.20 23.60 25.10 25.50 23.70 23.10 23.00 * 0
2018-01-16 15:47:35 23.90 23.60 23.70 23.60 23.10 23.40 24.30 25.30 24.00 24.90 25.80 26.80 26.70 26.10 24.90 24.70 * 23.00 23.30 23.40 23.20 23.60 24.10 24.00 23.10 24.00 23.30 23.60 25.00 25.50 23.80 23.10 23.00 * 0
2018-01-16 15:47:35 23.80 23.50 23.60 23.60 23.10 23.30 23.20 23.50 23.80 24.00 24.10 25.10 26.50 27.00 26.20 24.90 * 23.10 23.30 23.40 23.20 23.30 23.20 23.10 23.00 23.30 23.30 23.60 25.00 25.60 24.30 23.60 23.10 * 0
2018-01-16 15:47:36 23.90 23.60 23.60 23.60 23.10 23.30 23.20 23.40 23.70 24.00 23.90 24.00 25.10 26.70 27.00 25.30 * 23.20 23.30 23.40 23.30 23.30 23.20 23.10 22.90 23.20 23.20 23.40 24.90 25.60 24.30 24.60 23.90 * 0
2018-01-16 15:47:36 23.90 23.60 23.60 23.60 23.00 23.30 23.20 23.30 23.70 24.00 23.90 23.90 24.00 25.30 26.60 26.50 * 23.20 23.30 23.40 23.30 23.30 23.20 23.10 22.90 23.10 23.20 23.40 24.10 24.80 23.90 24.90 24.50 * 0
2018-01-16 15:47:36 23.90 23.60 23.60 23.60 23.00 23.30 23.20 23.40 23.80 23.90 23.80 23.90 23.90 23.90 24.10 27.50 * 23.10 23.30 23.40 23.20 23.30 23.20 23.10 22.80 23.20 23.20 23.40 23.40 23.20 23.50 24.90 24.40 * 0
2018-01-16 15:47:36 24.00 23.60 23.60 23.70 23.10 23.50 23.30 23.50 23.80 23.90 23.80 23.90 23.90 24.00 24.70 27.90 * 23.10 23.20 23.40 23.20 23.30 23.20 23.00 22.80 23.20 23.10 23.40 23.40 23.20 23.20 24.70 24.40 * 0
2018-01-16 15:47:37 23.90 23.60 23.60 23.60 23.10 23.40 23.30 23.40 23.80 23.90 23.80 23.90 23.90 24.00 26.40 27.20 * 23.10 23.20 23.30 23.20 23.20 23.20 23.00 22.80 23.20 23.10 23.40 23.40 23.30 23.20 24.30 24.60 * 0
2018-01-16 15:47:37 23.90 23.60 23.60 23.60 23.10 23.30 23.30 23.40 23.70 23.90 23.80 23.90 23.90 23.90 27.50 26.70 * 23.00 23.20 23.30 23.30 23.20 23.20 23.00 22.80 23.20 23.20 23.40 23.40 23.20 23.10 24.00 24.60 * 0
2018-01-16 15:47:37 23.90 23.60 23.70 23.60 23.10 23.30 23.30 23.50 23.70 24.00 23.80 23.90 23.90 23.90 26.50 27.30 * 23.10 23.30 23.30 23.30 23.40 23.30 23.10 22.90 23.20 23.20 23.30 23.40 23.50 24.00 24.80 24.50 * 0
2018-01-16 15:47:38 24.00 23.60 23.60 23.70 23.20 23.40 23.30 23.40 23.70 23.90 23.70 23.90 23.90 24.10 26.90 27.20 * 23.10 23.30 23.30 23.30 23.30 23.20 23.10 22.80 23.10 23.20 23.40 23.60 24.40 25.80 25.40 24.30 * 0
2018-01-16 15:47:38 24.00 23.60 23.60 23.70 23.20 23.40 23.30 23.40 23.70 23.90 23.80 23.90 24.40 26.50 27.80 26.70 * 23.00 23.30 23.30 23.20 23.30 23.20 23.10 22.80 23.10 23.20 23.50 23.70 25.10 26.70 25.00 24.00 * 0
2018-01-16 15:47:38 24.00 23.60 23.70 23.60 23.20 23.40 23.30 23.50 23.70 24.00 23.90 24.10 26.80 27.90 27.20 26.50 * 23.00 23.20 23.30 23.20 23.30 23.20 23.10 22.90 23.20 23.30 23.50 23.90 25.30 26.70 24.50 23.50 * 0
2018-01-16 15:47:38 24.00 23.60 23.70 23.60 23.20 23.40 23.30 23.50 23.70 23.90 23.90 26.20 26.90 27.10 26.70 26.00 * 23.10 23.30 23.40 23.30 23.40 23.50 24.20 24.70 24.50 25.00 24.60 24.30 25.20 26.70 24.20 23.20 * 0
2018-01-16 15:47:39 24.00 23.70 23.70 23.60 23.20 23.40 23.30 23.50 23.70 23.90 24.40 25.90 27.00 26.70 26.00 24.80 * 23.10 23.40 23.40 23.30 23.40 24.00 25.40 25.20 25.50 25.30 23.60 23.70 25.20 26.60 24.00 23.10 * 0
2018-01-16 15:47:39 24.00 23.60 23.70 23.60 23.20 23.40 23.30 24.30 23.80 24.20 26.00 27.10 26.70 25.60 24.70 24.00 * 23.10 23.30 23.40 23.30 23.40 24.10 25.60 25.10 25.60 25.30 23.70 24.10 25.10 25.10 23.50 23.00 * 0
2018-01-16 15:47:39 24.00 23.60 23.70 23.60 23.20 23.70 25.00 25.70 24.80 25.80 27.10 26.90 25.50 24.30 24.00 23.90 * 23.10 23.40 23.40 23.40 23.70 24.50 25.70 25.20 25.70 25.30 23.80 23.40 23.30 23.10 23.00 23.00 * 0
2018-01-16 15:47:39 24.00 23.60 23.70 23.60 23.20 24.70 26.70 26.30 26.80 26.60 26.00 24.50 23.90 23.80 23.90 23.80 * 23.20 24.00 25.20 25.50 24.40 24.40 25.70 25.00 25.70 25.40 23.50 23.40 23.30 23.10 23.10 23.10 * 0
2018-01-16 15:47:40 23.90 23.60 23.60 23.60 23.20 25.10 26.30 26.00 26.60 25.90 24.70 23.90 23.90 23.80 23.90 23.80 * 23.20 24.80 25.90 25.10 23.40 24.00 25.60 24.90 25.70 25.30 23.50 23.50 23.30 23.20 23.10 23.10 * 0
2018-01-16 15:47:40 23.90 23.60 23.60 23.70 24.00 25.40 25.80 25.30 25.90 24.80 24.00 23.90 23.90 23.90 23.90 23.80 * 23.20 25.20 26.10 24.90 23.40 24.00 25.40 24.20 25.50 24.50 23.50 23.50 23.30 23.20 23.10 23.00 * 0
2018-01-16 15:47:40 23.90 23.70 24.00 25.50 26.00 25.60 24.20 23.60 24.80 24.10 23.90 23.90 23.90 23.90 23.90 23.80 * 23.30 25.20 26.10 24.90 23.60 23.90 24.20 23.20 23.20 23.20 23.40 23.40 23.20 23.10 23.10 23.00 * 0
2018-01-16 15:47:41 24.00 23.80 24.90 26.10 25.70 24.90 23.40 23.50 23.80 24.00 23.90 24.00 23.90 23.90 23.90 23.90 * 24.50 25.80 26.20 25.00 23.40 23.30 23.20 23.10 23.20 23.20 23.50 23.40 23.30 23.10 23.20 23.10 * 0
2018-01-16 15:47:41 24.10 24.20 25.90 26.10 25.40 24.10 23.40 23.60 24.00 24.10 23.90 24.00 24.00 24.00 24.00 23.90 * 25.30 25.60 26.20 24.90 23.40 23.30 23.10 23.00 23.20 23.20 23.40 23.40 23.20 23.10 23.20 23.10 * 0
2018-01-16 15:47:41 24.30 25.00 26.20 25.90 24.40 23.60 23.40 23.60 23.90 24.00 23.80 24.00 24.00 23.90 23.90 23.80 * 25.30 25.30 26.10 24.60 23.30 23.20 23.00 22.80 23.20 23.10 23.30 23.40 23.20 23.10 23.10 22.90 * 0
2018-01-16 15:47:41 24.70 26.30 25.80 23.90 23.10 23.40 23.30 23.40 23.70 23.90 23.80 23.90 23.90 23.90 23.90 23.80 * 25.30 25.50 25.20 23.90 23.30 23.20 23.00 22.80 23.10 23.10 23.40 23.40 23.20 23.00 23.10 23.00 * 0
2018-01-16 15:47:42 24.80 26.20 25.70 23.70 23.10 23.30 23.30 23.40 23.70 23.90 23.80 23.80 23.80 23.80 23.80 23.80 * 25.30 24.90 23.80 23.30 23.30 23.20 23.00 22.90 23.10 23.10 23.30 23.40 23.20 23.00 23.10 23.00 * 0
2018-01-16 15:47:42 24.80 26.40 26.00 24.10 23.20 23.40 23.30 23.50 23.80 23.90 23.80 23.80 23.90 23.80 23.80 23.80 * 25.20 24.30 24.50 23.40 23.30 23.20 23.10 22.90 23.10 23.10 23.30 23.40 23.20 23.10 23.00 22.90 * 0
2018-01-16 15:47:42 24.80 26.50 26.30 25.00 23.20 23.50 23.30 23.40 23.70 23.90 23.80 23.80 23.90 23.80 23.80 23.80 * 25.20 24.00 25.50 23.70 23.30 23.20 23.10 22.90 23.10 23.10 23.30 23.30 23.20 23.10 23.00 22.90 * 0
2018-01-16 15:47:42 24.70 26.30 26.60 25.90 23.20 23.50 23.30 23.40 23.70 23.90 23.80 23.80 23.90 23.80 23.80 23.80 * 25.10 24.10 26.00 23.80 23.30 23.20 23.00 22.80 23.20 23.20 23.40 23.40 23.30 23.10 23.10 23.10 * 0
2018-01-16 15:47:43 24.30 25.20 26.20 26.40 25.20 23.60 23.40 23.50 23.70 24.00 23.80 23.90 23.80 23.90 23.80 23.80 * 23.80 24.10 25.70 24.00 23.40 23.20 23.00 22.90 23.20 23.20 23.40 23.50 23.30 23.10 23.20 23.10 * 0
2018-01-16 15:47:43 24.00 24.20 25.70 26.40 26.00 23.70 23.40 23.50 23.80 24.00 23.80 23.90 23.90 23.90 23.80 23.80 * 23.30 24.00 25.70 24.20 23.90 24.00 23.60 23.00 23.80 23.40 23.40 23.50 23.30 23.10 23.10 23.00 * 0
2018-01-16 15:47:43 24.00 23.80 24.70 26.20 26.20 24.70 23.50 23.50 24.30 23.90 23.80 23.90 23.90 23.90 23.80 23.80 * 23.10 23.90 26.00 24.10 23.80 24.10 24.50 23.90 24.80 24.40 23.60 23.40 23.30 23.10 23.10 23.00 * 0
2018-01-16 15:47:43 24.10 23.80 23.80 24.00 24.50 25.70 26.00 25.30 25.70 24.80 23.90 23.90 23.90 23.80 23.80 23.80 * 23.10 23.60 25.10 24.20 23.40 23.50 24.90 25.00 25.00 25.30 23.90 23.40 23.20 23.00 23.10 23.00 * 0
2018-01-16 15:47:44 24.10 23.70 23.80 23.70 23.30 24.20 25.50 26.10 26.20 26.10 25.00 23.90 23.90 23.80 23.80 23.70 * 23.00 23.30 23.80 23.80 23.50 23.60 24.80 25.20 25.00 25.60 24.70 24.20 23.60 23.10 23.10 23.00 * 0
2018-01-16 15:47:44 24.00 23.70 23.70 23.70 23.20 23.50 24.10 25.80 24.30 25.90 26.60 26.00 24.40 24.00 23.90 23.80 * 23.00 23.20 23.20 23.20 23.20 23.40 24.70 25.20 25.10 25.70 24.70 24.80 24.80 23.80 23.20 23.10 * 0
2018-01-16 15:47:44 24.00 23.80 23.80 23.70 23.30 23.50 23.40 24.90 23.90 24.80 25.90 26.60 25.70 24.70 24.00 23.80 * 23.00 23.20 23.20 23.20 23.20 23.30 24.50 25.20 25.00 25.70 24.10 24.40 25.80 24.90 23.30 23.20 * 0
2018-01-16 15:47:45 24.00 23.70 23.80 23.70 23.20 23.50 23.40 23.90 23.80 24.00 24.50 25.60 26.30 25.90 24.60 23.90 * 23.10 23.30 23.30 23.20 23.30 23.20 23.70 24.40 23.40 23.60 23.90 24.10 25.60 25.20 23.90 23.20 * 0
2018-01-16 15:47:45 24.00 23.60 23.60 23.60 23.10 23.40 23.30 23.50 23.80 24.00 23.80 23.80 25.00 26.10 26.40 25.00 * 23.00 23.20 23.30 23.20 23.20 23.20 23.00 22.80 23.20 23.30 23.50 23.90 25.70 25.00 24.20 23.90 * 0
2018-01-16 15:47:45 24.10 23.70 23.70 23.70 23.20 23.50 23.40 23.60 23.80 24.00 23.90 23.90 24.20 25.50 26.20 26.00 * 23.00 23.10 23.20 23.20 23.20 23.20 23.00 22.80 23.30 23.20 23.50 23.90 26.00 25.00 24.00 24.60 * 0
2018-01-16 15:47:45 24.10 23.80 23.80 23.70 23.30 23.60 23.50 23.60 23.70 24.00 23.90 24.00 23.90 24.50 25.70 26.30 * 22.90 23.10 23.20 23.10 23.20 23.10 23.00 22.80 23.20 23.20 23.40 23.70 25.10 24.90 23.90 24.60 * 0
2018-01-16 15:47:46 24.10 23.70 23.80 23.70 23.30 23.60 23.50 23.60 23.70 23.90 23.90 23.90 23.90 23.90 24.80 26.00 * 22.90 23.20 23.20 23.20 23.20 23.10 23.00 22.80 23.10 23.10 23.30 23.40 23.60 24.20 24.10 24.60 * 0
2018-01-16 15:47:46 23.90 23.60 23.60 23.70 23.10 23.40 23.30 23.40 23.70 23.90 23.90 23.90 23.90 23.90 24.00 25.50 * 23.00 23.20 23.20 23.20 23.20 23.20 23.00 22.90 23.30 23.20 23.40 23.40 23.30 23.10 24.00 25.00 * 0
2018-01-16 15:47:46 23.90 23.60 23.60 23.60 23.10 23.30 23.30 23.40 23.80 24.00 23.90 23.90 24.00 24.00 23.90 24.80 * 23.00 23.20 23.40 23.20 23.30 23.20 23.10 22.90 23.30 23.20 23.40 23.50 23.30 23.20 23.90 24.80 * 0
2018-01-16 15:47:46 24.00 23.60 23.60 23.60 23.20 23.40 23.30 23.50 23.80 23.90 23.90 23.90 24.00 24.00 23.90 24.20 * 23.00 23.20 23.30 23.20 23.30 23.20 23.10 22.90 23.20 23.10 23.30 23.40 23.30 23.10 23.50 24.50 * 0
2018-01-16 15:47:47 24.00 23.70 23.70 23.70 23.10 23.30 23.30 23.50 23.70 23.90 23.80 23.80 23.90 23.90 23.90 23.90 * 23.10 23.30 23.40 23.20 23.30 23.20 23.10 22.90 23.30 23.20 23.40 23.50 23.40 23.70 24.00 23.80 * 0
2018-01-16 15:47:47 23.90 23.50 23.60 23.50 23.10 23.30 23.30 23.40 23.80 24.00 23.90 23.90 23.90 23.90 23.90 24.30 * 23.10 23.40 23.40 23.40 23.40 23.20 23.20 23.00 23.30 23.20 23.40 23.90 24.60 25.10 24.20 23.60 * 0
2018-01-16 15:47:47 23.90 23.50 23.60 23.60 23.10 23.40 23.30 23.40 23.90 24.00 23.90 23.90 23.90 23.90 24.30 25.20 * 23.10 23.30 23.30 23.30 23.30 23.20 23.10 22.90 23.30 23.20 23.40 24.20 25.70 26.00 23.70 23.10 * 0
2018-01-16 15:47:48 23.90 23.60 23.70 23.70 23.20 23.40 23.30 23.40 23.80 24.00 23.90 23.90 23.90 24.10 25.40 26.10 * 23.10 23.20 23.30 23.20 23.30 23.20 23.10 22.90 23.20 23.20 23.40 24.20 25.80 25.80 23.90 23.80 * 0
2018-01-16 15:47:48 24.00 23.70 23.80 23.80 23.30 23.50 23.50 23.60 23.80 23.90 23.90 23.90 24.00 25.10 26.30 26.30 * 23.00 23.20 23.30 23.20 23.30 23.20 23.10 23.20 23.40 23.80 24.30 24.90 25.90 25.90 24.20 23.80 * 0
2018-01-16 15:47:48 24.00 23.70 23.80 23.70 23.30 23.50 23.50 23.60 23.70 24.00 23.90 24.00 24.70 26.20 26.40 25.90 * 23.00 23.20 23.30 23.20 23.70 24.30 24.50 24.20 25.20 23.90 23.70 24.20 25.90 25.90 23.60 23.10 * 0
2018-01-16 15:47:48 24.00 23.70 23.70 23.70 23.20 23.40 23.40 23.70 23.90 24.80 25.30 25.90 25.80 25.20 24.50 23.90 * 23.10 23.30 23.30 24.10 26.10 26.20 25.10 23.20 24.70 23.30 23.60 24.30 25.40 24.90 23.40 23.10 * 0
2018-01-16 15:47:49 24.00 23.70 23.70 23.70 23.20 23.40 23.70 24.60 25.10 25.90 26.00 25.40 24.70 24.20 24.00 23.80 * 23.10 23.30 23.30 24.10 26.10 26.20 25.10 23.40 24.80 23.50 23.60 24.00 24.10 23.50 23.20 23.00 * 0
2018-01-16 15:47:49 24.10 23.70 23.70 23.70 23.80 25.20 25.80 25.50 26.20 26.00 25.30 24.50 24.00 23.90 24.00 23.80 * 23.20 23.80 24.10 24.60 26.20 26.20 25.10 23.30 24.80 23.50 23.50 23.50 23.30 23.10 23.20 23.00 * 0
2018-01-16 15:47:49 24.10 23.80 23.90 24.40 25.10 25.90 25.60 24.90 26.00 25.20 24.30 23.90 23.90 23.90 23.90 23.80 * 25.00 24.90 23.40 24.00 26.30 26.10 24.70 23.00 24.30 23.30 23.40 23.40 23.20 23.10 23.20 22.90 * 0
2018-01-16 15:47:49 24.20 24.00 24.70 25.70 25.80 25.30 24.50 24.10 24.10 24.00 23.90 23.90 23.90 24.00 23.90 23.80 * 25.10 25.00 23.40 24.20 25.70 24.80 23.80 22.90 23.60 23.20 23.30 23.30 23.20 23.10 23.10 22.90 * 0
2018-01-16 15:47:50 24.30 24.60 26.00 26.10 24.90 24.20 23.70 23.80 23.90 24.00 23.90 24.00 24.00 24.00 23.90 23.90 * 25.10 25.00 23.60 23.90 24.20 23.40 23.10 22.90 23.20 23.20 23.40 23.40 23.30 23.10 23.10 22.90 * 0
2018-01-16 15:47:50 24.40 25.60 26.40 25.80 23.80 23.60 23.50 23.70 23.80 24.00 23.90 24.00 24.00 24.00 23.80 23.80 * 25.20 25.00 23.60 23.20 23.30 23.20 23.00 22.90 23.20 23.20 23.50 23.50 23.30 23.20 23.20 23.10 * 0
2018-01-16 15:47:50 24.50 26.00 26.30 25.60 23.40 23.60 23.40 23.60 23.80 23.90 23.90 23.90 23.90 23.90 23.80 23.70 * 25.20 25.00 23.40 23.20 23.30 23.20 23.00 22.90 23.20 23.20 23.40 23.40 23.20 23.10 23.10 23.00 * 0
2018-01-16 15:47:50 24.60 26.00 26.40 25.60 23.40 23.60 23.50 23.60 23.80 23.90 23.90 23.90 23.90 23.90 23.70 23.70 * 25.30 25.20 24.00 23.30 23.30 23.20 23.00 23.00 23.10 23.10 23.30 23.40 23.20 23.00 23.10 22.90 * 0
2018-01-16 15:47:51 24.50 25.80 26.30 25.70 23.40 23.50 23.40 23.60 23.90 24.00 23.90 24.00 23.90 23.90 23.90 23.90 * 25.10 25.30 24.80 23.60 23.30 23.20 23.00 22.90 23.00 23.10 23.30 23.40 23.20 23.00 23.10 22.90 * 0
2018-01-16 15:47:51 24.40 25.90 26.20 26.00 23.50 23.50 23.40 23.50 23.90 24.10 24.00 24.00 23.90 23.90 23.90 23.90 * 25.20 25.20 25.40 23.70 23.30 23.20 23.10 22.90 23.00 23.20 23.40 23.40 23.20 23.10 23.10 23.00 * 0
2018-01-16 15:47:51 24.40 26.00 26.40 26.40 25.70 24.20 23.40 23.40 23.90 24.10 24.00 24.00 24.00 24.00 23.90 23.90 * 25.30 25.00 25.70 23.70 23.30 23.20 23.10 22.90 23.10 23.10 23.30 23.40 23.20 23.10 23.00 23.00 * 0
2018-01-16 15:47:52 24.30 25.70 26.20 26.40 26.30 25.50 23.50 23.50 24.00 24.00 23.90 23.90 23.90 23.90 23.90 23.80 * 24.10 24.00 25.70 24.00 23.40 23.30 23.10 22.90 23.10 23.10 23.30 23.40 23.20 23.00 23.00 23.00 * 0
2018-01-16 15:47:52 24.20 25.10 25.90 26.00 26.30 26.40 24.10 23.70 24.50 24.00 23.80 23.90 23.90 23.90 23.90 23.80 * 23.60 24.00 25.70 24.80 24.60 24.60 24.50 23.90 24.50 23.90 23.60 23.40 23.20 23.00 23.10 22.90 * 0
2018-01-16 15:47:52 24.10 24.20 25.80 25.90 26.00 26.20 25.10 23.90 25.50 24.30 23.90 23.90 23.90 23.90 23.90 23.80 * 23.10 23.50 25.70 25.40 25.50 25.80 26.10 25.00 25.90 24.60 23.80 23.50 23.20 23.00 23.10 23.00 * 0
2018-01-16 15:47:52 24.10 23.80 24.00 25.40 26.50 26.90 26.50 26.10 26.30 25.50 24.50 23.90 23.90 23.90 23.80 23.80 * 23.10 23.40 24.70 25.20 25.30 25.80 26.30 25.10 26.00 24.60 23.70 23.50 23.30 23.10 23.20 23.10 * 0
2018-01-16 15:47:53 24.10 23.70 23.70 24.10 24.90 26.10 26.70 26.80 27.00 26.80 26.10 24.90 24.00 23.90 23.80 23.70 * 23.10 23.40 23.60 25.00 25.30 25.80 26.30 25.30 26.10 25.00 24.80 25.60 25.20 23.90 23.20 23.10 * 0
2018-01-16 15:47:53 24.00 23.70 23.70 23.70 23.30 24.20 25.10 26.20 24.90 25.80 26.80 27.50 27.30 26.60 25.70 24.50 * 23.10 23.30 23.40 24.20 24.80 25.20 25.80 25.20 25.70 24.80 24.00 25.60 25.80 24.40 23.10 23.10 * 0
2018-01-16 15:47:53 24.10 23.80 23.80 23.80 23.30 23.50 23.60 24.60 23.90 24.30 25.10 26.60 27.20 27.20 27.10 25.90 * 23.10 23.30 23.30 23.40 23.80 23.90 24.30 24.10 24.30 24.20 23.90 25.30 25.50 24.50 23.60 23.30 * 0
2018-01-16 15:47:53 24.10 23.80 23.80 23.70 23.30 23.50 23.40 23.70 23.80 24.00 24.00 25.10 27.00 27.10 26.90 26.90 * 23.10 23.30 23.30 23.20 23.30 23.20 23.10 22.90 23.30 23.30 23.50 25.40 26.10 24.40 24.20 24.60 * 0
2018-01-16 15:47:54 24.00 23.60 23.70 23.70 23.20 23.40 23.30 23.50 23.70 23.90 23.80 24.00 25.80 27.00 26.90 26.90 * 23.10 23.30 23.40 23.30 23.40 23.20 23.20 23.00 23.20 23.30 23.40 24.90 26.10 24.50 24.30 24.50 * 0
2018-01-16 15:47:54 23.90 23.60 23.60 23.60 23.20 23.30 23.30 23.50 23.80 23.90 23.80 23.90 23.90 24.60 26.50 26.80 * 23.10 23.30 23.40 23.30 23.40 23.20 23.10 22.90 23.10 23.30 23.40 24.00 24.80 24.40 24.50 24.30 * 0
2018-01-16 15:47:54 24.10 23.80 23.70 23.70 23.20 23.50 23.40 23.70 23.80 24.00 23.80 23.90 23.90 23.90 25.30 26.60 * 23.10 23.30 23.30 23.20 23.30 23.20 23.10 22.90 23.20 23.20 23.30 23.40 23.50 24.10 24.70 24.30 * 0
2018-01-16 15:47:54 24.00 23.80 23.70 23.80 23.30 23.50 23.40 23.70 23.70 23.90 23.80 23.90 23.80 23.90 24.20 26.10 * 23.00 23.30 23.30 23.20 23.30 23.20 23.10 22.90 23.20 23.20 23.30 23.40 23.30 23.60 24.70 24.80 * 0
2018-01-16 15:47:55 24.00 23.60 23.70 23.60 23.10 23.40 23.30 23.50 23.70 23.90 23.80 23.80 23.80 23.80 23.90 25.00 * 23.10 23.40 23.40 23.30 23.30 23.30 23.20 23.00 23.20 23.20 23.40 23.50 23.30 23.20 24.10 24.90 * 0
2018-01-16 15:47:55 24.00 23.70 23.70 23.70 23.20 23.40 23.30 23.50 23.80 24.00 23.90 23.90 23.90 24.00 24.00 24.00 * 23.10 23.30 23.40 23.30 23.30 23.30 23.10 23.00 23.20 23.20 23.40 23.50 23.30 23.20 23.50 24.80 * 0
2018-01-16 15:47:55 24.10 23.80 23.80 23.80 23.20 23.50 23.40 23.60 23.70 23.90 23.80 23.90 23.90 23.90 23.90 23.90 * 23.10 23.30 23.40 23.20 23.30 23.20 23.10 23.00 23.30 23.30 23.50 23.60 23.40 23.20 23.20 24.30 * 0
2018-01-16 15:47:56 24.10 23.70 23.70 23.70 23.30 23.50 23.40 23.70 23.70 24.00 23.80 23.90 23.80 23.90 23.90 23.80 * 23.00 23.20 23.20 23.10 23.20 23.10 23.00 22.90 23.20 23.30 23.40 23.50 23.40 23.20 23.20 23.70 * 0
2018-01-16 15:47:56 24.10 23.70 23.70 23.70 23.20 23.50 23.40 23.60 23.70 23.90 23.80 23.80 23.80 23.90 23.90 23.80 * 23.00 23.20 23.30 23.20 23.30 23.20 23.10 22.80 23.20 23.20 23.40 23.40 23.30 23.20 23.20 23.10 * 0
2018-01-16 15:47:56 24.00 23.60 23.70 23.70 23.20 23.40 23.30 23.50 23.70 24.00 23.70 23.90 23.90 23.90 23.80 23.80 * 23.10 23.30 23.40 23.20 23.30 23.20 23.10 22.90 23.20 23.20 23.40 23.50 23.30 23.20 23.20 23.10 * 0
2018-01-16 15:47:56 24.00 23.70 23.70 23.70 23.20 23.50 23.40 23.60 23.70 23.90 23.70 23.80 23.80 23.80 23.80 23.90 * 23.10 23.30 23.30 23.20 23.30 23.20 23.00 22.80 23.30 23.30 23.50 23.50 23.40 23.40 23.90 24.20 * 0
2018-01-16 15:47:57 24.00 23.70 23.60 23.70 23.20 23.40 23.40 23.60 23.70 23.90 23.70 23.80 23.80 23.90 23.90 24.30 * 23.00 23.20 23.20 23.10 23.20 23.20 23.00 22.80 23.30 23.30 23.50 23.50 23.40 24.10 25.50 25.70 * 0
2018-01-16 15:47:57 24.10 23.70 23.70 23.70 23.20 23.40 23.40 23.50 23.80 23.90 23.80 23.90 23.90 24.00 24.30 25.60 * 23.00 23.20 23.30 23.20 23.30 23.20 23.00 22.90 23.60 23.90 24.20 24.20 24.10 24.90 26.50 26.00 * 0
2018-01-16 15:47:57 24.10 23.70 23.80 23.70 23.20 23.50 23.40 23.60 24.00 24.10 24.00 24.20 25.10 26.10 27.00 27.00 * 23.20 23.40 23.40 23.40 24.20 24.60 24.60 24.10 24.80 24.20 24.30 24.20 24.10 24.90 26.50 26.00 * 0
2018-01-16 15:47:57 24.10 23.80 23.80 23.70 23.20 23.50 23.50 23.80 24.00 24.40 25.10 25.80 26.60 27.00 26.60 26.00 * 23.30 23.50 23.50 23.60 25.40 26.00 25.70 24.00 25.40 23.50 23.40 23.50 23.60 25.00 26.40 25.30 * 0
2018-01-16 15:47:58 24.10 23.70 23.70 23.60 23.20 23.40 23.40 24.30 24.70 25.70 26.50 26.80 26.10 25.60 25.10 24.30 * 23.20 23.40 23.50 23.70 25.60 26.10 25.70 23.90 25.20 23.60 23.70 23.70 23.70 24.40 24.60 23.70 * 0
2018-01-16 15:47:58 24.10 23.70 23.60 23.60 23.20 23.60 24.50 25.60 26.10 26.60 26.60 26.10 24.60 24.10 24.00 23.80 * 23.30 24.20 24.40 24.40 25.60 25.90 25.50 23.90 25.10 23.70 23.70 23.70 23.50 23.20 23.00 23.00 * 0
2018-01-16 15:47:58 24.00 23.80 23.70 23.90 24.90 26.20 26.20 26.20 26.60 26.40 26.40 24.80 24.00 24.00 23.90 23.80 * 23.90 25.00 24.70 24.40 25.70 25.90 25.50 23.50 25.30 23.30 23.50 23.50 23.30 23.20 23.20 23.10 * 0
2018-01-16 15:47:58 24.10 23.80 23.80 24.90 26.10 26.30 26.20 26.30 26.60 25.80 24.30 23.90 23.90 23.90 23.90 23.80 * 24.70 24.60 23.50 23.60 25.60 26.00 25.60 23.40 25.20 23.30 23.40 23.50 23.20 23.20 23.20 23.10 * 0
2018-01-16 15:47:59 24.20 23.90 24.80 26.10 26.30 26.50 26.20 25.40 25.50 24.50 23.90 23.90 23.90 23.90 23.90 23.80 * 25.30 24.30 23.40 23.60 25.70 25.80 25.10 23.30 24.60 23.20 23.40 23.40 23.20 23.10 23.10 23.00 * 0
2018-01-16 15:47:59 24.40 25.10 26.00 26.40 26.40 25.80 24.90 24.10 24.20 24.10 24.00 24.00 24.00 23.90 23.90 23.90 * 25.30 24.10 23.50 23.70 24.70 24.40 23.80 23.00 23.60 23.20 23.30 23.30 23.20 23.00 23.10 23.00 * 0
2018-01-16 15:47:59 25.10 26.40 26.10 25.60 23.50 23.50 23.40 23.70 24.00 24.10 24.00 24.00 24.00 24.00 24.10 23.90 * 25.50 24.40 23.40 23.30 23.30 23.30 23.10 23.00 23.20 23.20 23.40 23.50 23.30 23.10 23.10 23.10 * 0
2018-01-16 15:48:00 25.10 26.20 25.90 24.40 23.10 23.40 23.30 23.50 23.80 24.00 23.90 24.00 24.00 24.00 23.90 23.90 * 25.50 24.10 23.40 23.30 23.30 23.30 23.10 23.00 23.20 23.20 23.30 23.50 23.20 23.10 23.10 23.00 * 0
2018-01-16 15:48:00 25.10 26.10 25.70 23.80 23.10 23.40 23.30 23.50 23.80 24.10 23.90 24.00 24.00 24.00 23.90 23.80 * 25.60 24.00 23.40 23.30 23.30 23.30 23.20 23.00 23.10 23.20 23.30 23.40 23.20 23.10 23.10 23.00 * 0
