2018-01-16 17:17:57 26.80 24.20 23.40 23.10 23.20 23.40 23.50 23.50 23.80 23.70 24.00 24.00 23.80 23.90 23.90 23.90 * 24.50 24.40 23.60 23.60 23.80 23.80 23.70 23.40 23.40 23.30 23.50 23.40 23.20 23.10 23.00 22.80 * 1
2018-01-16 17:17:57 26.70 24.00 23.40 23.10 23.20 23.40 23.50 23.50 23.80 23.80 24.10 24.00 23.80 23.90 23.90 23.90 * 24.60 23.90 23.60 23.60 23.70 23.70 23.60 23.40 23.40 23.30 23.50 23.50 23.20 23.20 23.10 22.90 * 1
2018-01-16 17:17:57 26.20 23.80 23.50 23.20 23.30 23.60 23.60 23.70 23.90 23.90 24.20 24.10 23.90 24.00 23.90 24.00 * 24.60 23.50 23.70 23.60 23.70 23.80 23.70 23.40 23.60 23.50 23.70 23.70 23.40 23.40 23.30 23.10 * 1
2018-01-16 17:17:58 25.40 23.80 23.40 23.20 23.30 23.60 23.60 23.70 23.90 23.90 24.10 24.10 23.90 24.00 24.00 24.10 * 24.40 23.40 23.70 23.60 23.70 23.80 23.70 23.30 23.50 23.50 23.60 23.60 23.40 23.30 23.20 23.00 * 1
2018-01-16 17:17:58 25.30 23.70 23.40 23.20 23.30 23.60 23.50 23.70 23.90 23.90 24.10 24.10 23.90 24.00 24.00 24.00 * 24.50 23.50 23.50 23.50 23.70 23.80 23.60 23.20 23.50 23.50 23.60 23.60 23.40 23.30 23.20 23.10 * 1
2018-01-16 17:17:58 26.50 23.80 23.40 23.20 23.30 23.60 23.60 23.70 23.90 23.80 24.10 24.10 23.90 24.00 24.00 24.00 * 24.80 24.20 23.70 23.60 23.70 23.80 23.60 23.50 23.50 23.50 23.70 23.60 23.50 23.40 23.20 23.10 * 1
2018-01-16 17:17:59 26.50 23.90 23.40 23.20 23.30 23.60 23.60 23.70 23.90 23.80 24.10 24.10 23.90 23.90 23.90 24.00 * 24.70 23.90 23.70 23.60 23.70 23.80 23.60 23.40 23.50 23.50 23.60 23.60 23.40 23.30 23.20 23.00 * 1
2018-01-16 17:17:59 26.00 23.80 23.40 23.20 23.30 23.60 23.60 23.60 23.90 23.90 24.10 24.10 23.90 23.90 23.90 24.00 * 24.40 23.30 23.60 23.60 23.70 23.70 23.60 23.30 23.50 23.50 23.60 23.60 23.30 23.20 23.20 23.00 * 1
2018-01-16 17:17:59 25.60 23.70 23.40 23.20 23.20 23.50 23.50 23.60 23.80 23.70 24.00 24.00 23.90 24.00 23.90 23.90 * 24.30 23.20 23.50 23.60 23.60 23.70 23.60 23.40 23.40 23.50 23.60 23.60 23.30 23.20 23.10 23.00 * 1
2018-01-16 17:17:59 26.30 23.90 23.30 23.20 23.20 23.40 23.40 23.50 23.80 23.70 24.00 24.00 23.90 24.00 23.90 24.00 * 23.90 23.60 24.00 24.10 23.80 23.80 23.70 23.50 23.50 23.60 23.60 23.60 23.40 23.30 23.20 23.00 * 1
2018-01-16 17:18:00 25.60 26.50 25.00 23.30 23.20 23.50 23.40 23.50 23.80 23.70 24.10 24.10 24.00 24.00 23.90 24.00 * 23.80 23.50 24.20 24.70 23.90 23.90 23.80 23.60 23.50 23.50 23.60 23.60 23.40 23.30 23.20 23.00 * 1
2018-01-16 17:18:00 24.20 25.30 26.50 24.80 23.50 23.50 23.40 23.50 23.80 23.70 24.00 24.00 23.90 23.90 23.90 24.00 * 23.50 23.40 24.10 24.90 23.90 23.90 23.70 23.50 23.50 23.40 23.60 23.50 23.30 23.30 23.20 23.00 * 1
2018-01-16 17:18:00 23.80 24.10 26.90 26.40 24.30 23.60 23.50 23.50 23.80 23.70 24.00 24.00 23.80 23.80 23.80 23.90 * 23.30 23.40 23.90 24.80 24.10 23.90 23.70 23.40 23.60 23.60 23.70 23.60 23.30 23.20 23.20 23.00 * 1
2018-01-16 17:18:00 23.80 23.90 25.00 24.60 26.00 26.80 25.30 24.10 25.40 24.30 24.00 24.10 24.00 23.90 24.00 24.00 * 23.20 23.30 23.50 24.00 24.50 24.60 24.40 24.40 24.40 24.60 24.60 23.70 23.40 23.30 23.30 23.10 * 1
2018-01-16 17:18:01 23.80 23.80 23.50 23.70 24.70 26.30 27.00 25.70 27.10 25.60 24.30 24.00 23.90 23.90 24.00 24.00 * 23.20 23.30 23.50 23.70 24.80 24.90 25.20 25.40 25.30 25.70 25.70 23.80 23.50 23.40 23.30 23.10 * 1
2018-01-16 17:18:01 23.80 23.70 23.40 23.20 23.30 24.00 25.50 25.90 26.00 26.20 26.00 25.80 24.90 23.90 24.00 24.00 * 23.20 23.20 23.50 23.60 24.40 24.60 25.30 25.70 25.30 25.90 26.00 23.80 24.20 24.50 23.40 23.10 * 1
2018-01-16 17:18:01 23.80 23.80 23.40 23.20 23.30 23.50 23.60 24.40 23.70 23.70 24.00 24.10 24.00 23.90 23.90 23.90 * 23.20 23.20 23.50 23.60 23.90 24.20 24.70 25.40 24.80 25.60 26.10 24.20 25.40 25.80 23.70 23.20 * 1
2018-01-16 17:18:01 23.70 23.80 23.40 23.20 23.30 23.60 23.60 23.70 23.80 23.80 24.10 24.10 23.90 23.90 24.00 24.00 * 23.20 23.20 23.50 23.60 23.70 24.30 24.30 25.00 24.80 25.40 26.20 25.70 25.80 26.00 23.90 23.40 * 1
2018-01-16 17:18:02 23.70 23.80 23.40 23.20 23.30 23.50 23.50 23.60 23.80 23.90 24.10 24.10 23.90 24.00 24.00 24.00 * 23.10 23.20 23.50 23.60 23.70 24.60 24.60 25.10 24.80 25.40 26.20 25.70 25.70 25.50 24.20 23.30 * 1
2018-01-16 17:18:02 23.70 23.80 23.40 23.20 23.20 23.60 23.60 23.70 23.80 23.80 24.00 24.00 23.90 23.90 23.90 23.90 * 23.20 23.20 23.50 23.50 23.70 24.60 24.60 25.10 24.70 25.30 26.10 25.70 25.60 24.60 24.60 23.20 * 1
2018-01-16 17:18:02 23.70 23.60 23.40 23.20 23.20 23.60 23.50 23.60 23.80 23.70 24.00 24.00 23.90 23.90 23.90 23.90 * 23.20 23.20 23.50 23.60 23.70 24.60 24.60 25.10 24.60 25.20 26.10 25.80 25.60 24.30 24.90 23.30 * 1
2018-01-16 17:18:03 23.60 23.70 23.40 23.20 23.30 23.50 23.50 23.60 23.80 23.80 24.00 24.00 24.00 23.90 24.00 24.00 * 23.20 23.20 23.50 23.60 23.70 23.90 24.50 25.10 24.60 25.20 26.20 25.90 25.70 24.40 25.00 23.30 * 1
2018-01-16 17:18:03 23.60 23.70 23.40 23.20 23.30 23.50 23.50 23.60 23.80 23.70 24.00 24.00 23.90 24.00 24.00 24.00 * 23.20 23.20 23.50 23.60 23.70 23.90 24.50 25.00 24.70 25.30 26.30 26.00 25.80 24.40 25.00 23.30 * 1
2018-01-16 17:18:03 23.60 23.70 23.30 23.20 23.20 23.50 23.50 23.60 23.80 23.70 24.00 24.00 23.90 24.00 24.00 23.90 * 23.10 23.20 23.40 23.50 23.70 23.90 24.60 25.00 24.90 25.40 26.30 26.10 25.80 24.60 25.10 23.40 * 1
2018-01-16 17:18:03 23.70 23.70 23.40 23.20 23.20 23.50 23.50 23.60 23.80 23.80 24.10 24.10 23.90 24.00 23.90 23.90 * 23.20 23.20 23.40 23.60 23.70 23.90 24.80 25.10 25.10 25.50 26.40 26.00 25.90 24.70 25.10 23.50 * 1
2018-01-16 17:18:04 23.60 23.70 23.30 23.20 23.20 23.50 23.50 23.50 23.80 23.80 24.00 24.10 23.90 24.00 23.90 23.90 * 23.20 23.30 23.50 23.60 23.70 24.00 24.90 25.20 25.10 25.50 26.40 25.90 25.80 24.50 24.90 23.30 * 1
2018-01-16 17:18:04 23.70 23.70 23.30 23.20 23.30 23.50 23.50 23.60 23.80 23.80 24.10 24.10 23.90 24.00 23.90 24.00 * 23.20 23.30 23.60 23.60 23.80 24.00 24.90 25.30 25.00 25.50 26.40 25.90 25.80 24.50 24.90 23.30 * 1
2018-01-16 17:18:04 23.60 23.60 23.30 23.20 23.30 23.50 23.50 23.60 23.90 23.80 24.10 24.10 23.90 23.90 24.00 24.00 * 23.20 23.30 23.50 23.60 23.80 24.00 24.90 25.20 25.00 25.50 26.40 25.90 25.70 24.50 25.00 23.30 * 1
2018-01-16 17:18:04 23.60 23.60 23.20 23.10 23.20 23.50 23.50 23.60 23.90 23.80 24.10 24.00 23.90 24.00 24.00 24.00 * 23.20 23.20 23.50 23.50 23.70 24.00 24.80 25.20 25.10 25.60 26.40 26.00 25.80 24.50 25.10 23.40 * 1
2018-01-16 17:18:05 23.60 23.70 23.20 23.10 23.20 23.40 23.50 23.60 23.90 23.90 24.10 24.10 24.00 24.00 24.00 24.10 * 23.20 23.30 23.50 23.60 23.80 24.00 24.90 25.30 25.00 25.40 26.40 25.90 25.70 24.50 25.00 23.30 * 1
2018-01-16 17:18:05 23.60 23.70 23.40 23.20 23.40 23.60 23.60 23.70 23.90 23.90 24.10 24.10 24.00 24.00 23.90 24.00 * 23.30 23.40 23.60 23.70 23.80 24.10 24.90 25.20 25.10 25.50 26.50 26.00 25.80 24.60 25.10 23.40 * 1
2018-01-16 17:18:05 23.60 23.70 23.30 23.20 23.20 23.50 23.40 23.60 23.80 23.80 24.10 24.10 23.90 23.90 23.90 24.00 * 23.20 23.30 23.50 23.50 23.70 23.90 24.80 25.10 25.10 25.50 26.50 26.10 25.80 24.60 25.10 23.50 * 1
2018-01-16 17:18:06 23.60 23.70 23.30 23.20 23.20 23.50 23.40 23.60 23.80 23.80 24.10 24.10 24.00 24.00 23.90 23.90 * 23.20 23.30 23.50 23.60 23.70 24.00 24.90 25.10 25.10 25.40 26.40 26.10 25.80 24.60 25.10 23.50 * 1
2018-01-16 17:18:06 23.60 23.60 23.30 23.10 23.20 23.50 23.50 23.50 23.90 23.90 24.10 24.20 24.10 24.10 24.10 24.00 * 23.20 23.30 23.60 23.60 23.80 24.00 24.90 25.10 25.00 25.40 26.40 26.10 25.70 24.60 25.10 23.50 * 1
2018-01-16 17:18:06 23.60 23.60 23.30 23.10 23.20 23.50 23.50 23.50 23.90 23.90 24.10 24.10 24.10 24.10 24.10 24.00 * 23.20 23.40 23.60 23.60 23.80 24.00 24.90 25.10 25.00 25.40 26.40 26.00 25.70 24.50 25.00 23.30 * 1
2018-01-16 17:18:06 23.60 23.70 23.30 23.10 23.20 23.50 23.40 23.60 24.00 23.90 24.10 24.10 24.10 24.10 24.10 24.00 * 23.20 23.30 23.50 23.50 23.70 23.90 24.90 25.20 25.00 25.50 26.40 26.00 25.70 24.60 25.00 23.30 * 1
2018-01-16 17:18:07 23.60 23.70 23.30 23.10 23.20 23.40 23.40 23.50 23.90 23.90 24.10 24.10 24.00 24.10 24.00 24.00 * 23.20 23.30 23.50 23.50 23.70 23.90 24.90 25.20 25.10 25.60 26.50 26.00 25.50 24.60 25.00 23.30 * 1
2018-01-16 17:18:07 23.60 23.70 23.40 23.10 23.20 23.50 23.40 23.50 23.90 23.90 24.20 24.30 24.20 24.60 24.20 24.10 * 23.20 23.30 23.50 23.50 23.70 23.90 24.90 25.30 25.10 25.60 26.50 26.00 24.90 25.00 25.00 23.40 * 1
2018-01-16 17:18:07 23.60 23.80 23.40 23.20 23.30 23.50 23.50 23.60 23.90 23.90 24.10 24.30 24.10 24.90 24.20 24.10 * 23.40 23.40 23.60 23.60 23.80 24.00 25.00 25.40 25.10 25.60 26.60 26.00 23.90 26.20 25.10 23.30 * 1
2018-01-16 17:18:07 23.60 23.60 23.30 23.20 23.20 23.50 23.50 23.50 23.80 23.80 24.00 24.20 24.20 25.40 24.80 24.00 * 23.10 23.20 23.40 23.50 23.70 23.90 24.90 25.10 25.10 25.60 26.60 26.10 23.90 26.20 24.70 23.30 * 1
2018-01-16 17:18:08 23.60 23.60 23.30 23.10 23.20 23.40 23.50 23.50 23.80 23.90 24.10 24.70 25.00 26.70 26.20 24.20 * 23.10 23.20 23.50 23.50 23.70 23.90 24.80 25.10 25.10 25.60 26.60 26.20 23.90 25.90 24.00 23.30 * 1
2018-01-16 17:18:08 23.60 23.60 23.30 23.10 23.20 23.40 23.50 23.50 23.80 23.80 24.20 25.60 26.40 28.90 27.50 24.30 * 23.20 23.20 23.50 23.50 23.70 23.90 24.80 25.20 25.10 25.60 26.50 26.20 23.80 25.60 23.50 23.20 * 1
2018-01-16 17:18:08 23.70 23.80 23.40 23.20 23.30 23.50 23.50 23.60 24.00 24.00 26.40 28.90 29.40 29.40 25.30 24.20 * 23.20 23.20 23.40 23.60 23.70 23.90 24.80 25.20 25.10 25.50 26.50 26.10 23.70 24.90 23.50 23.20 * 1
2018-01-16 17:18:08 23.60 23.70 23.40 23.10 23.20 23.50 23.50 23.60 23.90 24.10 27.90 28.90 27.40 25.40 24.10 24.00 * 23.20 23.20 23.40 23.60 23.60 23.90 24.80 25.20 25.00 25.50 26.50 26.10 23.60 23.50 23.30 23.20 * 1
2018-01-16 17:18:09 23.60 23.70 23.30 23.20 23.20 23.50 23.50 23.80 23.80 24.20 28.20 28.10 25.90 23.90 23.90 23.90 * 23.20 23.30 23.40 23.60 23.70 23.90 24.80 25.20 25.00 25.50 26.60 26.30 23.70 23.50 23.40 23.20 * 1
2018-01-16 17:18:09 23.70 23.70 23.30 23.20 23.30 23.50 23.50 24.10 23.90 24.50 28.20 27.60 26.50 23.90 23.90 24.00 * 23.20 23.30 23.50 23.50 23.70 23.90 24.70 25.10 25.00 25.50 26.60 26.60 24.30 23.60 23.50 23.30 * 1
2018-01-16 17:18:09 23.80 23.80 23.40 23.20 23.30 23.50 23.60 24.50 24.00 24.80 27.90 27.00 27.00 24.10 24.00 24.00 * 23.20 23.30 23.50 23.50 23.70 23.90 24.60 25.00 25.00 25.40 26.50 26.80 25.60 23.70 23.50 23.30 * 1
2018-01-16 17:18:09 23.70 23.80 23.50 23.20 23.30 23.50 23.60 24.40 23.90 24.40 27.50 27.00 27.40 25.20 24.00 23.90 * 23.10 23.30 23.40 23.50 23.60 23.80 24.50 24.80 24.70 25.00 26.30 26.90 26.80 24.90 23.40 23.20 * 1
2018-01-16 17:18:10 23.60 23.70 23.30 23.10 23.20 23.50 23.50 23.70 23.90 24.00 26.30 27.50 27.40 27.20 24.80 24.00 * 23.10 23.10 23.40 23.50 23.60 23.70 24.10 24.20 24.20 24.60 25.90 27.20 26.80 25.50 23.60 23.20 * 1
2018-01-16 17:18:10 23.60 23.70 23.30 23.10 23.20 23.40 23.50 23.60 23.80 23.90 25.30 27.80 27.00 28.10 26.00 24.20 * 23.20 23.30 23.50 23.60 23.70 23.80 23.70 23.90 23.70 24.10 25.30 27.40 26.70 25.80 23.60 23.20 * 1
2018-01-16 17:18:10 23.60 23.70 23.30 23.10 23.20 23.50 23.50 23.60 23.90 24.00 25.50 27.70 27.20 28.20 26.10 24.30 * 23.10 23.20 23.40 23.50 23.60 23.70 23.60 23.60 23.60 23.80 24.70 27.50 26.60 25.70 23.50 23.20 * 1
2018-01-16 17:18:11 23.60 23.70 23.30 23.10 23.20 23.50 23.50 23.60 23.90 23.90 25.90 27.40 28.30 28.70 24.70 24.10 * 23.10 23.10 23.30 23.40 23.60 23.70 23.60 23.50 23.60 23.70 24.50 27.40 26.50 25.60 23.40 23.20 * 1
2018-01-16 17:18:11 23.50 23.60 23.20 23.10 23.20 23.50 23.40 23.60 23.90 23.90 25.20 28.10 29.10 29.20 24.50 24.10 * 23.20 23.20 23.40 23.50 23.70 23.70 23.60 23.60 23.60 23.80 25.00 27.00 26.70 25.30 24.70 23.40 * 1
2018-01-16 17:18:11 23.60 23.60 23.30 23.10 23.20 23.50 23.50 23.60 23.90 23.90 24.60 28.30 30.10 30.60 25.60 24.30 * 23.20 23.30 23.50 23.50 23.70 23.70 23.70 23.70 23.70 23.90 25.30 27.30 27.20 25.30 25.80 23.60 * 1
2018-01-16 17:18:11 23.60 23.70 23.30 23.20 23.30 23.50 23.60 23.60 24.00 23.90 24.30 27.20 29.80 31.10 28.60 24.80 * 23.20 23.30 23.50 23.60 23.70 23.80 23.70 23.80 23.60 23.70 25.30 27.30 27.80 25.20 26.00 23.50 * 1
2018-01-16 17:18:12 23.60 23.70 23.30 23.10 23.20 23.50 23.50 23.60 23.80 23.80 24.10 25.10 28.50 28.80 31.00 26.20 * 23.10 23.20 23.40 23.50 23.60 23.70 23.60 23.60 23.50 23.60 25.20 27.20 28.10 25.20 26.00 23.40 * 1
2018-01-16 17:18:12 23.50 23.60 23.30 23.10 23.20 23.50 23.50 23.60 23.80 23.80 24.10 24.90 28.30 28.50 31.00 26.60 * 23.10 23.20 23.50 23.60 23.70 23.70 23.70 23.60 23.60 23.80 25.10 27.30 28.10 25.20 26.10 23.40 * 1
2018-01-16 17:18:12 23.50 23.70 23.30 23.20 23.20 23.50 23.40 23.60 23.80 23.80 24.20 25.00 28.30 28.70 31.10 26.20 * 23.30 23.40 23.60 23.60 23.80 23.80 23.80 23.70 23.60 23.80 25.20 27.40 28.20 25.20 26.10 23.40 * 1
2018-01-16 17:18:12 23.60 23.70 23.30 23.20 23.20 23.50 23.50 23.60 23.90 23.90 24.20 25.20 28.40 29.30 31.00 25.60 * 23.20 23.20 23.50 23.50 23.60 23.70 23.70 23.60 23.60 23.80 25.30 27.40 28.20 25.20 26.10 23.50 * 1
2018-01-16 17:18:13 23.60 23.70 23.40 23.20 23.20 23.60 23.50 23.60 23.90 23.80 24.10 25.50 28.60 29.90 30.80 25.10 * 23.20 23.20 23.50 23.50 23.70 23.70 23.70 23.60 23.60 23.70 25.20 27.20 27.90 25.00 26.00 23.40 * 1
2018-01-16 17:18:13 23.60 23.70 23.30 23.20 23.20 23.60 23.50 23.60 23.80 23.80 24.10 26.10 29.10 30.90 30.80 25.00 * 23.30 23.30 23.60 23.60 23.80 23.80 23.80 23.70 23.60 23.70 25.20 27.10 27.40 24.90 26.10 23.50 * 1
