2018-01-16 16:54:38 24.30 25.30 27.50 26.70 26.70 24.00 23.30 23.50 23.60 23.60 23.80 23.80 23.80 23.90 23.90 23.90 * 24.60 24.90 24.00 23.70 23.70 23.60 23.50 23.20 23.20 23.20 23.40 23.30 23.00 23.00 23.00 23.00 * 1
2018-01-16 16:54:38 24.20 24.50 26.90 27.40 27.00 24.10 23.30 23.50 23.60 23.60 23.80 23.90 23.80 23.90 24.00 23.90 * 23.70 24.60 24.90 24.80 23.90 23.70 23.50 23.30 23.10 23.10 23.30 23.20 23.00 23.00 22.90 22.90 * 1
2018-01-16 16:54:38 24.20 24.30 27.60 26.90 26.90 25.40 23.90 23.60 24.70 23.80 23.90 24.00 23.90 24.00 24.00 24.00 * 23.60 24.00 24.90 25.10 24.10 24.00 23.70 23.40 23.60 23.40 23.40 23.40 23.20 23.10 23.10 23.00 * 1
2018-01-16 16:54:39 24.20 23.90 24.80 27.00 26.30 26.40 25.40 25.30 25.60 24.90 24.80 24.10 24.00 24.00 24.00 24.00 * 23.30 23.60 24.40 25.00 24.10 24.00 24.50 24.50 24.60 24.90 24.90 24.00 23.30 23.20 23.20 23.10 * 1
2018-01-16 16:54:39 24.10 23.70 23.80 24.70 24.60 25.20 25.70 25.70 26.30 26.50 26.60 25.60 24.70 24.40 24.60 24.80 * 23.20 23.50 23.90 24.30 23.90 23.90 24.70 25.40 24.70 25.60 26.10 25.10 24.50 24.20 23.70 23.20 * 1
2018-01-16 16:54:39 24.10 23.80 23.80 23.70 23.30 23.70 25.00 26.20 25.00 26.00 26.90 27.80 27.10 25.70 25.30 25.70 * 23.40 23.60 23.90 23.80 23.90 24.30 25.00 24.70 25.30 25.30 24.40 24.20 26.00 26.50 26.70 26.00 * 1
2018-01-16 16:54:39 24.00 23.70 23.70 23.60 23.20 23.40 23.20 23.40 23.80 24.30 25.50 26.60 26.40 25.20 24.70 24.80 * 23.40 23.60 24.30 24.50 25.10 25.60 26.70 26.10 26.90 26.30 24.90 24.50 25.30 25.60 25.70 25.10 * 1
2018-01-16 16:54:40 23.90 23.60 23.60 23.60 23.20 23.30 23.10 23.30 23.60 23.70 23.90 23.90 23.80 24.00 24.00 23.90 * 24.10 25.10 25.70 25.90 26.40 26.30 26.70 25.00 26.40 24.70 24.00 24.10 24.20 24.10 23.90 23.60 * 1
2018-01-16 16:54:40 23.90 23.60 23.60 23.60 23.20 23.30 23.10 23.40 23.60 23.70 23.80 23.90 23.90 24.00 24.00 24.00 * 25.80 27.40 27.00 26.90 26.40 26.50 26.70 25.10 26.70 25.70 25.30 25.70 25.60 24.70 23.30 23.30 * 1
2018-01-16 16:54:40 24.00 23.60 23.60 23.60 23.10 23.30 23.10 23.50 23.60 23.70 23.80 23.90 23.90 24.00 24.00 24.00 * 25.80 27.40 27.20 26.90 26.50 26.40 26.90 26.20 26.90 26.50 26.00 26.30 25.90 24.70 23.30 23.20 * 1
2018-01-16 16:54:40 24.10 23.70 23.70 23.70 23.20 23.40 23.20 23.50 23.70 23.70 23.90 24.00 23.90 24.00 24.00 24.00 * 26.10 27.50 27.40 26.90 26.50 26.50 27.00 26.30 26.90 26.30 25.50 26.10 25.90 24.80 23.30 23.10 * 1
2018-01-16 16:54:41 24.00 23.60 23.60 23.60 23.20 23.40 23.20 23.40 23.60 23.70 23.90 23.90 23.90 24.00 24.10 24.00 * 26.40 27.60 27.40 27.00 26.50 26.60 27.00 25.80 26.80 26.00 24.90 25.80 26.00 25.30 23.40 23.20 * 1
2018-01-16 16:54:41 24.00 23.60 23.60 23.60 23.20 23.40 23.20 23.40 23.60 23.70 23.90 23.90 23.90 24.00 24.00 24.00 * 26.70 27.60 27.30 27.00 26.50 26.70 26.80 25.40 26.60 25.70 24.30 25.40 26.00 25.70 23.50 23.30 * 1
2018-01-16 16:54:41 24.00 23.70 23.60 23.60 23.20 23.40 23.30 23.40 23.60 23.80 23.90 23.90 23.90 24.00 24.00 24.00 * 27.20 27.70 27.40 27.00 26.60 26.80 26.80 25.30 26.50 25.40 23.90 24.60 25.80 26.00 23.70 23.30 * 1
2018-01-16 16:54:42 24.10 23.80 23.80 23.70 23.30 23.50 23.20 23.50 23.70 23.80 24.00 24.00 24.00 24.10 24.10 24.00 * 27.30 27.70 27.30 26.90 26.40 26.90 26.80 25.30 26.50 25.40 23.90 24.30 25.70 26.00 23.70 23.30 * 1
2018-01-16 16:54:42 24.00 23.70 23.70 23.60 23.20 23.30 23.20 23.40 23.50 23.70 23.80 23.90 23.80 23.90 24.00 23.80 * 27.10 27.60 27.20 26.80 26.20 26.90 26.80 25.40 26.50 25.40 23.80 24.00 25.50 25.90 23.70 23.30 * 1
2018-01-16 16:54:42 24.00 23.70 23.60 23.70 23.20 23.30 23.20 23.40 23.50 23.60 23.80 23.80 23.80 23.90 23.90 23.80 * 27.00 27.70 27.30 26.80 26.20 27.00 26.90 25.50 26.60 25.50 23.80 23.80 25.10 25.90 23.80 23.30 * 1
2018-01-16 16:54:42 24.00 23.70 23.70 23.70 23.30 23.40 23.20 23.40 23.60 23.70 23.90 24.00 23.90 24.00 24.00 24.00 * 27.00 27.90 27.50 27.00 26.30 27.20 27.20 25.80 26.70 25.70 24.00 23.80 25.10 26.00 24.00 23.40 * 1
2018-01-16 16:54:43 24.10 23.70 23.70 23.70 23.30 23.40 23.20 23.50 23.70 23.90 24.00 24.10 24.00 24.10 24.10 24.10 * 27.10 28.00 27.60 27.00 26.40 27.40 27.30 26.00 26.70 25.80 24.20 23.80 24.90 25.90 24.10 23.40 * 1
2018-01-16 16:54:43 24.10 23.70 23.70 23.60 23.20 23.40 23.20 23.50 23.70 23.80 23.90 24.00 23.90 24.10 24.10 24.00 * 27.10 28.00 27.50 27.00 26.20 27.60 27.20 26.00 26.70 25.90 24.50 23.80 24.50 25.90 24.20 23.30 * 1
2018-01-16 16:54:43 24.00 23.70 23.70 23.60 23.20 23.40 23.20 23.40 23.50 23.60 23.90 23.90 23.80 23.90 23.90 23.90 * 27.10 27.90 27.40 27.00 26.00 28.00 27.20 26.20 26.80 26.20 25.30 24.00 24.10 26.00 24.80 23.50 * 1
2018-01-16 16:54:43 24.00 23.70 23.70 23.60 23.20 23.40 23.20 23.50 23.50 23.70 23.90 23.90 23.90 23.90 23.90 24.00 * 27.10 27.90 27.40 26.80 26.00 28.40 27.20 26.30 26.80 26.40 25.80 24.40 24.10 26.10 25.10 23.50 * 1
2018-01-16 16:54:44 24.10 23.80 23.80 23.80 23.30 23.50 23.30 23.60 23.70 23.70 23.90 23.90 23.90 24.00 24.00 24.10 * 27.20 28.00 27.50 26.80 26.00 28.50 27.20 26.40 26.90 26.50 26.20 25.10 24.10 26.10 25.40 23.60 * 1
2018-01-16 16:54:44 24.00 23.70 23.70 23.70 23.20 23.40 23.20 23.40 23.50 23.60 23.80 23.80 23.80 23.90 23.80 23.90 * 27.10 27.90 27.40 26.70 25.90 28.50 27.10 26.30 26.80 26.50 26.40 25.80 24.20 26.00 25.60 23.60 * 1
2018-01-16 16:54:44 24.10 23.80 23.80 23.70 23.20 23.50 23.30 23.50 23.50 23.70 23.70 23.80 23.80 23.90 23.80 23.90 * 27.00 27.90 27.40 26.70 25.90 28.50 27.00 26.40 26.70 26.50 26.60 26.10 24.40 26.00 25.70 23.70 * 1
2018-01-16 16:54:45 24.00 23.80 23.80 23.60 23.30 23.40 23.30 23.50 23.50 23.60 23.80 23.80 23.80 23.80 23.80 23.80 * 27.10 28.10 27.60 26.80 26.00 28.50 27.10 26.50 26.80 26.60 26.80 26.60 24.80 26.00 25.80 23.90 * 1
2018-01-16 16:54:45 24.10 23.80 23.80 23.60 23.30 23.40 23.30 23.50 23.70 23.80 24.00 24.00 23.90 24.00 24.00 24.00 * 27.10 28.10 27.50 26.80 26.00 28.50 27.10 26.50 26.80 26.60 27.00 26.90 25.10 26.00 25.90 23.90 * 1
2018-01-16 16:54:45 24.00 23.70 23.70 23.60 23.20 23.40 23.20 23.40 23.70 23.80 23.90 24.00 23.90 24.00 24.00 24.00 * 27.10 28.10 27.50 26.80 26.00 28.40 27.00 26.40 26.80 26.60 27.10 27.10 25.40 25.90 25.90 24.00 * 1
2018-01-16 16:54:45 24.00 23.70 23.70 23.60 23.20 23.40 23.20 23.40 23.60 23.70 23.90 23.90 24.00 24.00 24.00 23.90 * 27.10 28.10 27.60 26.90 25.90 28.40 27.00 26.50 26.70 26.70 27.20 27.30 25.60 25.90 26.00 24.10 * 1
2018-01-16 16:54:46 24.10 23.70 23.70 23.60 23.20 23.40 23.20 23.50 23.60 23.70 23.90 23.90 24.00 24.00 24.00 24.00 * 27.20 28.20 27.60 26.80 26.00 28.50 27.00 26.60 26.80 26.80 27.30 27.50 25.90 26.00 26.00 24.20 * 1
2018-01-16 16:54:46 24.10 23.80 23.70 23.70 23.30 23.50 23.30 23.50 23.60 23.70 23.90 23.90 24.00 23.90 24.00 24.00 * 27.20 28.20 27.60 26.90 26.00 28.50 27.10 26.70 26.80 26.70 27.30 27.60 26.10 26.00 26.00 24.20 * 1
2018-01-16 16:54:46 24.00 23.70 23.70 23.70 23.20 23.30 23.30 23.40 23.60 23.70 24.00 24.00 24.00 24.00 24.00 24.10 * 27.20 28.10 27.60 26.80 25.90 28.50 27.00 26.60 26.70 26.70 27.30 27.60 26.10 26.00 26.10 24.20 * 1
2018-01-16 16:54:46 24.00 23.70 23.70 23.60 23.20 23.30 23.20 23.40 23.70 23.80 23.90 24.00 23.90 24.00 24.10 24.00 * 27.20 28.10 27.60 26.80 26.00 28.50 27.00 26.60 26.80 26.70 27.40 27.70 26.20 26.00 26.10 24.20 * 1
2018-01-16 16:54:47 24.00 23.70 23.70 23.60 23.20 23.30 23.20 23.40 23.70 23.70 23.90 24.00 23.90 24.00 24.00 24.00 * 27.30 28.30 27.80 27.00 26.20 28.60 27.20 26.70 26.80 26.80 27.50 27.80 26.50 26.00 26.10 24.40 * 1
2018-01-16 16:54:47 24.00 23.70 23.70 23.60 23.30 23.40 23.20 23.50 23.80 23.80 24.00 24.00 24.00 24.00 24.00 24.00 * 27.30 28.30 27.80 27.00 26.10 28.60 27.10 26.70 26.80 26.80 27.50 27.90 26.50 26.00 26.00 24.30 * 1
2018-01-16 16:54:47 24.00 23.60 23.60 23.60 23.20 23.30 23.20 23.40 23.80 23.80 23.90 24.00 24.00 24.10 24.00 23.90 * 27.30 28.20 27.70 27.00 26.10 28.60 27.10 26.70 26.80 26.80 27.40 27.80 26.50 26.00 26.00 24.30 * 1
2018-01-16 16:54:48 24.00 23.60 23.60 23.60 23.20 23.40 23.20 23.40 23.60 23.70 23.80 23.90 23.90 23.90 24.00 23.90 * 27.30 28.30 27.80 27.00 26.10 28.60 27.10 26.80 26.80 26.80 27.50 27.90 26.60 26.20 26.10 24.50 * 1
2018-01-16 16:54:48 24.10 23.70 23.70 23.60 23.20 23.40 23.30 23.50 23.70 23.70 23.90 24.00 23.90 24.00 24.10 24.00 * 27.40 28.30 27.80 27.00 26.10 28.60 27.20 26.80 26.90 26.90 27.50 28.00 26.70 26.20 26.20 24.40 * 1
2018-01-16 16:54:48 24.10 23.80 23.80 23.70 23.20 23.50 23.30 23.50 23.60 23.70 23.90 23.90 23.80 23.90 24.10 24.00 * 27.40 28.30 27.80 27.00 26.10 28.60 27.20 26.80 26.90 26.80 27.50 28.00 26.70 26.20 26.10 24.40 * 1
2018-01-16 16:54:48 24.00 23.80 23.70 23.60 23.20 23.40 23.20 23.40 23.60 23.70 23.80 23.90 23.90 23.90 24.00 24.00 * 27.20 28.30 27.70 26.90 26.00 28.50 27.10 26.60 26.80 26.70 27.40 27.90 26.70 26.10 26.00 24.40 * 1
2018-01-16 16:54:49 24.00 23.70 23.70 23.60 23.20 23.40 23.20 23.40 23.50 23.60 23.80 23.90 23.90 23.90 24.00 23.90 * 27.20 28.20 27.70 26.90 26.00 28.40 27.00 26.60 26.80 26.70 27.40 27.90 26.70 26.10 26.00 24.40 * 1
2018-01-16 16:54:49 24.00 23.70 23.70 23.60 23.20 23.40 23.20 23.40 23.50 23.70 23.80 23.90 23.90 24.00 24.00 23.90 * 27.30 28.20 27.80 26.90 26.10 28.40 27.10 26.70 26.90 26.80 27.50 28.00 26.80 26.30 26.10 24.50 * 1
2018-01-16 16:54:49 24.10 23.70 23.70 23.70 23.30 23.50 23.20 23.50 23.50 23.60 23.90 23.90 23.90 24.00 24.00 24.00 * 27.30 28.30 27.80 26.90 26.10 28.50 27.20 26.60 26.90 26.80 27.60 28.10 26.90 26.30 26.20 24.50 * 1
2018-01-16 16:54:49 24.00 23.80 23.70 23.60 23.20 23.40 23.30 23.50 23.50 23.60 23.90 23.90 23.90 23.90 24.00 23.90 * 27.30 28.20 27.70 26.90 26.00 28.40 27.20 26.60 26.80 26.70 27.50 28.10 26.90 26.20 26.20 24.50 * 1
2018-01-16 16:54:50 24.00 23.80 23.70 23.70 23.20 23.40 23.30 23.50 23.60 23.70 23.90 23.90 23.90 24.00 24.00 24.00 * 27.30 28.20 27.70 26.90 26.00 28.40 27.10 26.60 26.70 26.70 27.50 28.00 26.90 26.30 26.10 24.50 * 1
2018-01-16 16:54:50 24.00 23.70 23.80 23.70 23.20 23.40 23.30 23.50 23.70 23.80 23.90 24.00 23.90 24.00 24.00 23.90 * 27.30 28.30 27.80 26.90 26.10 28.50 27.20 26.70 26.70 26.70 27.50 28.00 26.90 26.30 26.10 24.60 * 1
2018-01-16 16:54:50 24.10 23.80 23.80 23.70 23.30 23.50 23.40 23.60 23.70 23.80 24.00 24.00 23.90 24.00 24.00 23.90 * 27.30 28.20 27.80 26.90 26.00 28.40 27.10 26.60 26.70 26.60 27.40 27.90 26.80 26.20 26.00 24.40 * 1
2018-01-16 16:54:50 24.10 23.80 23.70 23.70 23.20 23.50 23.30 23.60 23.70 23.70 23.90 24.00 23.90 24.00 24.00 23.90 * 27.20 28.20 27.70 26.90 26.00 28.40 27.10 26.50 26.60 26.60 27.30 27.90 26.80 26.20 25.90 24.30 * 1
2018-01-16 16:54:51 24.00 23.70 23.60 23.60 23.20 23.30 23.20 23.40 23.60 23.60 23.80 23.90 23.90 23.90 24.00 23.90 * 27.20 28.20 27.70 26.80 26.00 28.40 27.10 26.50 26.70 26.60 27.40 27.90 26.90 26.30 26.00 24.40 * 1
2018-01-16 16:54:51 24.00 23.70 23.60 23.70 23.20 23.30 23.20 23.40 23.70 23.70 23.90 23.90 23.90 24.00 24.00 23.90 * 27.10 28.20 27.60 26.80 25.90 28.30 27.10 26.40 26.80 26.60 27.40 28.00 26.80 26.20 26.10 24.40 * 1
2018-01-16 16:54:51 24.00 23.70 23.60 23.70 23.20 23.30 23.20 23.40 23.70 23.70 23.90 23.90 23.90 24.00 24.00 23.90 * 27.20 28.20 27.70 26.90 26.00 28.40 27.10 26.50 26.70 26.60 27.40 28.00 26.80 26.20 26.00 24.40 * 1
2018-01-16 16:54:51 24.10 23.70 23.70 23.60 23.20 23.40 23.20 23.40 23.60 23.70 23.80 23.90 23.90 24.00 24.00 23.90 * 27.20 28.20 27.70 26.80 25.90 28.30 27.00 26.60 26.80 26.70 27.50 28.00 26.70 26.10 26.10 24.50 * 1
2018-01-16 16:54:52 24.00 23.60 23.60 23.60 23.20 23.40 23.20 23.40 23.50 23.60 23.80 23.90 23.90 23.90 23.90 23.80 * 27.20 28.20 27.70 26.80 26.00 28.40 27.00 26.60 26.70 26.60 27.40 27.80 26.50 26.00 26.00 24.40 * 1
2018-01-16 16:54:52 24.00 23.70 23.60 23.60 23.20 23.40 23.20 23.50 23.70 23.70 23.90 23.90 23.90 24.00 24.00 24.00 * 27.20 28.20 27.80 26.80 26.00 28.40 27.10 26.60 26.70 26.70 27.30 27.60 26.10 25.90 26.00 24.40 * 1
2018-01-16 16:54:52 24.10 23.80 23.70 23.70 23.30 23.50 23.30 23.60 23.50 23.60 23.80 23.80 23.90 23.90 23.90 23.90 * 27.30 28.20 27.80 26.80 26.00 28.40 27.10 26.70 26.90 26.70 26.70 26.50 25.00 25.90 25.90 24.40 * 1
2018-01-16 16:54:53 24.00 23.70 23.70 23.70 23.20 23.40 23.30 23.50 23.50 23.60 23.70 23.80 23.80 23.90 23.90 23.80 * 27.30 28.20 27.80 26.90 26.00 27.80 27.20 26.30 27.00 26.40 25.10 24.00 24.10 25.90 25.40 24.00 * 1
2018-01-16 16:54:53 24.00 23.70 23.70 23.60 23.20 23.40 23.20 23.50 23.60 23.70 23.80 23.90 23.80 23.90 24.00 23.90 * 27.40 28.20 27.80 27.00 26.10 27.30 27.00 25.90 26.80 26.00 24.30 23.80 24.40 25.90 25.20 23.70 * 1
2018-01-16 16:54:53 24.00 23.70 23.70 23.70 23.20 23.40 23.20 23.50 23.60 23.80 23.90 23.90 23.90 24.00 24.00 24.00 * 26.70 28.00 28.00 27.10 26.30 26.80 26.60 25.70 26.40 25.70 24.00 23.80 24.70 26.00 25.20 23.70 * 1
2018-01-16 16:54:53 24.10 23.70 23.70 23.70 23.20 23.40 23.30 23.50 23.70 23.80 23.90 24.00 24.00 24.00 24.00 24.10 * 25.00 26.90 28.10 27.20 26.20 26.20 26.10 25.40 26.10 25.60 24.00 24.10 25.00 25.90 25.00 23.60 * 1
2018-01-16 16:54:54 24.00 23.70 23.70 23.60 23.30 23.40 23.20 23.40 23.60 23.80 23.90 24.00 23.90 24.10 24.10 24.10 * 23.60 24.90 26.40 26.60 26.20 25.70 26.00 25.30 26.10 25.60 24.00 24.60 25.20 24.90 24.10 23.30 * 1
2018-01-16 16:54:54 24.00 23.70 23.70 23.60 23.20 23.40 23.20 23.40 23.70 23.70 23.90 23.90 23.90 24.00 24.00 23.90 * 23.30 23.80 24.40 24.30 26.00 26.40 26.70 25.40 26.70 25.70 25.10 26.00 25.30 25.90 23.90 23.30 * 1
