2018-01-16 17:17:20 23.70 23.70 23.30 23.10 23.30 24.40 25.70 25.20 25.80 25.50 24.30 24.00 23.80 23.90 23.80 23.90 * 23.20 23.30 23.50 23.40 23.70 23.70 24.30 23.80 23.80 23.80 24.20 23.70 23.30 23.20 23.10 22.90 * 1
2018-01-16 17:17:20 23.70 23.70 23.30 23.20 23.30 23.50 24.20 25.30 24.50 25.50 25.00 24.10 23.90 24.00 23.80 23.80 * 23.20 23.30 23.50 23.50 23.70 23.70 24.00 23.80 23.60 23.60 24.40 24.00 23.60 23.30 23.20 23.10 * 1
2018-01-16 17:17:20 23.70 23.60 23.30 23.10 23.20 23.40 23.60 24.50 24.10 24.10 25.70 26.70 25.40 24.20 24.10 24.10 * 23.30 23.30 23.50 23.50 23.70 23.70 23.60 23.50 23.50 23.60 24.20 24.10 24.20 23.40 23.30 23.10 * 1
2018-01-16 17:17:21 23.70 23.70 23.30 23.10 23.20 23.50 23.50 23.60 23.90 23.90 24.40 26.00 26.30 24.20 24.00 24.00 * 23.20 23.30 23.50 23.50 23.60 23.70 23.60 23.50 23.50 23.50 23.70 23.80 24.40 23.70 23.20 23.10 * 1
2018-01-16 17:17:21 23.60 23.60 23.30 23.10 23.20 23.40 23.50 23.60 23.80 23.80 24.00 24.60 26.80 24.30 23.90 23.90 * 23.30 23.30 23.50 23.50 23.70 23.80 23.60 23.60 23.40 23.50 23.70 23.70 24.20 23.80 23.20 23.10 * 1
2018-01-16 17:17:21 23.50 23.60 23.20 23.10 23.20 23.40 23.50 23.50 24.00 23.90 24.20 24.20 26.20 25.70 24.40 24.10 * 23.20 23.20 23.40 23.50 23.70 23.70 23.60 23.50 23.50 23.70 23.80 23.70 23.80 24.00 23.40 23.20 * 1
2018-01-16 17:17:21 23.50 23.60 23.20 23.10 23.10 23.40 23.40 23.50 23.90 23.80 24.10 24.10 25.90 25.80 24.20 23.90 * 23.10 23.20 23.40 23.40 23.60 23.60 23.50 23.40 23.60 23.70 23.80 23.80 23.70 24.20 23.50 23.20 * 1
2018-01-16 17:17:22 23.60 23.60 23.30 23.00 23.10 23.40 23.50 23.50 23.80 23.70 24.00 24.10 26.20 26.00 24.00 23.80 * 23.00 23.10 23.20 23.30 23.50 23.50 23.30 23.20 23.50 23.60 23.70 23.70 23.80 24.00 23.40 23.20 * 1
2018-01-16 17:17:22 23.60 23.60 23.30 23.10 23.20 23.40 23.50 23.60 23.80 23.70 24.00 24.50 26.50 26.20 24.10 23.90 * 22.90 23.10 23.20 23.30 23.50 23.50 23.30 23.20 23.50 23.50 23.70 23.70 24.10 23.60 23.30 23.20 * 1
2018-01-16 17:17:22 23.60 23.60 23.30 23.00 23.20 23.50 23.50 23.60 23.90 23.90 24.30 25.50 26.60 25.50 24.10 24.10 * 23.10 23.20 23.30 23.40 23.60 23.60 23.50 23.40 23.50 23.60 23.70 23.90 24.40 23.50 23.30 23.20 * 1
2018-01-16 17:17:23 23.60 23.70 23.30 23.10 23.20 23.50 23.50 23.60 23.90 24.00 24.90 26.60 26.80 24.80 24.00 24.20 * 23.10 23.20 23.30 23.30 23.50 23.60 23.50 23.40 23.50 23.60 23.70 24.10 24.40 23.50 23.30 23.10 * 1
2018-01-16 17:17:23 23.60 23.60 23.20 23.00 23.10 23.40 23.50 23.60 23.90 24.00 25.70 26.90 26.10 24.30 24.00 24.00 * 23.00 23.20 23.30 23.30 23.50 23.50 23.40 23.30 23.50 23.60 24.00 24.90 23.70 23.20 23.20 23.00 * 1
2018-01-16 17:17:23 23.70 23.60 23.30 23.10 23.20 23.50 23.50 23.90 23.90 24.30 26.40 26.60 24.50 24.20 24.10 24.00 * 23.10 23.30 23.40 23.50 23.60 23.60 23.60 23.50 24.40 24.70 25.10 25.00 23.70 23.20 23.20 23.00 * 1
2018-01-16 17:17:23 23.70 23.70 23.40 23.20 23.20 23.50 23.80 25.30 27.40 28.10 27.70 26.10 24.60 24.60 24.20 24.10 * 23.40 23.70 23.90 23.80 24.40 24.70 25.60 25.70 25.40 25.80 25.90 25.00 23.50 23.30 23.20 23.10 * 1
2018-01-16 17:17:24 23.70 23.70 23.40 23.20 23.80 25.90 26.70 26.30 27.10 26.30 25.60 24.30 24.00 24.00 24.00 24.10 * 23.40 24.10 25.60 24.60 25.70 27.00 26.30 25.80 25.80 25.70 25.80 24.70 23.40 23.30 23.20 23.00 * 1
2018-01-16 17:17:24 23.70 23.70 23.40 23.20 23.70 24.20 24.00 23.70 24.20 23.80 24.00 24.00 23.80 23.90 23.80 23.90 * 23.40 24.30 26.90 25.10 26.40 28.60 26.40 25.70 26.00 25.50 25.80 24.30 23.50 23.30 23.10 23.10 * 1
2018-01-16 17:17:24 23.80 23.80 23.50 23.30 23.30 23.50 23.60 23.70 23.90 23.80 24.00 24.00 23.90 23.90 23.90 23.90 * 23.50 24.30 26.90 24.90 26.30 28.90 26.00 25.80 25.80 26.00 25.40 23.90 23.50 23.30 23.20 23.10 * 1
2018-01-16 17:17:24 23.80 23.80 23.50 23.20 23.30 23.50 23.60 23.70 24.00 23.90 24.10 24.10 24.00 24.00 24.00 23.90 * 23.50 24.30 26.90 24.80 26.30 29.10 26.00 25.80 26.20 25.80 25.40 23.90 23.60 23.40 23.30 23.20 * 1
2018-01-16 17:17:25 24.10 25.40 27.50 26.90 25.30 24.00 23.60 23.70 24.10 23.90 24.10 24.10 24.00 24.10 24.00 24.00 * 23.40 24.70 26.40 24.30 27.60 28.50 26.80 25.50 26.70 25.60 25.50 24.00 23.60 23.50 23.40 23.30 * 1
2018-01-16 17:17:25 24.00 25.30 30.80 30.80 28.80 25.10 23.90 23.70 24.50 23.90 24.10 24.10 24.00 24.00 24.00 24.00 * 23.30 24.60 26.20 24.10 28.70 27.80 26.80 25.50 26.80 25.70 25.30 23.90 23.50 23.40 23.30 23.20 * 1
2018-01-16 17:17:25 24.00 25.60 31.60 31.70 28.90 25.20 24.00 23.80 24.40 23.80 24.10 24.10 23.90 23.90 24.00 24.00 * 23.40 24.60 26.80 24.10 28.90 27.50 27.00 25.60 27.00 25.80 25.50 24.00 23.60 23.40 23.40 23.20 * 1
2018-01-16 17:17:25 24.30 27.50 31.80 31.30 26.70 24.50 23.80 23.70 24.10 23.90 24.10 24.00 24.00 24.00 24.00 24.10 * 23.50 24.70 27.10 24.20 29.00 27.00 27.00 25.60 27.00 25.80 25.70 24.00 23.70 23.50 23.40 23.30 * 1
2018-01-16 17:17:26 24.40 29.10 31.70 30.50 25.40 24.20 23.70 23.70 24.10 23.90 24.10 24.10 24.00 24.00 24.00 24.10 * 23.40 24.70 27.10 24.10 29.00 27.00 27.00 25.50 27.10 25.70 25.70 23.90 23.60 23.50 23.40 23.30 * 1
2018-01-16 17:17:26 24.40 29.10 31.70 30.30 25.30 24.10 23.60 23.60 24.10 23.80 24.10 24.00 23.90 23.90 24.00 24.00 * 23.40 24.60 27.00 24.00 28.90 27.10 27.00 25.40 27.10 25.60 25.60 23.90 23.60 23.50 23.40 23.30 * 1
2018-01-16 17:17:26 24.50 29.40 31.80 30.20 25.40 24.10 23.70 23.60 24.00 23.90 24.10 24.00 24.00 23.90 24.00 24.00 * 23.40 24.60 27.00 24.00 28.90 27.20 27.10 25.40 27.00 25.60 25.60 23.70 23.50 23.30 23.20 23.20 * 1
2018-01-16 17:17:27 24.60 29.60 31.80 30.10 25.40 24.10 23.80 23.70 23.90 23.80 24.10 24.10 23.90 23.90 23.90 24.00 * 23.50 24.70 27.30 25.20 28.80 27.00 27.30 25.60 27.10 25.60 25.60 23.80 23.50 23.30 23.30 23.20 * 1
2018-01-16 17:17:27 24.80 29.10 30.00 27.00 24.20 23.80 23.70 23.70 24.10 24.00 24.20 24.10 24.00 24.00 24.00 24.10 * 23.60 24.80 27.40 26.10 28.50 27.20 27.30 25.70 27.20 25.70 25.60 23.80 23.50 23.40 23.40 23.20 * 1
2018-01-16 17:17:27 24.40 26.80 26.50 24.30 23.50 23.60 23.50 23.60 24.10 24.00 24.20 24.10 24.00 24.00 24.10 24.10 * 23.50 24.70 27.20 25.60 28.10 27.80 27.30 25.60 27.20 25.70 25.60 23.80 23.40 23.30 23.30 23.20 * 1
2018-01-16 17:17:27 24.00 24.80 23.90 23.30 23.40 23.60 23.50 23.50 24.10 23.90 24.10 24.10 24.00 24.00 24.00 24.00 * 23.50 24.70 27.10 25.40 27.90 28.10 27.40 25.60 27.30 25.80 25.70 23.80 23.60 23.40 23.30 23.20 * 1
2018-01-16 17:17:28 23.90 24.10 23.50 23.30 23.40 23.60 23.60 23.60 24.10 23.90 24.20 24.10 23.90 23.90 24.00 24.10 * 23.60 24.90 27.20 25.60 27.90 28.20 27.50 25.70 27.40 25.80 25.70 23.90 23.60 23.40 23.30 23.20 * 1
2018-01-16 17:17:28 23.90 24.00 23.50 23.20 23.40 23.60 23.60 23.60 24.10 24.00 24.20 24.10 24.00 23.90 24.00 24.10 * 23.50 24.70 27.10 25.50 27.80 28.20 27.50 25.70 27.40 25.80 25.70 23.80 23.50 23.40 23.30 23.20 * 1
2018-01-16 17:17:28 23.80 24.00 23.50 23.30 23.40 23.60 23.60 23.50 24.00 23.90 24.10 24.10 23.90 23.90 24.00 24.00 * 23.40 24.70 27.10 25.40 27.80 28.20 27.40 25.60 27.40 25.80 25.70 23.90 23.50 23.50 23.40 23.30 * 1
2018-01-16 17:17:28 23.90 24.10 23.60 23.30 23.40 23.60 23.70 23.70 24.00 24.00 24.10 24.00 23.90 24.00 24.00 24.00 * 23.40 24.70 27.10 25.40 27.80 28.10 27.40 25.60 27.50 25.80 25.70 23.80 23.60 23.40 23.30 23.20 * 1
2018-01-16 17:17:29 24.00 24.20 23.70 23.40 23.50 23.70 23.70 23.80 24.00 23.90 24.10 24.00 23.90 23.90 24.00 24.00 * 23.30 24.60 27.00 25.40 27.80 28.10 27.40 25.60 27.60 25.80 25.70 23.90 23.60 23.50 23.40 23.20 * 1
2018-01-16 17:17:29 24.10 24.30 23.70 23.40 23.50 23.70 23.70 23.80 24.10 24.00 24.20 24.20 24.10 24.10 24.10 24.20 * 23.60 24.80 27.30 25.60 27.90 28.30 27.70 25.80 27.40 25.70 25.60 23.70 23.50 23.30 23.30 23.20 * 1
2018-01-16 17:17:29 24.10 24.40 23.70 23.40 23.50 23.70 23.70 23.70 24.10 23.90 24.20 24.10 24.00 23.90 24.00 24.00 * 23.40 24.70 27.10 25.50 27.80 28.20 27.50 25.60 27.30 25.70 25.60 23.70 23.40 23.30 23.20 23.10 * 1
2018-01-16 17:17:30 24.10 24.30 23.70 23.30 23.50 23.60 23.60 23.60 24.00 23.80 24.10 24.10 23.90 23.80 23.90 24.00 * 23.30 24.60 27.00 25.50 27.80 28.20 27.50 25.50 27.30 25.70 25.60 23.70 23.40 23.30 23.30 23.10 * 1
2018-01-16 17:17:30 24.00 24.30 23.70 23.40 23.50 23.70 23.70 23.70 24.00 23.80 24.10 24.10 24.00 23.90 24.00 24.00 * 23.40 24.70 27.10 25.50 27.80 28.30 27.60 25.60 27.50 25.80 25.70 23.90 23.60 23.40 23.30 23.10 * 1
2018-01-16 17:17:30 24.00 24.20 23.60 23.40 23.50 23.70 23.70 23.80 24.10 24.00 24.20 24.10 24.00 24.00 24.00 24.10 * 23.40 24.70 27.10 25.60 27.90 28.30 27.60 25.60 27.50 25.80 25.70 23.90 23.60 23.40 23.30 23.20 * 1
2018-01-16 17:17:30 23.90 24.00 23.50 23.40 23.40 23.60 23.60 23.70 24.00 23.90 24.10 24.10 23.90 24.00 24.00 24.00 * 23.40 24.70 27.10 25.50 27.80 28.30 27.60 25.60 27.40 25.80 25.60 23.80 23.50 23.30 23.20 23.10 * 1
2018-01-16 17:17:31 23.80 23.90 23.40 23.30 23.40 23.60 23.60 23.70 24.00 23.80 24.00 24.00 23.90 23.90 23.90 23.90 * 23.40 24.80 27.10 25.50 27.90 28.40 27.60 25.60 27.40 25.70 25.60 23.70 23.40 23.30 23.20 23.10 * 1
2018-01-16 17:17:31 23.80 23.80 23.40 23.30 23.40 23.50 23.60 23.70 24.00 23.80 24.10 24.00 23.90 23.90 23.90 24.00 * 23.50 24.90 27.20 25.60 28.00 28.50 27.70 25.70 27.50 25.80 25.70 23.80 23.50 23.40 23.30 23.20 * 1
2018-01-16 17:17:31 23.90 23.90 23.50 23.40 23.40 23.60 23.60 23.70 24.10 24.10 24.20 24.20 24.00 24.00 24.20 24.20 * 23.30 24.80 27.10 25.50 27.80 28.30 27.60 25.60 27.50 25.80 25.80 23.90 23.60 23.40 23.30 23.20 * 1
2018-01-16 17:17:31 23.90 23.90 23.40 23.30 23.30 23.60 23.60 23.60 24.00 24.00 24.20 24.10 23.90 23.90 24.00 24.00 * 23.30 24.70 27.00 25.40 27.80 28.20 27.60 25.50 27.50 25.80 25.70 23.80 23.50 23.30 23.30 23.10 * 1
2018-01-16 17:17:32 23.90 24.00 23.50 23.40 23.40 23.60 23.60 23.70 24.00 23.80 24.10 24.00 23.90 23.80 24.00 23.90 * 23.30 24.70 27.00 25.40 27.80 28.20 27.60 25.50 27.50 25.80 25.70 23.80 23.50 23.40 23.40 23.20 * 1
2018-01-16 17:17:32 24.00 24.40 23.60 23.40 23.50 23.60 23.70 23.70 24.10 23.80 24.00 24.00 23.90 23.90 23.90 24.00 * 23.40 24.90 27.20 25.40 27.90 28.20 27.70 25.60 27.40 25.70 25.70 23.70 23.50 23.30 23.20 23.00 * 1
2018-01-16 17:17:32 24.30 25.80 24.80 23.50 23.60 23.70 23.60 23.70 24.00 23.90 24.20 24.10 24.00 23.90 24.00 24.20 * 23.50 24.90 27.30 25.80 28.30 27.90 27.70 25.60 27.40 25.50 25.60 23.70 23.40 23.30 23.20 23.00 * 1
2018-01-16 17:17:32 24.70 28.20 28.10 25.10 24.10 23.80 23.60 23.80 23.90 23.80 24.00 24.00 23.80 23.80 23.90 24.00 * 23.30 24.70 27.40 28.80 26.20 26.90 27.40 25.30 27.50 25.50 25.70 23.80 23.50 23.40 23.30 23.20 * 1
2018-01-16 17:17:33 24.50 30.00 31.90 28.80 25.70 24.00 23.60 23.60 23.90 23.80 24.00 24.00 23.90 23.80 23.90 23.90 * 23.40 24.80 27.40 28.90 25.60 26.90 27.50 25.50 27.60 25.70 25.80 23.90 23.60 23.50 23.40 23.30 * 1
2018-01-16 17:17:33 24.50 30.10 31.90 28.50 25.50 23.90 23.60 23.60 24.00 24.00 24.20 24.10 24.00 24.00 24.10 24.10 * 23.50 24.90 27.40 29.20 25.60 27.00 27.70 25.60 27.60 25.80 25.80 24.00 23.70 23.50 23.50 23.30 * 1
2018-01-16 17:17:33 24.30 27.80 31.90 29.50 25.10 24.00 23.70 23.70 24.00 24.00 24.10 24.10 24.00 24.00 24.10 24.10 * 23.50 25.00 27.40 29.20 25.60 27.00 27.70 25.50 27.60 25.80 25.90 24.00 23.60 23.50 23.50 23.30 * 1
2018-01-16 17:17:34 24.30 27.90 31.60 28.90 24.80 23.90 23.60 23.60 23.90 23.80 24.00 24.00 23.80 23.80 23.90 23.90 * 23.40 25.00 27.40 29.10 25.50 26.90 27.50 25.40 27.40 25.60 25.80 23.90 23.50 23.50 23.40 23.20 * 1
2018-01-16 17:17:34 24.50 28.80 31.10 27.60 24.60 23.90 23.60 23.60 23.90 23.80 24.00 24.00 23.80 23.80 23.80 23.90 * 23.30 24.80 27.20 29.10 25.50 26.80 27.50 25.40 27.50 25.70 25.80 23.90 23.60 23.40 23.40 23.20 * 1
2018-01-16 17:17:34 24.60 29.10 30.30 25.90 24.30 23.70 23.60 23.60 24.10 23.90 24.10 24.10 24.00 24.00 24.00 24.00 * 23.40 25.10 25.90 28.90 25.70 26.80 27.50 25.40 27.60 25.70 25.80 23.90 23.60 23.40 23.50 23.20 * 1
2018-01-16 17:17:34 25.00 28.70 27.60 24.30 23.90 23.60 23.50 23.60 24.00 23.80 24.00 24.10 23.90 24.00 23.90 23.90 * 23.60 26.20 25.50 29.00 25.60 26.90 27.20 25.30 27.30 25.60 25.80 23.80 23.60 23.50 23.50 23.20 * 1
2018-01-16 17:17:35 24.20 24.20 23.50 23.50 23.40 23.50 23.50 23.50 23.80 23.70 23.90 23.90 23.80 23.80 23.80 23.80 * 23.50 26.00 25.70 28.90 25.30 26.80 26.50 25.00 26.70 25.40 25.80 23.90 23.60 23.50 23.40 23.20 * 1
2018-01-16 17:17:35 23.80 23.70 23.60 23.50 23.30 23.50 23.50 23.50 23.90 23.80 24.00 24.00 23.90 23.90 23.90 23.90 * 23.50 25.90 25.70 28.80 25.30 26.60 26.00 25.00 25.80 25.30 25.70 23.80 23.40 23.30 23.20 23.00 * 1
2018-01-16 17:17:35 23.80 23.80 23.60 23.50 23.30 23.50 23.40 23.50 24.10 23.90 24.20 24.10 23.90 24.00 24.00 24.10 * 23.60 26.10 25.70 28.90 25.40 26.60 25.70 25.20 25.80 25.40 25.50 23.80 23.50 23.30 23.30 23.10 * 1
2018-01-16 17:17:36 23.90 24.10 23.90 23.70 23.50 23.70 23.70 23.70 24.00 23.90 24.10 24.10 23.90 23.90 23.90 24.00 * 23.50 26.10 25.80 28.70 25.30 26.50 25.60 25.10 25.60 25.40 25.20 23.80 23.40 23.30 23.20 23.10 * 1
2018-01-16 17:17:36 23.90 24.00 24.20 24.40 23.60 23.60 23.60 23.60 23.80 23.80 24.00 24.00 23.80 23.80 23.80 23.80 * 23.50 26.10 26.30 28.10 25.20 26.50 25.40 25.00 25.40 25.20 24.80 23.70 23.40 23.30 23.20 23.00 * 1
2018-01-16 17:17:36 23.80 24.00 24.60 25.70 24.20 23.60 23.50 23.50 23.90 23.80 24.00 24.00 23.80 23.90 23.90 23.90 * 23.50 26.00 26.90 27.50 25.10 26.50 25.30 25.00 25.50 25.30 24.70 23.70 23.50 23.40 23.30 23.10 * 1
