2018-01-16 15:52:23 25.50 23.70 23.20 23.30 23.40 23.50 23.40 23.40 23.70 23.70 23.80 23.90 23.90 23.90 23.90 23.80 * 23.30 23.30 23.20 23.30 23.40 23.20 23.20 23.00 23.10 23.20 23.30 23.20 23.00 23.10 23.10 23.00 * 0
2018-01-16 15:52:23 25.40 23.50 23.20 23.40 23.40 23.50 23.40 23.50 23.90 23.80 23.90 24.00 24.00 23.90 23.90 23.80 * 23.40 23.30 23.30 23.40 23.40 23.30 23.20 23.10 23.20 23.20 23.20 23.20 23.10 23.10 23.10 23.10 * 0
2018-01-16 15:52:24 25.60 23.60 23.20 23.40 23.50 23.50 23.50 23.50 23.90 23.90 24.00 24.00 24.00 23.90 24.00 23.80 * 23.50 23.30 23.30 23.40 23.50 23.30 23.30 23.10 23.30 23.30 23.30 23.40 23.20 23.20 23.30 23.20 * 0
2018-01-16 15:52:24 25.30 23.60 23.30 23.50 23.50 23.60 23.50 23.60 23.80 23.80 24.00 24.00 24.00 23.90 23.90 23.70 * 23.40 23.40 23.40 23.40 23.50 23.40 23.30 23.20 23.40 23.30 23.40 23.40 23.30 23.20 23.30 23.20 * 0
2018-01-16 15:52:24 25.10 23.60 23.30 23.50 23.60 23.60 23.50 23.60 23.80 23.80 23.90 24.00 24.00 23.90 23.90 23.70 * 23.40 23.40 23.40 23.40 23.40 23.30 23.20 23.10 23.30 23.30 23.40 23.40 23.20 23.10 23.20 23.10 * 0
2018-01-16 15:52:25 25.20 23.60 23.30 23.50 23.50 23.60 23.50 23.60 23.90 23.80 24.00 24.10 24.00 24.10 24.00 23.90 * 23.40 23.40 23.30 23.40 23.40 23.30 23.20 23.10 23.20 23.20 23.20 23.20 23.10 23.10 23.10 23.10 * 0
2018-01-16 15:52:25 26.00 23.60 23.30 23.50 23.50 23.60 23.50 23.50 23.80 23.80 24.00 24.10 23.90 24.00 23.90 23.80 * 23.70 23.30 23.30 23.40 23.40 23.30 23.20 23.10 23.10 23.20 23.20 23.10 23.10 23.00 23.10 23.00 * 0
2018-01-16 15:52:25 26.00 23.90 23.10 23.30 23.50 23.50 23.40 23.40 23.80 23.80 23.90 24.00 23.90 23.90 24.00 23.70 * 23.90 23.30 23.30 23.30 23.40 23.20 23.20 23.00 23.10 23.20 23.20 23.10 23.10 23.00 23.10 23.00 * 0
2018-01-16 15:52:25 25.60 24.80 23.10 23.30 23.40 23.40 23.30 23.40 23.90 23.90 24.00 24.10 24.00 24.00 24.00 23.80 * 24.00 23.30 23.40 23.30 23.40 23.30 23.30 23.00 23.10 23.20 23.20 23.20 23.10 23.00 23.10 23.00 * 0
2018-01-16 15:52:26 24.80 25.60 23.20 23.40 23.40 23.50 23.30 23.40 23.80 23.80 24.00 24.00 23.90 23.90 23.90 23.80 * 24.10 23.40 23.40 23.40 23.40 23.30 23.20 23.10 23.10 23.20 23.20 23.20 23.10 23.10 23.10 23.00 * 0
2018-01-16 15:52:26 24.20 25.90 23.50 23.40 23.40 23.60 23.40 23.50 23.90 23.90 24.00 24.10 24.00 24.00 24.00 23.80 * 24.10 23.60 23.30 23.30 23.30 23.20 23.10 23.00 23.20 23.20 23.30 23.30 23.10 23.10 23.10 23.00 * 0
2018-01-16 15:52:26 23.80 24.70 25.10 23.30 23.40 23.40 23.30 23.40 23.80 23.90 24.00 24.10 24.00 24.00 24.00 23.90 * 23.70 24.00 23.30 23.30 23.40 23.20 23.20 23.10 23.20 23.20 23.30 23.20 23.20 23.10 23.10 23.10 * 0
2018-01-16 15:52:26 23.70 24.00 26.10 23.50 23.50 23.50 23.40 23.40 23.80 23.90 24.00 24.10 23.90 24.00 23.90 23.70 * 23.40 24.00 23.30 23.30 23.30 23.20 23.10 23.00 23.20 23.30 23.30 23.20 23.20 23.10 23.10 23.10 * 0
2018-01-16 15:52:27 23.70 23.70 26.10 24.30 23.50 23.60 23.40 23.50 24.00 23.80 24.00 24.10 23.90 24.00 23.90 23.70 * 23.40 24.00 23.50 23.30 23.40 23.20 23.10 23.00 23.10 23.20 23.30 23.30 23.10 23.10 23.10 23.00 * 0
2018-01-16 15:52:27 23.60 23.60 23.90 25.80 24.00 23.50 23.40 23.40 24.00 23.80 24.00 24.00 23.90 24.00 24.00 23.70 * 23.50 23.70 23.60 23.60 23.40 23.30 23.20 23.10 23.10 23.20 23.20 23.20 23.10 23.10 23.10 23.00 * 0
2018-01-16 15:52:27 23.60 23.50 23.20 25.50 24.70 23.60 23.40 23.50 23.90 23.80 23.90 24.00 23.90 23.90 23.90 23.70 * 23.40 23.40 23.60 23.70 23.40 23.30 23.20 23.10 23.10 23.10 23.20 23.20 23.10 23.10 23.10 23.10 * 0
2018-01-16 15:52:28 23.60 23.60 23.20 25.10 25.30 23.80 23.50 23.60 23.80 23.80 23.90 24.00 23.80 23.90 23.80 23.70 * 23.40 23.30 23.50 23.80 23.50 23.30 23.20 23.10 23.10 23.10 23.20 23.20 23.10 23.10 23.00 23.00 * 0
2018-01-16 15:52:28 23.60 23.50 23.20 24.60 25.70 24.20 23.40 23.60 23.90 23.90 24.00 24.10 23.90 24.00 23.90 23.80 * 23.40 23.40 23.40 23.80 23.60 23.30 23.30 23.10 23.20 23.20 23.30 23.20 23.10 23.10 23.10 23.10 * 0
2018-01-16 15:52:28 23.60 23.50 23.20 23.50 24.60 25.40 23.50 23.50 23.90 23.80 24.00 24.10 23.90 24.00 23.90 23.80 * 23.40 23.30 23.40 23.70 23.60 23.30 23.20 23.10 23.20 23.20 23.30 23.20 23.10 23.10 23.10 23.10 * 0
2018-01-16 15:52:28 23.60 23.50 23.20 23.40 23.90 26.10 23.60 23.50 23.90 23.80 23.90 24.00 23.90 23.90 23.90 23.70 * 23.30 23.20 23.30 23.50 23.80 23.40 23.20 23.10 23.20 23.30 23.40 23.30 23.10 23.20 23.10 23.20 * 0
2018-01-16 15:52:29 23.50 23.50 23.20 23.30 23.60 26.30 23.80 23.50 24.40 23.80 24.00 24.00 23.90 23.90 23.90 23.70 * 23.30 23.30 23.30 23.50 23.80 23.50 23.20 23.10 23.20 23.30 23.30 23.30 23.20 23.20 23.20 23.20 * 0
2018-01-16 15:52:29 23.50 23.50 23.20 23.30 23.50 26.20 24.60 23.60 25.60 23.90 24.00 24.00 24.00 24.00 24.00 23.70 * 23.50 23.40 23.50 23.60 23.90 23.60 23.40 23.20 23.30 23.30 23.30 23.30 23.20 23.20 23.20 23.20 * 0
2018-01-16 15:52:29 23.60 23.50 23.20 23.40 23.40 24.70 25.50 23.70 25.70 23.90 24.10 24.10 24.00 24.00 24.00 23.80 * 23.30 23.30 23.30 23.30 23.60 23.70 23.20 23.00 23.40 23.30 23.30 23.30 23.20 23.10 23.10 23.20 * 0
2018-01-16 15:52:29 23.50 23.40 23.20 23.30 23.30 23.80 25.70 23.80 25.60 23.90 24.00 24.10 23.90 24.00 23.90 23.70 * 23.20 23.30 23.30 23.30 23.50 23.70 23.30 23.00 23.40 23.30 23.30 23.20 23.10 23.10 23.10 23.10 * 0
2018-01-16 15:52:30 23.50 23.50 23.20 23.40 23.40 23.60 25.90 24.00 25.50 24.00 24.00 24.00 23.80 23.90 23.90 23.70 * 23.20 23.30 23.30 23.40 23.40 23.70 23.30 23.10 23.40 23.30 23.30 23.30 23.10 23.10 23.10 23.10 * 0
2018-01-16 15:52:30 23.50 23.40 23.20 23.30 23.40 23.50 25.90 24.30 25.40 24.40 24.00 24.00 23.80 23.80 23.90 23.70 * 23.30 23.20 23.20 23.30 23.30 23.60 23.20 23.00 23.40 23.20 23.30 23.30 23.20 23.10 23.10 23.10 * 0
2018-01-16 15:52:30 23.50 23.30 23.20 23.30 23.40 23.50 25.80 24.60 25.70 24.60 24.10 24.00 23.90 23.90 23.90 23.80 * 23.30 23.20 23.20 23.30 23.40 23.70 23.20 23.00 23.50 23.30 23.30 23.20 23.20 23.20 23.10 23.10 * 0
2018-01-16 15:52:30 23.60 23.50 23.10 23.30 23.40 23.60 26.10 24.10 25.90 24.00 24.00 23.90 23.80 23.80 23.80 23.70 * 23.20 23.20 23.20 23.30 23.40 23.70 23.20 23.00 23.40 23.30 23.30 23.30 23.20 23.20 23.10 23.10 * 0
2018-01-16 15:52:31 23.50 23.50 23.10 23.30 23.40 23.90 26.00 23.90 26.20 23.90 24.10 23.90 23.80 23.90 23.90 23.70 * 23.20 23.20 23.20 23.30 23.40 23.60 23.20 23.00 23.30 23.30 23.30 23.30 23.20 23.10 23.20 23.10 * 0
2018-01-16 15:52:31 23.50 23.50 23.10 23.30 23.40 24.30 25.80 23.70 25.60 23.90 24.20 24.10 24.00 24.00 23.90 23.70 * 23.40 23.30 23.30 23.40 23.60 23.60 23.20 23.10 23.30 23.30 23.30 23.30 23.10 23.20 23.20 23.20 * 0
2018-01-16 15:52:31 23.60 23.60 23.30 23.40 23.50 25.60 24.40 23.70 24.70 23.80 24.10 24.00 23.90 23.90 23.80 23.60 * 23.30 23.20 23.20 23.40 23.60 23.40 23.10 23.00 23.30 23.30 23.30 23.30 23.20 23.20 23.20 23.20 * 0
2018-01-16 15:52:32 23.60 23.50 23.20 23.40 23.60 26.10 23.70 23.50 24.00 23.80 24.10 23.90 23.80 23.90 23.80 23.60 * 23.20 23.20 23.20 23.40 23.60 23.20 23.10 23.00 23.30 23.40 23.30 23.30 23.20 23.20 23.10 23.20 * 0
2018-01-16 15:52:32 23.50 23.40 23.20 23.40 23.70 25.60 23.40 23.40 23.80 23.80 24.10 23.90 23.90 23.90 23.90 23.70 * 23.20 23.20 23.30 23.60 23.60 23.20 23.20 23.00 23.20 23.30 23.30 23.20 23.10 23.10 23.10 23.10 * 0
2018-01-16 15:52:32 23.40 23.40 23.10 23.30 24.00 24.90 23.30 23.40 23.80 23.80 24.10 23.90 23.90 23.90 23.90 23.80 * 23.30 23.20 23.40 23.60 23.60 23.30 23.20 23.10 23.20 23.30 23.30 23.20 23.10 23.10 23.20 23.10 * 0
2018-01-16 15:52:32 23.50 23.50 23.10 23.30 25.00 24.10 23.30 23.50 23.80 23.80 24.00 23.90 23.90 23.90 23.80 23.70 * 23.30 23.30 23.50 23.60 23.50 23.20 23.10 23.00 23.20 23.30 23.30 23.20 23.10 23.10 23.10 23.10 * 0
2018-01-16 15:52:33 23.60 23.50 23.20 24.80 25.30 23.60 23.40 23.50 23.80 23.80 24.00 23.90 23.80 23.90 23.80 23.60 * 23.30 23.30 23.70 23.50 23.40 23.20 23.20 23.00 23.30 23.30 23.30 23.30 23.20 23.20 23.10 23.10 * 0
2018-01-16 15:52:33 23.50 23.40 23.10 25.00 24.90 23.50 23.40 23.40 23.80 23.80 24.00 23.90 23.90 24.00 23.90 23.70 * 23.40 23.40 23.80 23.40 23.40 23.30 23.20 23.10 23.30 23.30 23.40 23.30 23.20 23.20 23.20 23.20 * 0
2018-01-16 15:52:33 23.50 23.50 23.40 25.50 24.30 23.60 23.40 23.40 23.80 23.90 24.00 24.00 23.90 24.00 23.90 23.80 * 23.40 23.50 23.80 23.50 23.50 23.30 23.20 23.20 23.30 23.30 23.30 23.20 23.10 23.10 23.10 23.10 * 0
2018-01-16 15:52:33 23.70 23.70 25.10 25.40 23.60 23.60 23.50 23.60 23.70 23.80 24.00 24.00 23.80 23.80 23.80 23.70 * 23.40 23.70 23.60 23.40 23.40 23.30 23.20 23.10 23.30 23.30 23.40 23.30 23.20 23.20 23.20 23.20 * 0
2018-01-16 15:52:34 23.60 23.60 25.60 24.60 23.50 23.50 23.40 23.40 23.70 23.70 23.90 24.00 23.80 23.90 23.80 23.70 * 23.40 23.80 23.50 23.40 23.40 23.30 23.20 23.10 23.30 23.40 23.40 23.30 23.30 23.20 23.20 23.20 * 0
2018-01-16 15:52:34 23.50 23.80 25.80 24.20 23.40 23.50 23.30 23.40 23.80 23.80 23.90 24.00 23.90 24.00 23.80 23.80 * 23.50 23.70 23.40 23.30 23.40 23.20 23.20 23.10 23.30 23.30 23.30 23.30 23.30 23.20 23.20 23.20 * 0
2018-01-16 15:52:34 23.60 24.40 25.80 24.20 23.40 23.50 23.30 23.40 23.80 23.90 24.00 24.00 23.90 23.90 23.80 23.70 * 23.50 23.70 23.30 23.40 23.40 23.20 23.20 23.10 23.30 23.30 23.30 23.30 23.20 23.20 23.20 23.20 * 0
2018-01-16 15:52:35 23.70 24.50 25.90 24.20 23.50 23.60 23.50 23.50 23.80 23.80 24.00 23.90 23.90 23.90 23.80 23.60 * 23.50 23.60 23.60 23.40 23.40 23.30 23.20 23.10 23.30 23.40 23.40 23.40 23.30 23.20 23.20 23.20 * 0
2018-01-16 15:52:35 23.40 23.50 24.70 24.80 23.40 23.40 23.30 23.40 23.80 23.80 24.00 23.90 23.90 23.90 23.80 23.60 * 23.20 23.50 23.80 23.30 23.30 23.20 23.10 23.00 23.30 23.40 23.40 23.40 23.30 23.20 23.20 23.20 * 0
2018-01-16 15:52:35 23.50 23.40 23.70 25.60 23.40 23.50 23.30 23.50 23.80 23.80 24.00 24.00 23.90 23.90 23.80 23.70 * 23.30 23.40 23.90 23.40 23.40 23.20 23.20 23.00 23.30 23.30 23.40 23.30 23.20 23.20 23.20 23.30 * 0
2018-01-16 15:52:35 23.60 23.50 23.30 26.10 23.70 23.60 23.40 23.60 23.80 23.80 24.00 24.00 23.90 23.90 23.90 23.80 * 23.40 23.40 24.00 23.70 23.50 23.30 23.30 23.10 23.30 23.30 23.40 23.30 23.20 23.20 23.20 23.20 * 0
2018-01-16 15:52:36 23.60 23.50 23.20 24.00 25.10 23.70 23.40 23.40 23.90 23.80 24.00 24.00 23.90 23.90 24.00 23.80 * 23.30 23.30 23.50 23.90 23.40 23.20 23.20 23.10 23.30 23.30 23.30 23.40 23.20 23.20 23.20 23.20 * 0
2018-01-16 15:52:36 23.50 23.40 23.10 23.40 25.00 24.30 23.40 23.40 23.90 23.80 24.00 24.00 23.90 24.00 24.00 23.80 * 23.30 23.30 23.30 24.00 23.60 23.30 23.20 23.10 23.30 23.30 23.30 23.30 23.10 23.20 23.10 23.20 * 0
2018-01-16 15:52:36 23.50 23.40 23.10 23.40 24.40 25.10 23.50 23.50 24.00 23.80 24.00 24.00 23.90 24.00 23.90 23.70 * 23.20 23.20 23.20 23.80 23.80 23.30 23.10 23.00 23.20 23.30 23.30 23.30 23.10 23.10 23.10 23.10 * 0
2018-01-16 15:52:36 23.50 23.50 23.20 23.40 23.90 25.70 23.70 23.50 24.20 23.80 24.00 24.10 23.90 23.90 23.90 23.70 * 23.20 23.20 23.30 23.50 23.90 23.30 23.10 23.10 23.30 23.30 23.30 23.30 23.20 23.10 23.20 23.10 * 0
2018-01-16 15:52:37 23.50 23.40 23.20 23.30 23.40 25.20 24.40 23.60 25.30 23.90 24.10 24.10 24.00 24.00 24.00 23.80 * 23.30 23.20 23.30 23.40 23.90 23.40 23.20 23.00 23.40 23.30 23.30 23.20 23.10 23.10 23.20 23.10 * 0
2018-01-16 15:52:37 23.50 23.50 23.20 23.30 23.40 24.30 25.30 23.70 25.80 23.80 24.00 24.00 23.90 23.90 23.90 23.70 * 23.20 23.20 23.30 23.30 23.70 23.60 23.30 23.10 23.50 23.30 23.30 23.30 23.10 23.10 23.20 23.10 * 0
2018-01-16 15:52:37 23.60 23.50 23.20 23.40 23.50 23.70 25.80 23.90 25.70 24.00 24.00 24.00 24.00 24.00 23.90 23.80 * 23.30 23.20 23.30 23.30 23.50 23.60 23.30 23.10 23.60 23.40 23.40 23.40 23.20 23.20 23.20 23.20 * 0
2018-01-16 15:52:38 23.60 23.50 23.20 23.40 23.40 23.50 25.50 24.00 24.60 25.20 24.00 24.10 23.90 23.90 23.80 23.70 * 23.30 23.20 23.20 23.30 23.40 23.60 23.50 23.10 23.70 23.30 23.30 23.30 23.10 23.10 23.10 23.10 * 0
2018-01-16 15:52:38 23.60 23.50 23.30 23.40 23.50 23.50 24.10 25.00 24.30 25.80 24.00 24.00 23.80 23.80 23.80 23.70 * 23.20 23.20 23.20 23.30 23.40 23.60 23.70 23.10 23.70 23.50 23.30 23.30 23.20 23.10 23.20 23.10 * 0
2018-01-16 15:52:38 23.50 23.40 23.20 23.30 23.40 23.40 23.50 25.40 24.20 26.10 24.00 24.00 23.80 23.90 23.90 23.70 * 23.20 23.20 23.30 23.40 23.40 23.50 23.70 23.20 23.80 23.50 23.30 23.30 23.20 23.20 23.20 23.20 * 0
2018-01-16 15:52:38 23.50 23.30 23.10 23.30 23.30 23.40 23.30 25.50 24.10 25.80 24.20 24.00 23.80 23.90 23.80 23.60 * 23.20 23.20 23.20 23.30 23.30 23.30 23.60 23.20 23.70 23.60 23.30 23.30 23.20 23.20 23.20 23.20 * 0
2018-01-16 15:52:39 23.60 23.50 23.20 23.40 23.40 23.50 23.40 25.30 23.90 25.20 24.80 24.00 23.80 23.80 23.80 23.60 * 23.20 23.20 23.20 23.20 23.30 23.20 23.50 23.40 23.60 23.80 23.40 23.30 23.20 23.20 23.20 23.20 * 0
2018-01-16 15:52:39 23.60 23.40 23.20 23.40 23.40 23.50 23.30 24.00 23.90 24.20 26.40 24.10 23.90 23.90 23.90 23.80 * 23.20 23.20 23.20 23.20 23.30 23.20 23.50 23.50 23.50 24.00 23.60 23.40 23.20 23.20 23.20 23.20 * 0
2018-01-16 15:52:39 23.50 23.40 23.20 23.30 23.40 23.50 23.30 23.60 23.80 24.00 26.40 24.20 23.80 23.90 23.80 23.70 * 23.20 23.10 23.20 23.30 23.30 23.20 23.20 23.60 23.40 23.90 23.60 23.40 23.30 23.20 23.20 23.20 * 0
2018-01-16 15:52:39 23.60 23.40 23.20 23.30 23.40 23.50 23.40 23.50 23.70 23.90 25.90 24.90 23.80 23.90 23.80 23.70 * 23.20 23.10 23.30 23.30 23.30 23.20 23.10 23.50 23.40 23.70 23.80 23.40 23.20 23.20 23.20 23.20 * 0
2018-01-16 15:52:40 23.50 23.40 23.20 23.30 23.40 23.40 23.30 23.40 23.80 23.80 25.30 25.80 23.90 23.90 23.80 23.70 * 23.30 23.20 23.30 23.30 23.40 23.20 23.10 23.40 23.30 23.60 23.90 23.40 23.20 23.10 23.20 23.10 * 0
2018-01-16 15:52:40 23.60 23.40 23.20 23.30 23.30 23.50 23.40 23.50 23.80 23.90 24.30 26.50 25.20 23.90 23.80 23.70 * 23.20 23.10 23.20 23.20 23.30 23.20 23.10 23.30 23.30 23.40 23.80 23.40 23.20 23.10 23.20 23.20 * 0
2018-01-16 15:52:40 23.60 23.40 23.20 23.30 23.30 23.50 23.40 23.50 23.70 23.80 24.20 26.50 25.60 24.00 23.90 23.70 * 23.30 23.20 23.20 23.30 23.40 23.20 23.20 23.20 23.20 23.40 23.90 23.40 23.20 23.10 23.20 23.10 * 0
2018-01-16 15:52:40 23.50 23.40 23.10 23.40 23.30 23.50 23.40 23.50 23.70 23.80 24.10 26.60 24.90 24.00 23.80 23.70 * 23.30 23.20 23.30 23.30 23.40 23.30 23.20 23.30 23.20 23.40 24.00 23.50 23.20 23.20 23.20 23.10 * 0
2018-01-16 15:52:41 23.50 23.40 23.10 23.30 23.30 23.40 23.30 23.40 23.70 23.70 24.10 26.80 24.10 23.90 23.80 23.80 * 23.30 23.20 23.30 23.30 23.40 23.30 23.20 23.30 23.30 23.40 24.00 23.50 23.20 23.20 23.20 23.20 * 0
2018-01-16 15:52:41 23.50 23.50 23.10 23.30 23.30 23.50 23.30 23.50 23.80 23.80 24.70 26.20 24.00 23.90 23.80 23.60 * 23.30 23.20 23.30 23.40 23.40 23.30 23.20 23.20 23.40 23.60 23.90 23.30 23.20 23.10 23.20 23.10 * 0
2018-01-16 15:52:41 23.50 23.40 23.10 23.30 23.40 23.40 23.30 23.40 23.80 23.90 25.60 25.30 23.90 23.90 23.80 23.70 * 23.30 23.20 23.30 23.40 23.40 23.20 23.20 23.40 23.50 23.90 23.80 23.40 23.30 23.20 23.20 23.20 * 0
2018-01-16 15:52:42 23.50 23.40 23.10 23.30 23.40 23.50 23.40 23.50 23.80 24.10 26.50 24.50 23.80 23.80 23.80 23.70 * 23.30 23.20 23.30 23.30 23.40 23.20 23.30 23.40 23.50 23.90 23.60 23.40 23.20 23.20 23.20 23.10 * 0
2018-01-16 15:52:42 23.50 23.30 23.10 23.40 23.40 23.50 23.40 24.20 23.90 24.60 26.30 24.00 23.80 23.80 23.80 23.60 * 23.30 23.20 23.30 23.30 23.30 23.20 23.50 23.40 23.60 23.90 23.50 23.40 23.20 23.10 23.20 23.10 * 0
2018-01-16 15:52:42 23.50 23.40 23.10 23.40 23.30 23.50 23.40 25.10 24.00 25.50 25.40 24.00 23.90 23.90 23.90 23.70 * 23.30 23.20 23.30 23.30 23.30 23.40 23.70 23.40 23.80 23.80 23.40 23.40 23.20 23.20 23.30 23.20 * 0
2018-01-16 15:52:42 23.50 23.50 23.20 23.30 23.40 23.50 24.00 25.90 24.60 26.20 24.20 24.10 23.90 23.90 23.90 23.70 * 23.20 23.20 23.30 23.30 23.40 23.60 23.60 23.40 23.70 23.50 23.30 23.30 23.10 23.00 23.10 23.10 * 0
2018-01-16 15:52:43 23.50 23.40 23.20 23.30 23.30 23.50 24.90 25.20 25.20 25.30 24.00 24.10 23.90 24.00 23.90 23.70 * 23.20 23.20 23.30 23.30 23.40 23.90 23.50 23.10 23.70 23.40 23.40 23.30 23.20 23.10 23.10 23.10 * 0
2018-01-16 15:52:43 23.50 23.50 23.20 23.30 23.40 23.70 25.70 24.50 25.70 24.50 24.00 24.10 24.00 24.00 23.90 23.80 * 23.30 23.20 23.30 23.30 23.60 23.90 23.40 23.10 23.50 23.20 23.40 23.30 23.20 23.10 23.10 23.10 * 0
2018-01-16 15:52:43 23.50 23.50 23.20 23.40 23.40 24.20 26.00 24.10 25.80 24.10 24.00 24.10 24.00 24.00 23.90 23.70 * 23.30 23.20 23.30 23.30 24.00 23.80 23.30 23.10 23.50 23.20 23.30 23.30 23.20 23.10 23.10 23.10 * 0
2018-01-16 15:52:43 23.60 23.50 23.10 23.40 23.50 25.00 25.50 23.80 25.30 23.80 24.00 24.00 23.90 23.90 23.90 23.60 * 23.20 23.20 23.30 23.30 24.20 23.60 23.20 23.00 23.40 23.30 23.30 23.30 23.30 23.10 23.20 23.10 * 0
2018-01-16 15:52:44 23.50 23.50 23.10 23.40 24.00 26.00 23.90 23.50 24.40 23.90 24.00 24.10 24.00 23.90 23.90 23.80 * 23.30 23.30 23.30 23.40 24.30 23.40 23.20 23.10 23.30 23.30 23.30 23.30 23.10 23.10 23.20 23.10 * 0
2018-01-16 15:52:44 23.60 23.50 23.20 23.40 24.40 26.20 23.70 23.50 24.10 23.90 24.00 24.10 24.00 24.00 24.00 23.80 * 23.20 23.20 23.20 23.60 24.20 23.20 23.10 22.90 23.30 23.40 23.40 23.40 23.20 23.20 23.30 23.20 * 0
2018-01-16 15:52:44 23.60 23.50 23.20 23.40 24.80 25.80 23.50 23.50 23.90 23.80 24.00 24.00 23.90 23.90 23.90 23.70 * 23.20 23.20 23.20 23.60 24.00 23.20 23.20 22.90 23.30 23.40 23.40 23.30 23.20 23.20 23.30 23.20 * 0
2018-01-16 15:52:44 23.40 23.40 23.10 23.30 25.00 25.10 23.40 23.40 23.80 23.70 23.90 24.00 23.90 23.90 23.90 23.70 * 23.20 23.20 23.20 23.70 23.70 23.20 23.20 23.00 23.30 23.40 23.30 23.30 23.20 23.20 23.20 23.20 * 0
2018-01-16 15:52:45 23.40 23.40 23.10 23.30 25.10 24.90 23.40 23.40 23.80 23.80 23.90 24.10 24.00 23.90 23.90 23.80 * 23.20 23.20 23.30 23.70 23.70 23.20 23.20 23.00 23.30 23.30 23.30 23.30 23.30 23.20 23.20 23.20 * 0
2018-01-16 15:52:45 23.60 23.50 23.20 23.50 24.60 25.50 23.50 23.50 23.80 23.80 23.80 24.00 23.90 23.90 23.80 23.60 * 23.20 23.20 23.30 23.70 23.80 23.30 23.20 23.00 23.30 23.30 23.40 23.30 23.30 23.20 23.20 23.20 * 0
2018-01-16 15:52:45 23.50 23.50 23.20 23.50 24.20 26.00 23.60 23.50 24.00 23.90 23.90 24.10 23.90 23.90 23.80 23.70 * 23.40 23.30 23.40 23.70 24.00 23.40 23.20 23.10 23.20 23.30 23.30 23.30 23.20 23.10 23.20 23.10 * 0
2018-01-16 15:52:45 23.50 23.50 23.20 23.50 23.80 26.30 23.80 23.50 24.30 23.80 23.90 24.10 23.90 24.00 23.80 23.60 * 23.40 23.30 23.40 23.60 24.00 23.40 23.20 23.10 23.30 23.20 23.30 23.30 23.20 23.10 23.20 23.10 * 0
2018-01-16 15:52:46 23.50 23.40 23.10 23.40 23.50 26.00 24.20 23.50 24.90 23.80 23.90 24.00 23.90 23.90 23.90 23.60 * 23.30 23.30 23.30 23.40 24.00 23.40 23.20 23.10 23.30 23.30 23.40 23.30 23.30 23.20 23.20 23.10 * 0
2018-01-16 15:52:46 23.50 23.50 23.10 23.30 23.50 25.60 24.90 23.60 25.60 23.80 23.90 24.10 23.90 23.90 23.90 23.70 * 23.30 23.20 23.30 23.30 23.90 23.30 23.10 23.00 23.20 23.20 23.30 23.20 23.10 23.10 23.10 23.10 * 0
2018-01-16 15:52:46 23.50 23.50 23.10 23.40 23.40 25.20 25.80 23.80 25.90 23.90 24.00 24.10 24.00 23.90 23.90 23.80 * 23.40 23.20 23.30 23.40 23.80 23.40 23.20 23.10 23.30 23.30 23.30 23.30 23.10 23.10 23.20 23.20 * 0
2018-01-16 15:52:47 23.60 23.50 23.20 23.40 23.40 25.00 26.10 24.00 26.10 23.90 23.90 24.00 23.90 23.90 23.90 23.70 * 23.20 23.20 23.20 23.30 23.70 23.70 23.20 23.00 23.40 23.30 23.30 23.30 23.20 23.10 23.20 23.20 * 0
2018-01-16 15:52:47 23.60 23.60 23.20 23.40 23.50 24.80 26.30 24.20 26.20 24.10 23.90 23.90 23.90 23.90 23.80 23.60 * 23.20 23.20 23.20 23.30 23.70 23.70 23.50 23.10 23.70 23.40 23.30 23.30 23.20 23.20 23.20 23.10 * 0
2018-01-16 15:52:47 23.70 23.60 23.30 23.50 23.60 24.40 26.10 24.80 26.10 25.10 24.00 24.00 23.90 23.90 23.80 23.70 * 23.30 23.30 23.30 23.40 23.60 23.50 23.90 23.20 24.00 23.40 23.40 23.30 23.20 23.20 23.20 23.20 * 0
2018-01-16 15:52:47 23.60 23.50 23.20 23.40 23.40 23.60 25.00 26.30 25.30 26.40 24.90 24.10 23.90 24.10 23.90 23.70 * 23.30 23.20 23.30 23.30 23.50 23.60 24.10 23.20 24.00 23.30 23.30 23.30 23.20 23.10 23.20 23.20 * 0
2018-01-16 15:52:48 23.60 23.50 23.20 23.40 23.50 23.50 24.40 25.90 24.70 26.00 26.10 24.10 23.90 24.00 23.90 23.70 * 23.20 23.20 23.20 23.20 23.30 23.20 24.10 23.20 24.20 23.40 23.40 23.30 23.30 23.20 23.30 23.30 * 0
2018-01-16 15:52:48 23.70 23.60 23.20 23.40 23.50 23.60 24.00 25.70 24.40 25.90 26.60 24.30 24.00 24.00 23.90 23.80 * 23.20 23.20 23.20 23.30 23.40 23.30 24.40 23.40 24.30 23.70 23.40 23.30 23.20 23.20 23.20 23.30 * 0
2018-01-16 15:52:48 23.70 23.60 23.20 23.40 23.50 23.60 23.70 25.60 24.30 25.80 26.00 27.50 24.00 24.00 24.00 23.80 * 23.20 23.30 23.20 23.30 23.40 23.30 24.10 23.60 24.10 24.00 23.30 23.30 23.20 23.20 23.20 23.30 * 0
2018-01-16 15:52:48 23.60 23.60 23.30 23.50 23.60 23.60 23.60 25.40 24.30 25.80 26.10 28.20 24.10 24.00 24.00 23.80 * 23.30 23.30 23.30 23.40 23.50 23.30 23.80 23.90 23.80 24.20 24.40 23.40 23.10 23.10 23.10 23.00 * 0
2018-01-16 15:52:49 23.70 23.60 23.30 23.40 23.50 23.60 23.60 25.30 24.20 25.70 26.00 27.90 24.60 24.00 24.00 23.80 * 23.40 23.30 23.30 23.40 23.40 23.30 23.80 23.80 23.70 24.10 24.70 23.40 23.20 23.10 23.10 23.00 * 0
2018-01-16 15:52:49 23.60 23.50 23.20 23.40 23.40 23.60 23.50 25.00 24.10 25.40 25.90 26.80 27.10 24.00 24.00 23.70 * 23.30 23.30 23.30 23.30 23.40 23.40 23.70 23.80 23.70 24.20 25.30 23.30 23.20 23.10 23.20 23.00 * 0
2018-01-16 15:52:49 23.50 23.40 23.00 23.30 23.40 23.50 23.50 24.60 24.20 25.30 26.10 26.50 29.60 24.30 24.00 23.80 * 23.20 23.30 23.30 23.30 23.40 23.60 24.20 23.90 24.20 24.00 25.60 23.40 23.20 23.10 23.10 23.10 * 0
2018-01-16 15:52:50 23.60 23.50 23.10 23.40 23.50 23.60 23.50 24.60 24.60 26.80 27.50 28.00 26.50 24.10 24.00 23.80 * 23.30 23.30 23.30 23.40 24.20 24.80 24.60 23.80 24.20 23.70 25.60 23.30 23.20 23.10 23.10 23.10 * 0
2018-01-16 15:52:50 23.60 23.50 23.10 23.40 24.00 24.70 25.10 26.40 26.10 27.20 27.30 26.20 24.50 24.00 23.90 23.80 * 23.30 23.20 23.30 23.40 25.00 25.50 24.10 23.70 24.30 24.10 25.50 23.40 23.20 23.20 23.20 23.10 * 0
2018-01-16 15:52:50 23.60 23.40 23.10 23.50 24.20 24.80 26.00 26.50 26.60 26.30 25.70 24.70 24.00 23.90 23.90 23.70 * 23.20 23.20 23.30 23.60 25.00 25.40 24.30 23.60 24.50 24.00 24.40 23.40 23.30 23.30 23.20 23.20 * 0
