2018-01-16 17:25:15 25.00 23.30 23.10 23.30 23.40 23.70 23.50 23.60 23.80 23.90 24.00 23.90 23.90 23.80 23.90 24.00 * 24.40 23.30 23.40 23.60 23.80 23.90 23.60 23.40 23.40 23.50 23.50 23.50 23.20 23.10 22.90 22.70 * 1
2018-01-16 17:25:15 26.10 23.40 23.20 23.40 23.50 23.70 23.60 23.70 23.80 23.90 24.00 23.90 23.80 23.80 24.00 24.00 * 24.70 23.80 23.50 23.60 23.90 23.90 23.70 23.40 23.50 23.50 23.60 23.60 23.20 23.10 23.10 22.80 * 1
2018-01-16 17:25:16 26.60 23.70 23.30 23.50 23.60 23.80 23.70 23.80 23.90 24.10 24.10 24.10 24.00 24.00 24.10 24.20 * 24.80 24.30 23.60 23.70 24.00 24.00 23.80 23.50 23.50 23.50 23.60 23.60 23.30 23.10 23.10 22.80 * 1
2018-01-16 17:25:16 25.80 23.80 23.30 23.50 23.60 23.80 23.80 23.90 23.90 24.00 24.10 24.10 24.00 24.00 24.20 24.20 * 24.70 23.70 23.70 23.80 24.00 24.10 23.90 23.60 23.60 23.50 23.60 23.60 23.30 23.20 23.10 22.80 * 1
2018-01-16 17:25:16 24.30 23.40 23.20 23.40 23.50 23.80 23.60 23.80 23.90 24.00 24.10 24.00 24.00 23.90 24.10 24.10 * 24.20 23.50 23.60 23.80 23.90 24.00 23.90 23.60 23.60 23.50 23.60 23.50 23.20 23.10 23.00 22.80 * 1
2018-01-16 17:25:16 23.80 23.30 23.20 23.40 23.50 23.70 23.60 23.70 23.90 24.00 24.10 24.00 24.00 23.90 24.10 24.10 * 23.70 23.40 23.60 23.80 23.90 24.00 23.90 23.60 23.60 23.50 23.60 23.50 23.30 23.10 23.00 22.80 * 1
2018-01-16 17:25:17 23.60 23.30 23.10 23.30 23.50 23.60 23.50 23.60 23.90 24.00 24.10 24.00 24.00 23.90 24.00 24.10 * 23.40 23.20 23.50 23.70 23.90 24.00 23.80 23.50 23.50 23.60 23.60 23.60 23.30 23.10 23.00 22.80 * 1
2018-01-16 17:25:17 24.20 23.30 23.10 23.30 23.50 23.70 23.60 23.60 23.90 24.00 24.10 24.00 23.90 23.90 24.10 24.10 * 23.50 23.30 23.50 23.60 23.90 23.90 23.70 23.40 23.60 23.50 23.60 23.60 23.30 23.20 23.00 22.90 * 1
2018-01-16 17:25:17 26.00 24.10 23.10 23.40 23.40 23.70 23.60 23.70 23.90 23.90 24.10 24.00 23.90 23.90 24.00 24.10 * 23.80 23.90 23.50 23.60 23.90 24.00 23.70 23.50 23.60 23.50 23.70 23.60 23.30 23.20 23.00 22.90 * 1
2018-01-16 17:25:17 24.60 25.70 26.00 24.90 24.10 24.20 23.90 23.70 24.00 23.90 24.10 24.00 24.00 23.90 24.00 24.10 * 23.70 24.00 23.80 24.00 24.10 24.00 23.70 23.40 23.70 23.60 23.70 23.60 23.30 23.20 23.10 22.90 * 1
2018-01-16 17:25:18 23.90 24.00 25.20 25.80 26.10 26.40 25.40 24.20 25.20 24.00 24.10 24.00 24.00 23.90 24.10 24.10 * 23.70 24.00 24.20 24.80 24.70 24.00 23.80 23.70 24.10 24.70 24.10 24.80 23.70 23.30 23.30 23.00 * 1
2018-01-16 17:25:18 23.80 23.40 23.40 24.70 25.50 26.00 25.20 24.70 24.40 24.80 24.20 24.10 24.00 24.00 24.10 24.20 * 23.00 23.30 23.60 24.20 25.20 24.90 24.40 24.60 24.60 25.20 24.80 25.40 23.80 23.30 23.20 23.00 * 1
2018-01-16 17:25:18 23.60 23.30 23.10 23.30 23.40 23.70 23.60 23.70 23.90 24.00 24.10 24.00 23.90 24.00 24.00 24.20 * 23.10 23.30 23.50 23.80 25.20 25.60 25.00 25.00 25.10 25.40 25.30 25.80 23.80 23.30 23.10 22.90 * 1
2018-01-16 17:25:18 23.50 23.20 23.10 23.30 23.30 23.60 23.40 23.50 23.90 24.00 24.10 24.00 23.90 23.90 24.00 24.10 * 23.20 23.30 23.50 23.80 25.30 25.70 25.20 25.30 25.10 25.60 25.40 26.20 23.80 23.30 23.10 22.90 * 1
2018-01-16 17:25:19 23.50 23.10 23.00 23.30 23.30 23.60 23.40 23.50 23.90 24.00 24.10 24.00 23.90 23.90 24.10 24.10 * 23.20 23.40 23.60 23.90 25.20 25.60 25.20 25.20 25.20 25.30 25.40 26.20 24.00 23.30 23.20 22.90 * 1
2018-01-16 17:25:19 23.50 23.20 23.00 23.30 23.30 23.60 23.50 23.50 23.80 23.90 24.10 24.00 24.00 23.90 24.00 24.10 * 23.20 23.50 23.70 24.30 25.20 25.70 25.30 25.20 25.20 25.30 25.40 26.30 23.90 23.30 23.20 22.90 * 1
2018-01-16 17:25:19 23.50 23.20 23.00 23.20 23.30 23.60 23.50 23.50 23.80 23.90 24.10 24.00 24.00 23.90 24.00 24.10 * 23.30 23.50 23.90 24.50 25.30 25.50 25.20 25.10 25.20 25.30 25.40 26.30 23.90 23.30 23.20 22.90 * 1
2018-01-16 17:25:20 23.50 23.20 23.10 23.30 23.40 23.60 23.50 23.60 23.90 23.90 24.10 24.00 23.90 23.90 24.10 24.10 * 23.20 23.50 23.90 24.50 25.30 25.50 25.20 25.00 25.20 25.30 25.40 26.30 23.90 23.20 23.20 22.90 * 1
2018-01-16 17:25:20 23.60 23.20 23.10 23.30 23.50 23.70 23.60 23.60 23.90 24.00 24.00 24.00 23.90 24.00 24.10 24.10 * 23.30 23.60 24.00 24.60 25.20 25.50 25.20 25.00 25.10 25.30 25.30 26.30 24.00 23.20 23.10 22.90 * 1
2018-01-16 17:25:20 23.60 23.30 23.10 23.30 23.50 23.70 23.60 23.70 23.90 24.00 24.10 24.00 23.90 23.90 24.00 24.10 * 23.40 23.70 24.10 24.60 25.20 25.50 25.20 25.10 25.00 25.40 25.40 26.30 24.00 23.20 23.10 22.90 * 1
2018-01-16 17:25:20 23.60 23.30 23.10 23.30 23.50 23.70 23.60 23.70 23.90 24.00 24.10 24.10 24.00 23.90 24.00 24.10 * 23.30 23.70 24.00 24.60 25.30 25.60 25.20 25.20 25.00 25.50 25.30 26.40 24.10 23.20 23.10 22.80 * 1
2018-01-16 17:25:21 23.50 23.30 23.10 23.40 23.50 23.70 23.50 23.70 23.90 24.00 24.10 24.00 23.90 23.90 24.00 24.10 * 23.30 23.70 24.00 24.50 25.20 25.60 25.20 25.20 25.10 25.50 25.30 26.40 24.10 23.20 23.10 22.80 * 1
2018-01-16 17:25:21 23.50 23.20 23.10 23.40 23.40 23.70 23.50 23.60 23.90 24.00 24.10 24.00 23.90 23.90 24.00 24.10 * 23.30 23.80 24.00 24.60 25.20 25.60 25.20 25.30 25.10 25.50 25.30 26.30 24.10 23.20 23.10 22.90 * 1
2018-01-16 17:25:21 23.50 23.20 23.00 23.30 23.40 23.70 23.50 23.60 23.90 24.00 24.10 24.00 23.90 24.00 24.10 24.10 * 23.40 23.90 24.00 24.60 25.20 25.50 25.20 25.20 25.10 25.50 25.40 26.40 24.20 23.30 23.20 22.90 * 1
2018-01-16 17:25:21 23.40 23.20 23.00 23.30 23.30 23.70 23.40 23.70 23.80 24.00 24.10 24.00 23.90 24.00 24.00 24.10 * 23.30 23.80 24.00 24.50 25.30 25.60 25.20 25.20 25.20 25.40 25.40 26.40 24.20 23.30 23.20 23.00 * 1
2018-01-16 17:25:22 23.40 23.20 23.10 23.30 23.30 23.60 23.40 23.60 23.90 24.00 24.10 24.00 23.90 23.90 24.00 24.10 * 23.30 23.70 23.90 24.50 25.30 25.60 25.10 25.20 25.20 25.50 25.40 26.40 24.20 23.30 23.20 23.00 * 1
2018-01-16 17:25:22 23.50 23.20 23.10 23.30 23.30 23.60 23.50 23.60 23.90 24.00 24.10 24.00 23.90 23.90 23.90 24.00 * 23.40 23.80 23.90 24.50 25.20 25.60 25.10 25.20 25.20 25.50 25.40 26.40 24.20 23.30 23.10 23.00 * 1
2018-01-16 17:25:22 23.50 23.20 23.10 23.30 23.30 23.60 23.50 23.60 23.80 23.90 24.00 24.00 23.90 23.90 23.90 24.00 * 23.30 23.70 23.90 24.50 25.20 25.50 25.10 25.10 25.10 25.40 25.40 26.40 24.20 23.30 23.10 22.90 * 1
2018-01-16 17:25:22 23.60 23.30 23.10 23.40 23.40 23.70 23.60 23.70 23.80 23.90 24.00 24.00 23.80 23.80 24.00 24.00 * 23.20 23.70 23.80 24.50 25.20 25.40 25.10 25.10 25.10 25.40 25.40 26.30 24.20 23.30 23.20 23.00 * 1
2018-01-16 17:25:23 23.50 23.30 23.10 23.40 23.50 23.70 23.60 23.70 23.70 23.80 23.90 23.90 23.90 23.80 23.90 23.90 * 23.20 23.70 23.90 24.50 25.20 25.50 25.10 25.10 25.10 25.40 25.40 26.30 24.20 23.30 23.20 23.00 * 1
2018-01-16 17:25:23 23.60 23.30 23.20 23.50 23.50 23.60 23.60 23.70 23.70 23.80 24.00 23.90 23.90 23.90 24.00 24.00 * 23.20 23.70 23.90 24.50 25.20 25.50 25.10 25.10 25.10 25.40 25.40 26.30 24.20 23.30 23.20 22.90 * 1
2018-01-16 17:25:23 23.50 23.20 23.10 23.40 23.40 23.60 23.50 23.60 23.70 23.80 24.00 23.90 23.90 23.90 24.00 24.00 * 23.30 23.80 23.90 24.50 25.20 25.50 25.10 25.10 25.10 25.40 25.40 26.30 24.20 23.30 23.20 22.90 * 1
2018-01-16 17:25:23 23.50 23.20 23.10 23.30 23.30 23.60 23.40 23.60 23.80 23.90 23.90 23.90 23.80 23.80 23.90 24.00 * 23.40 23.90 23.90 24.50 25.20 25.40 25.10 25.10 25.10 25.50 25.40 26.30 24.10 23.20 23.10 23.00 * 1
2018-01-16 17:25:24 23.50 23.20 23.00 23.30 23.30 23.60 23.50 23.60 23.80 23.90 24.00 23.90 23.80 23.80 23.90 24.00 * 23.40 23.90 23.90 24.40 25.30 25.50 25.10 25.20 25.10 25.40 25.40 25.70 23.80 23.40 23.20 23.00 * 1
2018-01-16 17:25:24 23.50 23.20 23.00 23.30 23.40 23.60 23.50 23.60 23.90 23.90 24.10 24.00 23.90 23.90 24.00 24.00 * 23.40 23.90 24.00 24.40 25.50 25.70 25.20 25.00 25.20 25.30 25.20 25.50 23.80 23.30 23.20 23.00 * 1
2018-01-16 17:25:24 23.50 23.20 23.00 23.30 23.40 23.60 23.50 23.60 23.80 23.90 24.10 24.10 23.90 23.90 23.90 24.00 * 23.30 23.90 24.00 24.50 25.40 25.70 25.20 25.00 25.20 25.20 24.70 25.40 23.80 23.30 23.20 23.00 * 1
2018-01-16 17:25:25 23.40 23.10 23.00 23.20 23.40 23.60 23.40 23.50 23.90 24.00 24.10 24.10 23.90 23.90 23.90 24.00 * 23.40 24.20 24.10 24.50 25.40 25.70 25.30 24.90 25.20 25.10 24.40 25.40 23.80 23.30 23.20 22.90 * 1
2018-01-16 17:25:25 23.50 23.10 23.00 23.20 23.30 23.60 23.40 23.50 23.90 24.00 24.10 24.20 23.90 23.90 23.90 24.00 * 23.50 24.40 24.20 24.60 25.40 25.60 25.20 24.80 25.10 25.00 24.40 25.40 23.80 23.30 23.10 22.90 * 1
2018-01-16 17:25:25 23.50 23.10 23.00 23.30 23.40 23.60 23.40 23.60 24.00 24.00 24.10 24.70 24.00 23.90 24.00 24.10 * 23.50 24.50 24.20 24.60 25.40 25.60 25.10 24.80 25.10 24.90 24.30 25.40 23.70 23.30 23.20 23.00 * 1
2018-01-16 17:25:25 23.50 23.20 23.10 23.30 23.40 23.60 23.50 23.60 24.00 24.10 24.40 25.60 24.10 24.00 24.10 24.10 * 23.50 24.20 24.10 24.70 25.30 25.60 25.00 24.70 25.00 24.80 24.30 25.40 23.80 23.30 23.20 23.00 * 1
2018-01-16 17:25:26 23.60 23.30 23.10 23.40 23.50 23.60 23.60 23.70 23.90 24.10 24.40 25.50 24.00 24.00 24.00 24.10 * 23.50 24.20 24.10 24.70 25.30 25.60 24.80 24.70 24.90 24.90 24.30 25.40 23.70 23.30 23.20 23.00 * 1
2018-01-16 17:25:26 23.60 23.20 23.10 23.30 23.40 23.70 23.50 23.70 24.00 24.10 24.40 25.50 24.00 24.00 24.00 24.10 * 23.50 24.10 24.10 24.70 25.40 25.50 24.60 24.80 24.30 25.10 24.20 25.40 23.80 23.30 23.20 23.00 * 1
2018-01-16 17:25:26 23.50 23.10 23.10 23.30 23.40 23.70 23.60 23.70 24.00 24.10 24.40 24.70 24.00 24.00 24.10 24.10 * 23.50 24.00 24.10 24.70 25.30 25.20 24.30 24.90 24.10 25.10 24.20 25.40 23.80 23.30 23.20 23.00 * 1
2018-01-16 17:25:26 23.60 23.20 23.20 23.40 23.50 23.70 23.60 23.80 24.00 24.20 24.40 24.50 24.00 24.00 24.00 24.10 * 23.60 24.00 24.10 24.80 25.30 24.60 24.10 24.80 24.10 25.10 24.20 25.40 23.70 23.30 23.20 23.00 * 1
2018-01-16 17:25:27 23.40 23.20 23.10 23.30 23.30 23.70 23.50 23.70 24.10 24.30 24.40 24.40 24.00 24.00 24.00 24.10 * 23.60 24.00 24.10 24.80 25.30 24.50 24.20 24.80 24.20 25.20 24.20 25.40 23.80 23.40 23.30 23.00 * 1
2018-01-16 17:25:27 23.50 23.20 23.10 23.30 23.30 23.70 23.50 23.80 24.20 24.50 24.50 24.30 24.00 24.00 24.00 24.10 * 23.60 24.00 24.20 24.90 25.30 24.40 24.20 24.80 24.40 25.30 24.30 25.50 23.90 23.50 23.30 23.10 * 1
2018-01-16 17:25:27 23.60 23.30 23.10 23.40 23.50 23.70 23.60 23.90 24.30 24.50 24.60 24.20 24.00 24.00 24.10 24.10 * 23.60 24.00 24.20 24.90 25.30 24.40 24.10 24.80 24.10 25.10 24.20 25.40 23.70 23.30 23.20 23.00 * 1
2018-01-16 17:25:27 23.60 23.30 23.20 23.50 23.60 23.80 23.70 23.90 24.10 24.40 24.30 24.10 23.90 24.00 24.00 24.10 * 23.50 23.90 24.10 24.90 25.30 24.40 24.10 24.80 24.10 25.10 24.20 25.40 23.80 23.30 23.20 23.00 * 1
2018-01-16 17:25:28 23.70 23.30 23.20 23.50 23.60 23.80 23.70 24.00 24.10 24.30 24.20 24.10 23.90 24.00 23.90 24.00 * 23.40 23.70 23.90 24.50 25.10 25.10 24.50 25.00 24.40 25.10 24.20 25.40 23.80 23.30 23.20 23.00 * 1
2018-01-16 17:25:28 23.70 23.30 23.20 23.40 23.50 23.80 23.80 24.10 24.20 24.30 24.30 24.10 24.00 24.00 23.90 24.00 * 23.30 23.60 23.90 24.60 24.80 25.30 24.80 25.00 24.70 25.10 24.20 25.40 23.70 23.30 23.20 23.00 * 1
2018-01-16 17:25:28 23.60 23.30 23.20 23.40 23.50 23.80 23.70 24.00 24.20 24.40 24.30 24.10 23.90 24.00 24.00 24.00 * 23.30 23.60 23.90 24.60 24.80 25.40 24.90 24.90 24.80 25.10 24.10 25.40 23.80 23.30 23.20 23.00 * 1
2018-01-16 17:25:29 23.60 23.30 23.20 23.40 23.50 23.80 23.70 23.90 24.00 24.40 24.40 24.10 23.90 23.90 23.90 24.10 * 23.30 23.60 23.90 24.60 24.80 25.40 24.90 25.00 24.90 25.20 24.10 25.40 23.70 23.40 23.20 23.00 * 1
2018-01-16 17:25:29 23.50 23.30 23.10 23.30 23.50 23.70 23.60 23.90 24.00 24.40 24.40 24.10 23.90 23.90 23.90 24.00 * 23.30 23.60 23.90 24.60 24.80 25.50 24.90 24.90 24.90 25.10 24.10 25.40 23.70 23.40 23.20 23.00 * 1
2018-01-16 17:25:29 23.50 23.20 23.00 23.30 23.40 23.70 23.60 23.90 24.10 24.40 24.50 24.10 23.90 23.90 23.90 24.00 * 23.30 23.70 24.00 24.70 24.80 25.50 25.00 24.90 24.90 25.10 24.10 25.40 23.70 23.30 23.20 23.00 * 1
2018-01-16 17:25:29 23.50 23.20 23.00 23.30 23.40 23.70 23.60 23.80 24.10 24.40 24.60 24.10 23.90 23.90 23.90 24.00 * 23.30 23.70 23.90 24.70 24.80 25.50 25.00 24.90 24.90 25.10 24.10 25.40 23.70 23.20 23.10 22.90 * 1
2018-01-16 17:25:30 23.50 23.20 23.10 23.30 23.40 23.70 23.60 23.80 24.10 24.40 24.60 24.10 23.90 23.90 23.90 24.00 * 23.30 23.60 23.90 24.70 24.80 25.50 25.00 24.90 24.90 25.10 24.10 25.30 23.80 23.30 23.20 22.90 * 1
2018-01-16 17:25:30 23.50 23.10 23.00 23.30 23.40 23.70 23.60 23.90 24.30 24.60 24.90 24.20 24.00 23.90 24.10 24.10 * 23.30 23.70 24.00 24.70 24.90 25.50 24.90 24.90 24.90 25.10 24.10 25.40 23.80 23.30 23.20 23.00 * 1
2018-01-16 17:25:30 23.60 23.30 23.20 23.40 23.40 23.80 23.70 23.90 24.30 24.70 25.00 24.30 24.00 24.00 24.10 24.10 * 23.30 23.60 23.90 24.70 24.80 25.50 24.90 24.90 24.90 25.10 24.10 25.30 23.70 23.20 23.20 22.90 * 1
2018-01-16 17:25:30 23.60 23.30 23.20 23.50 23.50 23.80 23.80 24.00 24.40 24.60 24.90 24.20 24.00 24.00 24.10 24.10 * 23.10 23.60 23.90 24.70 24.80 25.50 24.90 24.80 24.90 25.00 24.10 25.30 23.70 23.20 23.20 22.90 * 1
2018-01-16 17:25:31 23.60 23.30 23.10 23.40 23.50 23.70 23.80 24.00 24.30 24.60 25.00 24.20 24.00 24.00 24.10 24.10 * 23.10 23.60 23.90 24.60 24.70 25.50 24.90 24.80 25.00 25.10 24.10 25.30 23.70 23.20 23.20 23.00 * 1
2018-01-16 17:25:31 23.60 23.20 23.10 23.40 23.40 23.80 23.60 24.00 24.40 24.60 24.90 24.20 24.00 24.00 24.10 24.10 * 23.20 23.50 23.90 24.60 24.70 25.40 24.80 24.80 25.00 25.10 24.10 25.30 23.80 23.30 23.20 23.00 * 1
