2018-01-16 16:57:16 24.10 23.80 23.80 23.60 23.30 23.90 26.30 26.80 25.70 27.00 25.80 25.90 24.10 24.20 24.20 24.20 * 23.30 23.30 23.30 23.30 23.60 24.50 23.80 23.80 23.60 23.90 23.50 23.40 23.10 23.00 23.00 22.90 * 1
2018-01-16 16:57:16 23.90 23.60 23.70 23.60 23.20 23.40 24.30 26.00 25.00 26.70 26.10 25.70 24.00 24.10 24.20 24.10 * 23.20 23.30 23.30 23.30 23.60 23.90 24.00 23.80 23.70 23.90 23.50 23.30 23.00 23.00 23.00 22.90 * 1
2018-01-16 16:57:17 23.90 23.60 23.60 23.60 23.20 23.40 24.50 25.90 25.10 26.40 26.20 24.80 24.00 24.00 24.10 24.00 * 23.20 23.20 23.30 23.30 23.60 23.70 24.10 23.70 23.90 23.90 23.60 23.50 23.10 23.10 23.10 23.00 * 1
2018-01-16 16:57:17 23.90 23.60 23.60 23.60 23.20 23.40 24.70 26.10 25.30 26.40 26.00 24.10 24.00 24.10 24.10 24.00 * 23.20 23.20 23.30 23.30 23.60 23.60 24.20 23.60 24.10 23.60 23.50 23.40 23.20 23.10 23.10 23.10 * 1
2018-01-16 16:57:17 24.00 23.70 23.60 23.70 23.20 23.50 24.30 26.30 24.10 25.80 25.00 23.90 24.00 24.00 24.00 23.90 * 23.30 23.30 23.30 23.30 23.60 24.00 24.40 23.70 24.60 23.80 23.50 23.50 23.20 23.10 23.20 23.10 * 1
2018-01-16 16:57:18 24.10 23.80 23.80 23.70 23.30 23.50 23.40 23.90 23.70 24.10 25.00 24.00 23.90 24.00 24.00 23.90 * 23.20 23.20 23.30 23.30 23.80 25.00 25.20 24.50 25.20 24.70 23.80 23.60 23.30 23.20 23.20 23.10 * 1
2018-01-16 16:57:18 24.00 23.70 23.80 23.70 23.30 23.50 23.30 23.60 23.70 23.70 24.40 24.00 23.90 24.00 24.00 23.90 * 23.20 23.20 23.30 23.60 24.40 25.20 25.40 25.30 25.40 25.90 24.80 23.80 23.20 23.20 23.20 23.10 * 1
2018-01-16 16:57:18 24.10 23.70 23.80 23.70 23.30 23.50 23.30 23.60 23.60 23.70 23.80 23.80 23.90 23.90 24.00 23.90 * 23.10 23.20 23.30 24.20 24.90 25.40 25.30 25.40 25.30 25.80 25.30 24.10 23.30 23.20 23.20 23.10 * 1
2018-01-16 16:57:18 24.00 23.70 23.70 23.70 23.20 23.40 23.20 23.50 23.60 23.60 23.70 23.80 23.80 23.90 24.00 23.80 * 23.20 23.30 23.30 24.50 25.00 25.50 25.30 25.40 25.30 25.70 25.80 24.30 23.30 23.20 23.30 23.10 * 1
2018-01-16 16:57:19 24.00 23.80 23.70 23.70 23.30 23.40 23.30 23.50 23.70 23.80 23.90 24.00 23.90 24.00 24.10 24.00 * 23.20 23.30 23.30 24.50 25.00 25.50 25.30 25.50 25.40 25.70 26.20 24.30 23.30 23.30 23.20 23.20 * 1
2018-01-16 16:57:19 24.00 23.80 23.80 23.80 23.30 23.50 23.40 23.60 23.60 23.80 23.90 24.00 23.90 24.00 24.00 24.00 * 23.20 23.20 23.30 24.50 25.00 25.40 25.30 25.50 25.30 25.70 26.20 24.30 23.20 23.20 23.10 23.10 * 1
2018-01-16 16:57:19 23.90 23.60 23.70 23.70 23.20 23.40 23.20 23.50 23.70 23.70 23.90 23.90 23.90 24.00 24.00 23.90 * 23.10 23.20 23.20 24.40 25.00 25.40 25.30 25.40 25.30 25.70 26.40 24.10 23.20 23.20 23.20 23.00 * 1
2018-01-16 16:57:19 23.90 23.60 23.70 23.70 23.20 23.40 23.20 23.50 23.60 23.60 23.80 23.80 23.80 23.90 24.00 23.90 * 23.20 23.30 23.30 24.50 25.00 25.50 25.30 25.50 25.30 25.70 26.40 24.10 23.20 23.20 23.20 23.00 * 1
2018-01-16 16:57:20 24.00 23.70 23.70 23.70 23.30 23.40 23.20 23.50 23.60 23.70 23.80 23.80 23.80 23.90 23.90 23.90 * 23.20 23.30 23.30 24.50 25.00 25.40 25.20 25.50 25.40 25.70 26.40 24.10 23.30 23.20 23.20 23.00 * 1
2018-01-16 16:57:20 24.00 23.80 23.70 23.70 23.30 23.50 23.30 23.50 23.70 23.80 23.90 23.90 23.90 24.00 24.00 24.00 * 23.20 23.20 23.30 24.50 25.00 25.40 25.30 25.50 25.30 25.70 26.30 24.00 23.20 23.10 23.20 23.00 * 1
2018-01-16 16:57:20 24.00 23.80 23.80 23.70 23.30 23.50 23.30 23.60 23.60 23.70 23.90 23.90 23.90 24.00 24.00 23.90 * 23.20 23.20 23.30 24.50 25.00 25.40 25.30 25.50 25.30 25.70 26.30 24.00 23.20 23.10 23.20 23.00 * 1
2018-01-16 16:57:20 24.00 23.80 23.80 23.70 23.30 23.50 23.20 23.50 23.60 23.70 23.90 23.90 23.80 24.00 23.90 23.90 * 23.10 23.30 23.30 24.50 25.00 25.50 25.30 25.50 25.30 25.70 26.40 24.00 23.20 23.20 23.10 23.10 * 1
2018-01-16 16:57:21 24.00 23.70 23.80 23.70 23.20 23.40 23.30 23.40 23.60 23.70 23.90 23.90 23.90 24.00 24.00 24.00 * 23.20 23.30 23.40 24.60 25.10 25.60 25.40 25.60 25.40 25.80 26.40 24.00 23.20 23.20 23.10 23.10 * 1
2018-01-16 16:57:21 24.00 23.70 23.80 23.70 23.20 23.40 23.30 23.50 23.70 23.70 23.90 24.00 24.00 24.00 24.00 24.00 * 23.20 23.30 23.40 24.60 25.00 25.50 25.30 25.60 25.40 25.80 26.40 24.00 23.30 23.20 23.20 23.10 * 1
2018-01-16 16:57:21 24.00 23.60 23.70 23.70 23.20 23.40 23.20 23.50 23.60 23.70 23.90 24.00 24.00 24.00 24.00 24.00 * 23.10 23.20 23.30 24.50 25.00 25.40 25.30 25.50 25.30 25.70 26.40 24.00 23.20 23.10 23.20 23.00 * 1
2018-01-16 16:57:22 23.90 23.60 23.60 23.60 23.20 23.40 23.20 23.50 23.60 23.80 23.90 24.00 23.90 24.10 24.10 24.00 * 23.10 23.20 23.20 24.50 24.90 25.40 25.30 25.50 25.40 25.80 26.50 24.10 23.20 23.30 23.20 23.10 * 1
2018-01-16 16:57:22 23.90 23.60 23.70 23.60 23.20 23.40 23.20 23.50 23.70 23.80 24.00 24.10 24.00 24.10 24.20 24.10 * 23.20 23.30 23.30 24.60 25.10 25.50 25.30 25.60 25.50 25.90 26.60 24.10 23.30 23.40 23.30 23.20 * 1
2018-01-16 16:57:22 23.90 23.60 23.70 23.70 23.20 23.40 23.20 23.60 23.80 23.90 24.00 24.10 24.00 24.10 24.10 24.20 * 23.30 23.40 23.40 24.60 25.20 25.60 25.40 25.70 25.50 25.90 26.60 24.10 23.40 23.30 23.30 23.20 * 1
2018-01-16 16:57:22 23.90 23.60 23.70 23.70 23.20 23.40 23.20 23.50 23.60 23.70 23.80 23.90 23.90 23.90 24.00 23.90 * 23.20 23.20 23.20 24.50 25.10 25.50 25.20 25.50 25.40 25.80 26.50 24.00 23.20 23.20 23.20 23.10 * 1
2018-01-16 16:57:23 23.90 23.60 23.60 23.60 23.20 23.40 23.20 23.50 23.70 23.80 23.90 24.00 23.90 24.00 24.00 24.00 * 23.20 23.20 23.20 24.50 25.10 25.50 25.20 25.50 25.40 25.80 26.50 24.00 23.20 23.20 23.20 23.10 * 1
2018-01-16 16:57:23 24.00 23.70 23.60 23.60 23.20 23.40 23.20 23.40 23.70 23.80 23.90 24.00 23.90 24.00 24.00 24.00 * 23.10 23.20 23.30 24.50 25.10 25.50 25.30 25.60 25.40 25.90 26.50 24.10 23.30 23.20 23.20 23.20 * 1
2018-01-16 16:57:23 24.10 23.70 23.70 23.60 23.20 23.40 23.30 23.50 23.70 23.80 24.00 24.00 23.90 24.00 24.00 24.00 * 23.10 23.20 23.20 24.60 25.10 25.50 25.20 25.60 25.40 25.90 26.50 24.10 23.30 23.20 23.20 23.20 * 1
2018-01-16 16:57:23 23.90 23.60 23.60 23.60 23.10 23.30 23.20 23.40 23.70 23.80 23.90 24.00 23.90 24.00 24.00 23.90 * 23.10 23.20 23.20 24.60 25.00 25.50 25.20 25.50 25.30 25.70 26.40 23.90 23.20 23.10 23.10 23.00 * 1
2018-01-16 16:57:24 23.80 23.60 23.60 23.60 23.20 23.30 23.20 23.40 23.70 23.80 24.00 24.00 24.00 24.10 24.10 24.10 * 23.20 23.20 23.20 24.60 25.00 25.50 25.20 25.50 25.20 25.70 26.40 23.90 23.20 23.10 23.10 23.00 * 1
2018-01-16 16:57:24 23.90 23.70 23.70 23.60 23.20 23.40 23.30 23.40 23.70 23.80 23.90 24.00 24.00 24.10 24.10 24.00 * 23.30 23.30 23.30 24.60 25.10 25.60 25.40 25.60 25.40 25.80 26.50 24.00 23.30 23.20 23.20 23.10 * 1
2018-01-16 16:57:24 24.10 23.80 23.80 23.80 23.40 23.50 23.40 23.70 23.70 23.80 24.00 24.00 24.00 24.10 24.10 24.00 * 23.30 23.30 23.30 24.60 25.10 25.60 25.40 25.60 25.40 25.80 26.50 24.00 23.30 23.20 23.20 23.20 * 1
2018-01-16 16:57:25 24.10 23.70 23.70 23.70 23.30 23.50 23.30 23.60 23.80 23.90 24.00 24.00 24.00 24.10 24.10 24.00 * 23.10 23.10 23.30 24.50 25.00 25.50 25.20 25.50 25.40 25.80 26.50 24.10 23.30 23.20 23.20 23.10 * 1
2018-01-16 16:57:25 24.00 23.60 23.60 23.60 23.20 23.40 23.20 23.50 23.70 23.90 24.00 23.90 24.00 24.10 24.10 24.00 * 23.10 23.20 23.30 24.50 25.00 25.50 25.20 25.50 25.30 25.80 26.40 24.00 23.20 23.20 23.10 23.10 * 1
2018-01-16 16:57:25 24.10 23.80 23.70 23.70 23.30 23.50 23.30 23.60 23.60 23.80 23.90 23.90 23.90 24.00 24.00 23.90 * 23.20 23.20 23.20 24.60 25.00 25.50 25.20 25.50 25.40 25.80 26.50 24.00 23.30 23.20 23.20 23.20 * 1
2018-01-16 16:57:25 24.10 23.70 23.70 23.60 23.20 23.40 23.30 23.60 23.60 23.60 23.80 23.80 23.80 23.80 23.90 23.90 * 23.20 23.20 23.20 24.60 25.00 25.50 25.30 25.50 25.40 25.90 26.50 24.00 23.40 23.30 23.30 23.20 * 1
2018-01-16 16:57:26 23.90 23.60 23.50 23.50 23.10 23.30 23.20 23.40 23.60 23.70 23.90 23.90 23.80 23.90 23.90 24.00 * 23.10 23.20 23.20 24.50 24.90 25.50 25.30 25.40 25.40 25.80 26.40 24.00 23.30 23.20 23.20 23.10 * 1
2018-01-16 16:57:26 23.90 23.60 23.50 23.50 23.10 23.30 23.10 23.40 23.60 23.70 23.90 24.00 23.90 23.90 24.00 24.00 * 23.20 23.20 23.30 24.50 25.00 25.50 25.30 25.50 25.40 25.80 26.50 23.90 23.30 23.30 23.20 23.20 * 1
2018-01-16 16:57:26 23.90 23.60 23.60 23.50 23.10 23.30 23.20 23.40 23.70 23.70 24.00 24.00 24.00 24.00 24.10 24.10 * 23.30 23.30 23.40 24.50 25.20 25.60 25.40 25.70 25.50 25.90 26.40 23.90 23.20 23.30 23.20 23.10 * 1
2018-01-16 16:57:26 24.00 23.70 23.70 23.60 23.20 23.30 23.20 23.40 23.70 23.90 23.90 24.00 24.00 24.10 24.10 24.10 * 23.30 23.30 23.40 23.90 24.60 25.40 25.40 25.70 25.40 25.90 25.80 23.70 23.20 23.30 23.20 23.10 * 1
2018-01-16 16:57:27 23.90 23.60 23.60 23.60 23.10 23.20 23.20 23.30 23.70 23.80 23.80 24.00 23.90 24.00 24.00 24.00 * 23.20 23.30 23.30 23.30 23.80 24.90 25.30 25.50 25.30 25.60 24.50 23.40 23.20 23.20 23.10 23.00 * 1
2018-01-16 16:57:27 23.80 23.60 23.60 23.50 23.10 23.30 23.20 23.40 23.70 23.80 23.90 23.90 23.80 24.00 24.00 24.00 * 23.20 23.30 23.30 23.30 23.70 25.00 25.30 25.00 25.10 24.40 23.70 23.50 23.20 23.30 23.20 23.20 * 1
2018-01-16 16:57:27 23.90 23.70 23.60 23.50 23.10 23.40 23.20 23.50 23.70 23.80 24.00 24.00 24.00 24.10 24.10 24.10 * 23.20 23.30 23.30 23.30 24.50 25.50 25.10 24.40 24.60 23.90 23.70 23.50 23.20 23.30 23.20 23.20 * 1
2018-01-16 16:57:27 23.90 23.70 23.70 23.60 23.20 23.40 23.30 23.50 23.70 23.80 23.90 24.00 24.00 24.00 24.10 24.10 * 23.30 23.30 23.40 23.60 26.20 25.50 24.20 23.70 24.00 23.80 23.70 23.50 23.30 23.30 23.20 23.10 * 1
2018-01-16 16:57:28 23.90 23.70 23.60 23.50 23.10 23.30 23.20 23.40 23.70 23.80 23.90 23.90 23.90 24.00 24.00 24.00 * 23.30 23.20 23.30 23.70 26.20 25.10 23.80 23.60 23.70 23.70 23.60 23.50 23.30 23.20 23.20 23.10 * 1
2018-01-16 16:57:28 23.90 23.70 23.70 23.60 23.20 23.40 23.20 23.50 23.70 23.80 23.90 23.90 23.90 24.00 23.90 24.00 * 23.30 23.30 23.40 23.90 26.20 24.60 23.80 23.60 23.60 23.70 23.60 23.50 23.30 23.20 23.20 23.10 * 1
2018-01-16 16:57:28 24.00 23.70 23.70 23.60 23.40 25.80 23.50 23.60 24.60 23.80 24.00 24.00 24.00 24.00 24.10 24.10 * 23.20 23.30 23.50 23.90 25.70 24.10 23.70 23.60 23.70 23.80 23.70 23.70 23.30 23.30 23.30 23.30 * 1
2018-01-16 16:57:29 24.00 23.70 23.80 24.00 26.00 28.40 24.20 23.60 24.60 23.70 23.90 23.90 23.90 23.90 24.00 24.00 * 23.20 23.30 23.80 24.00 24.90 23.80 23.70 23.60 23.60 23.80 23.70 23.70 23.30 23.30 23.30 23.30 * 1
2018-01-16 16:57:29 23.90 23.60 23.70 24.80 26.70 27.50 23.80 23.50 24.30 23.60 23.80 23.90 23.80 23.90 23.90 23.90 * 23.20 23.20 23.60 24.20 24.60 23.70 23.60 23.50 23.50 23.70 23.60 23.60 23.20 23.20 23.20 23.20 * 1
2018-01-16 16:57:29 23.90 23.60 23.80 26.00 27.10 26.70 23.60 23.50 23.90 23.60 23.80 23.80 23.70 23.80 23.90 23.80 * 23.20 23.30 23.60 24.10 24.20 23.70 23.60 23.50 23.60 23.70 23.70 23.60 23.30 23.30 23.30 23.20 * 1
2018-01-16 16:57:29 24.00 23.80 23.90 26.40 26.90 26.60 23.50 23.50 23.80 23.60 23.80 23.80 23.80 23.90 23.90 23.90 * 23.20 23.30 23.60 24.00 23.80 23.60 23.60 23.50 23.70 23.80 23.70 23.70 23.40 23.30 23.40 23.20 * 1
2018-01-16 16:57:30 24.00 23.80 24.00 26.40 26.70 27.00 23.60 23.60 23.80 23.70 23.80 23.80 23.80 23.90 23.90 24.00 * 23.20 23.40 23.80 24.00 23.90 23.70 23.60 23.60 23.80 23.80 23.70 23.60 23.30 23.30 23.30 23.20 * 1
2018-01-16 16:57:30 24.00 23.70 23.80 25.40 27.60 26.50 23.50 23.50 23.70 23.60 23.80 23.80 23.80 23.90 23.90 23.90 * 23.20 23.30 23.70 24.00 25.00 23.80 24.50 23.70 24.30 23.80 23.70 23.50 23.20 23.30 23.20 23.20 * 1
2018-01-16 16:57:30 24.00 23.70 23.80 24.10 25.00 25.30 23.40 23.60 23.70 23.60 23.80 23.90 23.80 23.90 24.00 23.90 * 23.20 23.40 24.10 24.50 25.40 23.90 25.40 24.00 25.10 24.10 23.70 23.60 23.30 23.30 23.20 23.20 * 1
2018-01-16 16:57:30 24.00 23.60 23.70 23.70 23.20 23.60 23.30 23.50 23.80 23.70 23.80 23.90 23.90 24.00 24.00 24.00 * 23.30 23.50 24.40 25.80 25.50 24.00 25.70 24.10 25.10 24.10 23.60 23.50 23.20 23.20 23.20 23.10 * 1
2018-01-16 16:57:31 24.00 23.70 23.80 23.70 23.30 23.50 23.30 23.50 23.70 23.70 23.80 23.90 23.80 23.90 23.90 23.90 * 23.30 23.40 24.60 26.40 25.80 24.10 25.40 24.20 25.00 24.20 23.60 23.50 23.20 23.20 23.20 23.10 * 1
2018-01-16 16:57:31 24.00 23.80 23.80 23.70 23.30 23.50 23.40 23.60 23.60 23.60 23.80 23.80 23.80 23.80 23.80 23.80 * 23.20 23.30 24.50 26.40 25.70 24.00 25.90 24.10 25.50 24.20 23.60 23.50 23.30 23.20 23.30 23.20 * 1
2018-01-16 16:57:31 24.00 23.80 23.80 23.70 23.30 23.40 23.30 23.60 23.60 23.70 23.90 23.90 23.90 23.90 24.00 24.00 * 23.20 23.40 24.50 26.40 25.70 24.00 26.50 24.10 26.00 23.90 23.60 23.50 23.20 23.20 23.20 23.10 * 1
2018-01-16 16:57:31 24.00 23.70 23.80 23.70 23.30 23.40 23.20 23.50 23.70 23.80 23.90 23.90 23.90 23.90 24.10 24.00 * 23.30 23.40 24.50 26.50 25.70 24.10 26.50 24.10 26.10 23.90 23.70 23.60 23.30 23.30 23.30 23.20 * 1
2018-01-16 16:57:32 24.00 23.80 23.80 23.70 23.30 23.50 23.20 23.50 23.80 23.80 23.90 24.00 23.90 24.10 24.00 23.90 * 23.30 23.40 24.50 26.40 25.70 24.00 26.60 24.10 26.10 23.90 23.70 23.50 23.20 23.30 23.30 23.20 * 1
2018-01-16 16:57:32 24.00 23.80 23.80 23.70 23.30 23.50 23.40 23.60 23.60 23.70 23.80 23.90 23.80 23.90 23.90 23.90 * 23.30 23.50 24.60 26.50 25.90 24.10 26.70 24.20 26.10 24.00 23.60 23.50 23.20 23.20 23.30 23.20 * 1
2018-01-16 16:57:32 24.10 23.80 23.70 23.70 23.30 23.50 23.40 23.60 23.60 23.70 23.90 23.90 23.90 24.00 24.00 24.00 * 23.30 23.50 24.70 26.60 25.90 24.10 26.80 24.30 26.20 24.00 23.70 23.50 23.30 23.30 23.30 23.20 * 1
