2018-01-16 15:59:12 25.90 25.50 26.00 23.50 23.40 23.50 23.40 23.50 23.80 23.80 23.90 24.00 23.90 23.90 23.90 23.80 * 24.20 23.30 23.40 23.30 23.40 23.30 23.20 23.10 23.00 23.20 23.20 23.10 23.10 23.10 23.00 23.00 * 0
2018-01-16 15:59:12 25.90 25.80 24.30 23.40 23.40 23.50 23.40 23.50 24.10 24.10 24.20 24.20 24.30 24.20 24.10 24.10 * 24.30 23.40 23.40 23.50 23.50 23.40 23.30 23.10 23.20 23.30 23.40 23.30 23.20 23.20 23.20 23.20 * 0
2018-01-16 15:59:12 25.50 26.10 23.60 23.60 23.60 23.70 23.50 23.60 24.10 24.00 24.10 24.10 24.20 24.10 24.00 24.00 * 24.30 23.40 23.40 23.50 23.50 23.40 23.30 23.20 23.20 23.30 23.30 23.20 23.20 23.20 23.20 23.10 * 0
2018-01-16 15:59:13 24.90 25.90 23.50 23.50 23.50 23.60 23.50 23.60 23.90 23.80 23.90 24.00 23.90 24.00 23.90 23.80 * 24.40 23.70 23.50 23.50 23.50 23.40 23.30 23.20 23.20 23.30 23.30 23.20 23.20 23.20 23.20 23.10 * 0
2018-01-16 15:59:13 24.30 25.80 24.30 23.60 23.60 23.70 23.60 23.60 23.80 23.80 23.90 24.00 23.90 24.00 23.90 23.80 * 24.50 24.00 24.10 23.50 23.60 23.50 23.40 23.20 23.20 23.30 23.40 23.30 23.20 23.20 23.20 23.20 * 0
2018-01-16 15:59:13 23.90 25.00 25.50 24.30 23.50 23.60 23.50 23.50 23.90 24.00 24.00 24.00 24.00 24.10 24.00 23.80 * 24.20 23.70 24.50 23.50 23.50 23.40 23.30 23.10 23.20 23.20 23.30 23.30 23.20 23.20 23.10 23.10 * 0
2018-01-16 15:59:13 23.80 23.90 25.90 25.40 23.70 23.60 23.50 23.60 23.90 23.90 24.00 24.10 24.10 24.10 24.00 23.80 * 23.80 23.70 24.40 23.50 23.40 23.30 23.20 23.10 23.20 23.30 23.30 23.30 23.20 23.20 23.20 23.10 * 0
2018-01-16 15:59:14 23.90 24.20 26.00 24.80 23.70 23.70 23.50 23.50 23.80 23.80 24.00 24.00 24.00 24.00 23.90 23.80 * 23.90 23.70 24.30 23.50 23.40 23.30 23.30 23.10 23.10 23.20 23.20 23.20 23.20 23.10 23.10 23.00 * 0
2018-01-16 15:59:14 24.00 25.00 26.00 24.10 23.60 23.70 23.50 23.60 23.80 23.80 23.90 23.90 24.00 24.00 23.90 23.70 * 24.00 23.70 24.00 23.50 23.50 23.40 23.40 23.20 23.10 23.20 23.20 23.20 23.20 23.10 23.00 23.00 * 0
2018-01-16 15:59:14 24.20 25.80 25.70 23.70 23.70 23.70 23.50 23.70 23.80 23.80 23.90 24.00 24.00 24.00 23.90 23.80 * 24.10 23.70 23.60 23.50 23.50 23.40 23.30 23.10 23.10 23.20 23.20 23.20 23.20 23.10 23.10 23.10 * 0
2018-01-16 15:59:15 24.30 26.00 25.20 23.60 23.70 23.70 23.60 23.70 24.00 24.00 24.10 24.10 24.10 24.10 24.10 23.90 * 24.00 23.50 23.50 23.40 23.50 23.30 23.30 23.10 23.20 23.20 23.20 23.20 23.10 23.10 23.10 23.00 * 0
2018-01-16 15:59:15 24.20 25.70 25.00 23.60 23.60 23.60 23.50 23.60 24.00 24.00 24.10 24.10 24.10 24.10 24.00 23.80 * 23.80 23.50 23.40 23.50 23.50 23.30 23.20 23.10 23.20 23.20 23.30 23.30 23.10 23.10 23.10 23.10 * 0
2018-01-16 15:59:15 24.10 25.50 25.40 23.70 23.60 23.60 23.50 23.60 24.00 23.90 24.00 24.10 24.00 24.00 23.90 23.80 * 23.70 23.60 23.40 23.50 23.50 23.30 23.20 23.10 23.20 23.20 23.30 23.30 23.20 23.10 23.10 23.10 * 0
2018-01-16 15:59:15 23.90 24.90 25.70 24.50 23.60 23.50 23.50 23.50 24.00 23.80 24.00 24.10 24.00 24.00 24.00 23.90 * 23.60 23.70 23.40 23.50 23.50 23.30 23.20 23.10 23.20 23.30 23.40 23.30 23.20 23.20 23.20 23.20 * 0
2018-01-16 15:59:16 23.70 24.10 25.40 25.50 23.60 23.50 23.40 23.50 23.80 23.80 24.00 24.00 23.90 23.90 23.90 23.80 * 23.50 23.70 23.60 23.50 23.50 23.40 23.30 23.10 23.20 23.30 23.40 23.30 23.20 23.20 23.20 23.20 * 0
2018-01-16 15:59:16 23.70 23.60 24.20 26.00 23.70 23.60 23.40 23.50 23.80 23.70 24.00 24.00 23.90 23.90 23.90 23.70 * 23.50 23.50 23.60 23.60 23.60 23.40 23.30 23.20 23.30 23.30 23.30 23.30 23.20 23.10 23.20 23.20 * 0
2018-01-16 15:59:16 23.60 23.40 23.20 24.40 25.10 23.60 23.30 23.40 23.90 23.80 24.00 24.00 23.90 23.90 23.90 23.70 * 23.50 23.50 23.50 23.70 23.60 23.40 23.30 23.20 23.30 23.40 23.40 23.30 23.20 23.10 23.20 23.20 * 0
2018-01-16 15:59:16 23.60 23.50 23.20 23.60 25.30 23.70 23.30 23.50 23.90 23.80 24.10 24.00 24.00 24.00 23.90 23.70 * 23.50 23.50 23.50 23.80 23.60 23.50 23.40 23.20 23.30 23.40 23.30 23.30 23.20 23.10 23.20 23.20 * 0
2018-01-16 15:59:17 23.60 23.60 23.30 23.50 24.90 24.10 23.50 23.70 23.80 23.80 24.10 24.00 23.90 24.00 23.90 23.70 * 23.40 23.40 23.40 23.60 23.50 23.40 23.30 23.10 23.30 23.30 23.30 23.30 23.20 23.20 23.20 23.20 * 0
2018-01-16 15:59:17 23.60 23.60 23.30 23.40 24.30 24.80 23.50 23.60 24.00 23.80 24.00 24.00 23.90 24.00 23.90 23.70 * 23.30 23.30 23.30 23.40 23.60 23.30 23.20 23.10 23.40 23.40 23.40 23.30 23.30 23.20 23.20 23.30 * 0
2018-01-16 15:59:17 23.60 23.50 23.20 23.40 23.60 25.70 23.70 23.60 24.20 23.80 24.00 23.90 23.90 23.90 23.90 23.80 * 23.40 23.30 23.40 23.40 23.70 23.40 23.20 23.10 23.20 23.30 23.30 23.30 23.20 23.20 23.20 23.20 * 0
2018-01-16 15:59:17 23.60 23.50 23.20 23.40 23.50 25.20 24.00 23.80 24.50 23.80 23.90 23.90 23.80 23.90 23.90 23.80 * 23.40 23.30 23.40 23.40 23.60 23.50 23.20 23.10 23.30 23.30 23.30 23.30 23.20 23.20 23.20 23.20 * 0
2018-01-16 15:59:18 23.60 23.60 23.20 23.40 23.50 24.60 24.60 23.80 24.80 24.00 24.00 24.00 23.90 24.00 23.90 23.80 * 23.40 23.20 23.30 23.40 23.50 23.60 23.20 23.10 23.30 23.30 23.40 23.30 23.20 23.10 23.20 23.20 * 0
2018-01-16 15:59:18 23.60 23.50 23.20 23.40 23.50 23.90 25.00 23.80 25.10 24.10 24.00 24.00 24.00 24.00 24.00 23.80 * 23.40 23.30 23.40 23.50 23.60 23.70 23.30 23.20 23.30 23.30 23.30 23.30 23.20 23.10 23.10 23.10 * 0
2018-01-16 15:59:18 23.70 23.50 23.30 23.50 23.50 23.70 25.20 23.90 25.20 24.00 23.90 24.00 23.90 24.00 23.90 23.70 * 23.40 23.40 23.40 23.50 23.60 23.80 23.40 23.20 23.30 23.20 23.30 23.30 23.20 23.10 23.10 23.00 * 0
2018-01-16 15:59:18 23.80 23.70 23.40 23.60 23.70 23.80 25.40 24.10 25.10 24.10 24.00 24.00 23.90 24.10 24.00 23.80 * 23.40 23.30 23.50 23.40 23.50 23.70 23.40 23.20 23.40 23.30 23.30 23.30 23.20 23.10 23.20 23.20 * 0
2018-01-16 15:59:19 23.80 23.70 23.30 23.50 23.60 23.70 25.50 24.10 25.00 24.30 24.00 24.00 23.90 24.00 23.90 23.80 * 23.40 23.30 23.40 23.40 23.40 23.60 23.30 23.10 23.40 23.30 23.30 23.30 23.20 23.10 23.20 23.20 * 0
2018-01-16 15:59:19 23.70 23.60 23.20 23.50 23.50 23.60 25.50 24.20 25.00 24.40 23.90 24.00 23.90 23.90 23.80 23.70 * 23.40 23.30 23.30 23.40 23.40 23.50 23.30 23.00 23.50 23.30 23.30 23.40 23.20 23.10 23.30 23.20 * 0
2018-01-16 15:59:19 23.70 23.50 23.20 23.40 23.50 23.60 25.50 24.40 25.10 24.60 24.00 24.00 24.00 24.00 24.00 23.80 * 23.40 23.30 23.30 23.30 23.40 23.50 23.40 23.10 23.50 23.30 23.30 23.30 23.20 23.10 23.30 23.20 * 0
2018-01-16 15:59:20 23.60 23.50 23.20 23.40 23.50 23.60 25.40 24.50 25.10 24.60 24.20 24.00 24.00 24.00 24.00 23.90 * 23.40 23.20 23.30 23.30 23.40 23.50 23.30 23.10 23.40 23.20 23.30 23.20 23.20 23.10 23.20 23.10 * 0
2018-01-16 15:59:20 23.60 23.60 23.20 23.40 23.50 23.60 25.70 24.30 25.30 24.40 24.10 24.00 24.00 24.00 23.90 23.90 * 23.40 23.40 23.50 23.50 23.50 23.70 23.40 23.20 23.40 23.30 23.30 23.30 23.20 23.10 23.20 23.10 * 0
2018-01-16 15:59:20 23.60 23.60 23.10 23.40 23.50 23.60 26.00 24.10 25.60 24.20 24.10 24.00 24.00 23.90 23.90 23.80 * 23.50 23.40 23.50 23.60 23.60 23.80 23.40 23.20 23.40 23.30 23.30 23.30 23.20 23.10 23.10 23.10 * 0
2018-01-16 15:59:20 23.70 23.60 23.20 23.50 23.60 23.80 26.00 24.10 25.80 24.00 24.10 24.00 23.90 24.00 23.90 23.70 * 23.40 23.30 23.40 23.50 23.60 23.80 23.30 23.10 23.30 23.30 23.30 23.30 23.10 23.10 23.10 23.10 * 0
2018-01-16 15:59:21 23.70 23.60 23.30 23.50 23.60 25.10 24.60 23.80 24.90 24.00 24.30 24.20 24.10 24.10 24.10 23.90 * 23.50 23.50 23.50 23.50 23.80 23.60 23.30 23.20 23.30 23.30 23.30 23.40 23.20 23.20 23.10 23.10 * 0
2018-01-16 15:59:21 23.70 23.60 23.30 23.50 23.70 26.00 24.10 23.80 24.40 24.00 24.20 24.20 24.10 24.20 24.20 23.90 * 23.50 23.50 23.50 23.60 23.80 23.50 23.30 23.20 23.30 23.50 23.40 23.40 23.30 23.20 23.20 23.30 * 0
2018-01-16 15:59:21 23.60 23.50 23.20 23.50 23.90 25.50 23.60 23.60 24.00 23.90 24.10 24.10 24.00 24.10 24.10 23.90 * 23.50 23.50 23.50 23.70 23.70 23.40 23.30 23.20 23.40 23.50 23.50 23.40 23.30 23.30 23.30 23.40 * 0
2018-01-16 15:59:21 23.50 23.40 23.10 23.40 24.80 24.40 23.40 23.50 23.90 23.90 24.10 24.10 24.00 24.00 24.00 23.80 * 23.40 23.40 23.70 23.70 23.60 23.40 23.20 23.20 23.30 23.40 23.40 23.40 23.30 23.30 23.20 23.20 * 0
2018-01-16 15:59:22 23.60 23.40 23.10 23.90 25.40 23.70 23.40 23.50 24.00 24.00 24.10 24.10 24.00 24.00 24.00 23.80 * 23.50 23.50 24.10 23.60 23.60 23.50 23.30 23.20 23.20 23.30 23.30 23.30 23.20 23.10 23.10 23.20 * 0
2018-01-16 15:59:22 23.80 23.70 23.80 26.00 23.90 23.70 23.50 23.60 24.00 24.00 24.10 24.10 24.00 24.10 24.00 23.90 * 23.60 23.80 24.00 23.60 23.60 23.50 23.30 23.20 23.30 23.40 23.30 23.30 23.20 23.20 23.10 23.20 * 0
2018-01-16 15:59:22 23.70 23.80 25.10 25.10 23.60 23.60 23.50 23.60 24.00 24.00 24.20 24.20 24.00 24.10 24.10 23.90 * 23.60 24.00 23.70 23.60 23.50 23.40 23.30 23.20 23.40 23.40 23.40 23.40 23.20 23.20 23.20 23.20 * 0
2018-01-16 15:59:23 23.80 24.40 25.90 23.80 23.60 23.60 23.50 23.60 23.90 23.90 24.00 24.10 24.00 24.00 23.90 23.80 * 23.70 23.90 23.40 23.50 23.50 23.40 23.30 23.20 23.40 23.40 23.40 23.40 23.30 23.20 23.20 23.20 * 0
2018-01-16 15:59:23 24.60 26.00 23.90 23.50 23.60 23.60 23.50 23.70 24.00 24.00 24.10 24.10 24.00 24.10 24.00 23.90 * 23.50 23.50 23.40 23.40 23.40 23.30 23.20 23.10 23.30 23.40 23.40 23.40 23.30 23.20 23.20 23.30 * 0
2018-01-16 15:59:23 25.30 24.80 23.30 23.50 23.60 23.60 23.50 23.70 24.00 23.90 24.00 24.10 24.00 24.00 24.00 23.90 * 23.50 23.30 23.30 23.40 23.40 23.30 23.20 23.10 23.30 23.30 23.30 23.30 23.20 23.20 23.20 23.20 * 0
2018-01-16 15:59:23 25.30 23.70 23.20 23.50 23.50 23.50 23.40 23.60 24.00 23.90 24.00 24.10 24.00 24.00 23.90 23.70 * 23.40 23.30 23.30 23.40 23.40 23.30 23.20 23.10 23.30 23.20 23.30 23.30 23.20 23.20 23.20 23.10 * 0
2018-01-16 15:59:24 24.60 23.60 23.20 23.40 23.50 23.60 23.40 23.60 23.80 23.80 23.90 24.00 23.90 23.90 23.90 23.60 * 23.50 23.40 23.40 23.50 23.50 23.40 23.30 23.20 23.30 23.30 23.30 23.30 23.20 23.20 23.20 23.10 * 0
2018-01-16 15:59:24 23.90 23.60 23.20 23.50 23.60 23.60 23.50 23.60 24.00 24.00 24.00 24.10 24.00 24.00 24.00 23.80 * 23.50 23.40 23.40 23.40 23.50 23.30 23.30 23.10 23.30 23.30 23.30 23.30 23.20 23.20 23.20 23.20 * 0
2018-01-16 15:59:24 23.80 23.60 23.30 23.60 23.60 23.70 23.60 23.60 23.90 23.90 24.00 24.10 24.00 24.00 24.00 23.90 * 23.50 23.40 23.40 23.50 23.50 23.40 23.30 23.20 23.30 23.30 23.30 23.30 23.20 23.20 23.20 23.20 * 0
2018-01-16 15:59:24 23.70 23.60 23.30 23.50 23.60 23.60 23.50 23.60 23.70 23.90 23.90 24.00 23.90 23.90 23.90 23.80 * 23.50 23.40 23.40 23.50 23.50 23.40 23.30 23.10 23.30 23.40 23.30 23.30 23.20 23.20 23.20 23.20 * 0
2018-01-16 15:59:25 23.70 23.50 23.20 23.40 23.60 23.60 23.50 23.50 23.80 23.80 23.90 24.00 23.90 24.00 24.00 23.80 * 23.60 23.50 23.50 23.60 23.60 23.40 23.40 23.20 23.40 23.40 23.40 23.40 23.30 23.20 23.20 23.20 * 0
2018-01-16 15:59:25 23.70 23.50 23.20 23.40 23.50 23.60 23.50 23.50 24.00 24.00 24.10 24.10 24.10 24.20 24.20 23.90 * 23.50 23.50 23.50 23.50 23.60 23.50 23.40 23.30 23.30 23.40 23.40 23.40 23.30 23.20 23.20 23.20 * 0
2018-01-16 15:59:25 23.80 23.50 23.20 23.40 23.40 23.50 23.40 23.50 24.00 24.00 24.10 24.00 24.10 24.10 24.10 23.90 * 23.60 23.50 23.60 23.50 23.60 23.50 23.40 23.30 23.20 23.30 23.30 23.30 23.20 23.10 23.10 23.20 * 0
2018-01-16 15:59:25 24.40 23.60 23.20 23.40 23.50 23.60 23.50 23.60 23.90 23.90 24.10 24.00 24.00 24.00 24.00 23.80 * 23.70 23.50 23.60 23.50 23.60 23.50 23.40 23.20 23.20 23.20 23.30 23.30 23.20 23.10 23.10 23.10 * 0
2018-01-16 15:59:26 25.20 23.70 23.20 23.50 23.50 23.60 23.50 23.60 23.80 23.90 24.00 24.00 23.90 24.00 23.90 23.80 * 24.00 23.40 23.50 23.50 23.50 23.40 23.30 23.10 23.20 23.20 23.20 23.30 23.20 23.10 23.10 23.10 * 0
2018-01-16 15:59:26 25.00 24.30 23.20 23.40 23.50 23.60 23.40 23.50 23.90 23.90 24.00 24.20 24.10 24.10 24.00 23.90 * 24.00 23.40 23.40 23.40 23.50 23.30 23.20 23.10 23.20 23.20 23.30 23.30 23.20 23.10 23.10 23.20 * 0
2018-01-16 15:59:26 23.90 24.90 24.60 23.70 23.50 23.60 23.50 23.50 23.90 23.90 24.00 24.10 24.00 24.00 24.00 23.80 * 24.10 23.70 23.70 23.60 23.60 23.50 23.30 23.30 23.20 23.30 23.30 23.30 23.20 23.10 23.10 23.10 * 0
2018-01-16 15:59:27 23.80 24.20 25.30 24.00 23.50 23.60 23.50 23.60 23.80 23.80 23.90 24.00 23.80 23.90 23.90 23.60 * 23.80 23.70 23.90 23.60 23.60 23.50 23.30 23.20 23.20 23.30 23.20 23.30 23.10 23.10 23.10 23.10 * 0
2018-01-16 15:59:27 23.70 23.70 24.70 24.80 23.60 23.60 23.50 23.60 23.90 23.90 24.00 24.00 23.90 24.00 24.00 23.80 * 23.50 23.50 23.90 23.50 23.50 23.40 23.30 23.10 23.20 23.30 23.30 23.30 23.20 23.20 23.10 23.20 * 0
2018-01-16 15:59:27 23.60 23.60 23.60 25.40 24.20 23.50 23.40 23.50 23.90 24.00 24.00 24.10 24.00 24.10 24.00 23.80 * 23.50 23.50 23.90 23.70 23.50 23.30 23.20 23.10 23.30 23.40 23.30 23.30 23.30 23.20 23.20 23.30 * 0
2018-01-16 15:59:27 23.60 23.60 23.30 23.70 25.00 24.20 23.50 23.50 23.90 23.90 24.00 24.00 23.90 24.00 23.90 23.70 * 23.50 23.40 23.50 23.90 23.70 23.40 23.40 23.20 23.20 23.30 23.20 23.20 23.10 23.10 23.10 23.10 * 0
2018-01-16 15:59:28 23.60 23.60 23.30 23.50 24.20 25.00 23.70 23.50 24.00 23.70 23.90 24.00 23.90 23.90 23.80 23.60 * 23.50 23.40 23.50 23.80 23.70 23.60 23.40 23.20 23.20 23.20 23.20 23.20 23.10 23.10 23.10 23.10 * 0
2018-01-16 15:59:28 23.70 23.60 23.30 23.50 23.70 25.30 24.50 23.80 24.70 23.80 23.80 23.90 23.90 23.90 23.90 23.60 * 23.40 23.50 23.50 23.70 23.70 24.00 23.40 23.20 23.30 23.20 23.20 23.20 23.10 23.10 23.10 23.10 * 0
2018-01-16 15:59:28 23.70 23.70 23.30 23.60 23.60 24.40 25.30 24.30 25.30 24.20 23.80 23.90 23.90 23.90 23.90 23.70 * 23.40 23.50 23.50 23.50 23.60 24.10 23.50 23.20 23.50 23.40 23.30 23.30 23.20 23.20 23.20 23.20 * 0
2018-01-16 15:59:28 23.80 23.60 23.30 23.50 23.60 23.70 25.30 24.80 24.50 25.40 24.10 24.00 23.90 23.90 23.80 23.70 * 23.50 23.50 23.50 23.50 23.60 24.10 23.70 23.40 23.60 23.50 23.30 23.30 23.20 23.20 23.20 23.20 * 0
2018-01-16 15:59:29 23.70 23.60 23.30 23.50 23.50 23.60 23.60 25.30 24.00 25.30 24.60 24.00 23.80 23.90 23.80 23.70 * 23.50 23.40 23.50 23.50 23.60 23.50 23.70 23.60 23.60 23.80 23.50 23.30 23.20 23.20 23.20 23.30 * 0
2018-01-16 15:59:29 23.70 23.60 23.30 23.40 23.50 23.60 23.50 24.60 23.90 24.50 25.50 24.40 23.80 23.90 23.90 23.70 * 23.50 23.50 23.50 23.50 23.60 23.50 23.60 23.60 23.50 23.80 24.00 23.40 23.20 23.20 23.20 23.30 * 0
2018-01-16 15:59:29 23.70 23.60 23.30 23.40 23.50 23.60 23.50 23.90 23.90 24.00 24.80 25.80 24.20 24.00 24.10 23.80 * 23.50 23.50 23.50 23.50 23.60 23.50 23.50 23.50 23.40 23.60 24.20 23.40 23.20 23.20 23.30 23.30 * 0
2018-01-16 15:59:30 23.70 23.60 23.30 23.50 23.50 23.60 23.50 23.60 23.90 23.90 24.10 25.60 24.60 24.00 24.00 23.80 * 23.30 23.40 23.40 23.50 23.50 23.40 23.30 23.20 23.20 23.30 24.20 23.50 23.40 23.10 23.10 23.10 * 0
2018-01-16 15:59:30 23.70 23.60 23.30 23.50 23.50 23.60 23.50 23.60 23.90 23.80 23.90 24.70 25.60 24.10 24.00 23.80 * 23.40 23.40 23.40 23.50 23.50 23.40 23.30 23.10 23.20 23.20 23.70 23.50 23.60 23.10 23.10 23.00 * 0
2018-01-16 15:59:30 23.80 23.60 23.30 23.50 23.50 23.70 23.50 23.60 23.90 23.80 24.00 24.10 25.70 24.60 24.00 23.80 * 23.40 23.40 23.50 23.50 23.50 23.40 23.30 23.20 23.20 23.20 23.40 23.50 23.80 23.20 23.10 23.10 * 0
2018-01-16 15:59:30 23.70 23.70 23.30 23.50 23.60 23.70 23.50 23.60 24.00 23.80 24.00 24.10 24.70 25.50 24.00 23.90 * 23.40 23.40 23.40 23.50 23.50 23.40 23.30 23.20 23.30 23.30 23.30 23.40 23.90 23.50 23.20 23.20 * 0
2018-01-16 15:59:31 23.70 23.60 23.30 23.50 23.60 23.70 23.60 23.60 23.90 23.90 24.10 24.10 24.10 25.50 24.60 23.90 * 23.40 23.40 23.40 23.50 23.50 23.40 23.30 23.20 23.20 23.30 23.30 23.30 23.80 23.70 23.20 23.20 * 0
2018-01-16 15:59:31 23.60 23.50 23.20 23.40 23.50 23.50 23.40 23.60 23.90 23.90 24.10 24.10 24.10 24.90 25.10 24.00 * 23.40 23.40 23.40 23.40 23.50 23.30 23.30 23.20 23.40 23.30 23.30 23.30 23.70 23.80 23.30 23.20 * 0
2018-01-16 15:59:31 23.60 23.50 23.20 23.40 23.50 23.50 23.40 23.50 23.90 23.90 24.00 24.10 24.00 24.70 25.50 24.00 * 23.50 23.40 23.40 23.40 23.60 23.40 23.30 23.20 23.30 23.30 23.30 23.30 23.70 23.80 23.20 23.20 * 0
2018-01-16 15:59:31 23.70 23.50 23.20 23.40 23.50 23.60 23.50 23.50 23.90 23.80 24.00 24.00 24.00 24.80 25.50 24.00 * 23.40 23.40 23.40 23.40 23.50 23.40 23.30 23.20 23.30 23.30 23.30 23.30 23.80 23.80 23.20 23.20 * 0
2018-01-16 15:59:32 23.60 23.60 23.30 23.50 23.40 23.50 23.40 23.50 23.80 23.80 23.90 24.00 23.90 25.60 24.80 23.90 * 23.40 23.40 23.40 23.50 23.50 23.40 23.30 23.20 23.20 23.30 23.30 23.20 23.80 23.60 23.20 23.10 * 0
2018-01-16 15:59:32 23.60 23.50 23.20 23.30 23.40 23.50 23.40 23.50 23.80 23.80 23.80 24.00 23.90 25.90 24.30 23.70 * 23.40 23.30 23.40 23.50 23.50 23.30 23.30 23.20 23.20 23.30 23.20 23.80 24.00 23.20 23.20 23.10 * 0
2018-01-16 15:59:32 23.50 23.40 23.10 23.30 23.40 23.50 23.30 23.40 23.80 23.80 23.90 24.00 24.30 25.80 24.10 23.70 * 23.40 23.30 23.40 23.50 23.50 23.40 23.30 23.10 23.20 23.30 23.30 24.30 23.80 23.20 23.20 23.10 * 0
2018-01-16 15:59:32 23.50 23.40 23.10 23.30 23.40 23.50 23.30 23.50 23.70 23.80 23.90 24.00 25.20 25.30 23.90 23.60 * 23.40 23.30 23.40 23.50 23.50 23.40 23.30 23.10 23.30 23.30 23.50 24.50 23.50 23.10 23.20 23.10 * 0
2018-01-16 15:59:33 23.60 23.50 23.20 23.40 23.50 23.60 23.40 23.60 23.90 24.00 24.10 24.60 25.80 24.30 24.00 23.80 * 23.40 23.40 23.50 23.50 23.50 23.40 23.30 23.30 23.40 23.50 23.80 24.60 23.40 23.20 23.20 23.20 * 0
2018-01-16 15:59:33 23.50 23.40 23.10 23.30 23.40 23.40 23.30 23.40 23.80 23.90 24.50 25.20 25.10 24.00 24.00 23.70 * 23.40 23.40 23.40 23.50 23.50 23.40 23.30 24.00 23.40 24.20 23.60 24.00 23.20 23.20 23.20 23.20 * 0
2018-01-16 15:59:33 23.50 23.40 23.10 23.30 23.40 23.50 23.30 23.60 23.80 24.00 25.10 25.40 24.30 24.00 24.00 23.80 * 23.40 23.40 23.40 23.50 23.50 23.40 23.40 24.00 23.60 24.20 23.60 23.40 23.20 23.20 23.20 23.20 * 0
2018-01-16 15:59:34 23.60 23.60 23.10 23.40 23.40 23.50 23.40 24.20 23.90 24.50 25.60 24.70 24.00 24.00 24.00 23.80 * 23.40 23.40 23.40 23.50 23.50 23.60 23.60 24.00 23.70 24.20 23.50 23.30 23.20 23.20 23.20 23.20 * 0
2018-01-16 15:59:34 23.60 23.60 23.20 23.40 23.40 23.50 23.50 24.80 24.30 25.30 24.30 24.00 23.90 23.90 23.90 23.70 * 23.40 23.40 23.50 23.50 23.50 24.00 23.60 23.80 23.60 23.80 23.40 23.40 23.20 23.20 23.20 23.20 * 0
2018-01-16 15:59:34 23.50 23.40 23.00 23.30 23.40 23.50 24.70 24.50 25.10 25.00 24.00 24.00 24.00 23.90 24.00 23.80 * 23.40 23.30 23.40 23.50 23.70 24.30 23.40 23.10 23.40 23.30 23.30 23.30 23.20 23.20 23.10 23.10 * 0
2018-01-16 15:59:34 23.60 23.50 23.10 23.40 23.50 24.20 25.30 24.20 25.40 24.40 24.10 24.10 24.00 24.00 24.00 23.90 * 23.40 23.30 23.40 23.60 23.80 24.00 23.30 23.10 23.30 23.30 23.30 23.30 23.10 23.10 23.10 23.10 * 0
2018-01-16 15:59:35 23.70 23.60 23.30 23.60 23.70 25.10 24.50 23.80 24.70 24.00 24.10 24.20 24.00 24.10 24.00 23.80 * 23.40 23.30 23.40 23.70 23.70 23.50 23.40 23.10 23.30 23.30 23.40 23.30 23.20 23.10 23.20 23.10 * 0
2018-01-16 15:59:35 23.80 23.70 23.30 23.60 24.10 24.90 23.60 23.70 23.90 24.00 24.00 24.10 24.10 24.10 24.10 23.90 * 23.40 23.40 23.60 23.80 23.70 23.40 23.40 23.20 23.30 23.30 23.30 23.30 23.20 23.20 23.20 23.20 * 0
2018-01-16 15:59:35 23.60 23.50 23.20 24.00 24.60 23.70 23.40 23.50 23.90 23.90 24.00 24.10 24.00 24.00 24.00 23.80 * 23.40 23.40 24.00 23.70 23.60 23.40 23.40 23.20 23.30 23.30 23.30 23.30 23.20 23.20 23.20 23.20 * 0
2018-01-16 15:59:35 23.60 23.50 23.20 24.80 23.90 23.50 23.30 23.40 23.90 23.90 24.00 24.10 23.90 24.00 24.00 23.80 * 23.50 23.60 24.10 23.50 23.50 23.40 23.30 23.20 23.20 23.20 23.20 23.20 23.10 23.10 23.20 23.10 * 0
2018-01-16 15:59:36 23.60 23.60 23.70 25.00 23.60 23.60 23.40 23.40 23.90 23.90 24.00 24.00 24.00 23.90 24.00 23.90 * 23.60 23.60 24.10 23.40 23.50 23.40 23.30 23.20 23.20 23.20 23.20 23.20 23.10 23.10 23.10 23.10 * 0
2018-01-16 15:59:36 23.70 23.80 24.70 24.20 23.60 23.70 23.50 23.60 24.10 24.00 24.10 24.20 24.10 24.10 24.10 23.90 * 23.80 23.50 23.80 23.50 23.40 23.40 23.20 23.20 23.10 23.20 23.20 23.20 23.10 23.00 23.00 23.00 * 0
2018-01-16 15:59:36 23.90 25.10 23.60 23.30 23.40 23.50 23.40 23.50 23.90 23.90 24.00 24.10 24.00 24.00 24.00 23.70 * 23.90 23.40 23.40 23.40 23.50 23.30 23.30 23.20 23.20 23.20 23.20 23.20 23.10 23.10 23.10 23.10 * 0
2018-01-16 15:59:37 24.20 25.30 23.20 23.30 23.40 23.50 23.40 23.50 23.90 23.90 24.00 24.00 23.90 24.00 24.00 23.70 * 23.80 23.40 23.40 23.40 23.50 23.30 23.20 23.10 23.20 23.30 23.20 23.20 23.20 23.10 23.10 23.20 * 0
2018-01-16 15:59:37 24.70 24.40 23.30 23.50 23.50 23.60 23.40 23.60 23.90 23.90 24.10 24.10 24.00 24.00 24.00 23.80 * 23.70 23.50 23.50 23.50 23.60 23.40 23.30 23.20 23.30 23.30 23.30 23.30 23.20 23.20 23.20 23.20 * 0
2018-01-16 15:59:37 25.00 23.70 23.20 23.40 23.50 23.60 23.40 23.50 23.90 23.90 24.10 24.10 24.00 24.00 24.10 23.80 * 23.60 23.50 23.50 23.50 23.50 23.50 23.30 23.20 23.30 23.30 23.30 23.30 23.20 23.20 23.20 23.20 * 0
2018-01-16 15:59:37 24.50 23.60 23.20 23.30 23.40 23.50 23.40 23.50 24.00 23.90 24.00 24.10 24.00 24.00 24.00 23.80 * 23.50 23.40 23.40 23.50 23.50 23.40 23.30 23.20 23.20 23.30 23.30 23.30 23.20 23.20 23.20 23.20 * 0
2018-01-16 15:59:38 24.20 23.50 23.10 23.30 23.30 23.50 23.40 23.50 23.90 23.90 24.00 24.10 23.90 24.00 23.90 23.80 * 23.50 23.50 23.50 23.60 23.50 23.40 23.40 23.20 23.20 23.20 23.30 23.20 23.20 23.20 23.20 23.20 * 0
2018-01-16 15:59:38 24.30 23.50 23.20 23.40 23.50 23.60 23.50 23.60 23.90 23.80 23.90 24.00 23.90 24.00 23.80 23.70 * 23.50 23.40 23.50 23.60 23.50 23.40 23.40 23.20 23.30 23.20 23.30 23.30 23.20 23.20 23.20 23.20 * 0
2018-01-16 15:59:38 24.70 23.70 23.30 23.60 23.60 23.70 23.60 23.70 23.80 23.80 23.90 24.00 24.00 23.90 23.90 23.70 * 23.40 23.40 23.50 23.50 23.60 23.40 23.40 23.20 23.30 23.30 23.30 23.30 23.20 23.20 23.20 23.20 * 0
2018-01-16 15:59:38 25.30 23.60 23.20 23.50 23.50 23.60 23.50 23.60 23.70 23.70 23.90 24.00 23.90 23.80 23.80 23.60 * 23.50 23.40 23.50 23.50 23.60 23.40 23.30 23.20 23.20 23.30 23.30 23.20 23.20 23.20 23.20 23.10 * 0
2018-01-16 15:59:39 25.30 23.70 23.20 23.30 23.40 23.50 23.40 23.40 23.70 23.70 23.90 24.00 23.90 23.80 23.80 23.60 * 23.70 23.40 23.40 23.50 23.60 23.40 23.30 23.20 23.20 23.20 23.30 23.30 23.20 23.10 23.10 23.20 * 0
