2018-01-16 17:32:07 24.20 25.80 25.30 23.50 23.40 23.60 23.50 23.60 23.80 23.90 24.00 24.00 23.90 23.80 24.00 24.10 * 23.50 23.70 24.20 23.90 23.90 23.90 23.80 23.60 23.60 23.60 23.60 23.60 23.60 23.40 23.20 23.00 * 1
2018-01-16 17:32:08 23.70 24.30 25.70 23.70 23.40 23.60 23.50 23.70 23.90 24.00 24.00 24.00 23.90 23.90 24.10 24.10 * 23.50 23.60 24.10 24.00 24.00 23.90 23.80 23.60 23.60 23.60 23.70 23.60 23.60 23.40 23.20 23.00 * 1
2018-01-16 17:32:08 23.80 23.60 25.10 24.30 23.60 23.80 23.60 23.90 23.90 24.00 24.00 24.00 23.90 23.90 24.00 24.10 * 23.50 23.50 23.80 24.40 24.10 24.00 24.00 23.80 23.60 23.60 23.70 23.70 23.60 23.40 23.20 23.00 * 1
2018-01-16 17:32:08 23.70 23.40 24.00 25.40 23.70 23.90 23.60 23.90 23.90 23.90 24.00 24.10 23.90 23.90 24.00 24.10 * 23.50 23.50 23.70 24.40 24.30 24.10 24.00 23.70 23.70 23.60 23.70 23.70 23.60 23.40 23.20 23.10 * 1
2018-01-16 17:32:08 23.60 23.20 23.20 25.30 24.30 23.70 23.60 23.70 23.80 23.90 24.10 24.00 23.90 23.80 24.00 24.10 * 23.50 23.50 23.60 24.10 24.30 24.00 23.90 23.60 23.70 23.70 23.80 23.80 23.60 23.50 23.30 23.20 * 1
2018-01-16 17:32:09 23.60 23.30 23.10 24.10 25.50 23.70 23.50 23.60 24.00 24.00 24.10 24.10 23.90 24.00 24.10 24.20 * 23.40 23.50 23.60 23.80 24.30 24.00 23.90 23.60 23.80 23.70 23.80 23.80 23.70 23.50 23.30 23.20 * 1
2018-01-16 17:32:09 23.70 23.40 23.20 23.80 26.40 24.00 23.60 23.80 24.00 24.00 24.10 24.10 23.90 24.00 24.10 24.20 * 23.50 23.50 23.60 23.80 24.30 24.10 23.90 23.60 23.70 23.60 23.80 23.70 23.60 23.40 23.20 23.10 * 1
2018-01-16 17:32:09 23.70 23.40 23.20 23.80 26.40 24.30 23.70 23.80 23.80 23.90 24.00 24.00 23.80 23.90 24.00 24.00 * 23.20 23.30 23.50 23.70 24.10 23.90 23.70 23.50 23.60 23.60 23.70 23.60 23.50 23.30 23.10 23.00 * 1
2018-01-16 17:32:10 23.50 23.20 23.10 24.30 26.10 24.50 23.60 23.60 23.90 23.90 23.90 24.00 23.80 23.70 23.90 24.00 * 23.20 23.30 23.50 24.00 24.10 23.90 23.70 23.50 23.60 23.60 23.60 23.60 23.50 23.30 23.20 22.90 * 1
2018-01-16 17:32:10 23.60 23.40 24.90 25.40 26.10 24.60 24.50 23.80 24.00 24.00 24.00 24.00 23.80 23.70 23.90 24.10 * 23.40 23.50 23.60 24.20 24.20 24.20 23.90 23.60 23.70 23.70 23.60 23.70 23.60 23.50 23.20 23.10 * 1
2018-01-16 17:32:10 23.60 23.30 24.00 24.70 26.40 26.50 25.80 24.00 26.30 24.20 24.00 24.10 23.90 23.90 24.00 24.00 * 23.50 23.50 23.70 24.10 24.30 24.60 24.30 23.80 24.70 24.20 24.80 23.90 23.70 23.60 23.30 23.20 * 1
2018-01-16 17:32:10 23.70 23.30 23.20 23.70 24.90 26.00 25.50 24.20 25.20 24.10 24.00 24.00 23.90 23.80 24.00 24.00 * 23.40 23.50 23.70 24.00 24.40 25.00 25.00 24.50 25.70 24.80 26.10 23.90 23.70 23.60 23.20 23.20 * 1
2018-01-16 17:32:11 23.70 23.30 23.20 23.50 23.50 23.80 24.00 23.90 23.80 23.90 24.00 24.00 23.80 23.80 23.90 23.90 * 23.40 23.40 23.60 23.90 24.40 25.30 26.20 25.90 26.10 25.60 26.40 24.20 23.70 23.50 23.20 23.10 * 1
2018-01-16 17:32:11 23.70 23.30 23.10 23.40 23.50 23.80 23.60 23.70 23.80 23.80 24.00 23.90 23.80 23.80 23.90 23.90 * 23.50 23.40 23.60 23.90 24.30 25.30 26.40 26.20 26.50 26.40 27.30 26.30 24.10 23.70 23.50 23.30 * 1
2018-01-16 17:32:11 23.70 23.30 23.20 23.40 23.50 23.80 23.60 23.80 23.90 24.00 24.10 24.00 23.80 23.90 24.00 24.10 * 23.50 23.50 23.60 23.80 24.20 25.30 26.30 26.20 26.40 26.30 27.00 26.40 24.00 23.60 23.40 23.20 * 1
2018-01-16 17:32:11 23.60 23.10 23.00 23.30 23.40 23.60 23.50 23.70 23.80 23.80 24.00 23.90 23.70 23.80 23.90 23.90 * 23.30 23.40 23.60 23.80 24.10 25.10 26.10 26.10 26.30 26.30 26.80 26.50 23.90 23.60 23.30 23.10 * 1
2018-01-16 17:32:12 23.60 23.20 23.00 23.30 23.40 23.60 23.50 23.70 23.70 23.80 23.90 23.90 23.70 23.80 23.90 23.90 * 23.30 23.40 23.50 23.70 24.10 25.00 26.10 26.10 26.20 26.30 26.90 26.80 24.00 23.60 23.30 23.20 * 1
2018-01-16 17:32:12 23.60 23.20 23.10 23.30 23.40 23.60 23.50 23.70 23.80 23.80 23.90 23.90 23.80 23.80 23.90 24.00 * 23.40 23.50 23.60 23.80 24.20 25.20 26.20 26.20 26.20 26.20 26.90 27.00 24.00 23.60 23.30 23.20 * 1
2018-01-16 17:32:12 23.70 23.20 23.10 23.40 23.50 23.70 23.60 23.80 23.90 23.90 24.00 24.00 23.90 23.90 24.00 24.10 * 23.40 23.50 23.60 23.90 24.20 25.20 26.30 26.20 26.30 26.30 26.90 27.00 24.00 23.60 23.40 23.20 * 1
2018-01-16 17:32:12 23.60 23.20 23.10 23.30 23.40 23.70 23.60 23.70 23.80 23.90 24.00 23.90 23.80 23.80 23.90 24.00 * 23.30 23.30 23.50 23.70 24.00 25.00 26.10 26.00 26.30 26.30 26.90 27.00 24.00 23.60 23.30 23.20 * 1
2018-01-16 17:32:13 23.50 23.20 23.00 23.20 23.30 23.60 23.50 23.60 23.90 23.90 24.10 23.90 23.80 23.80 24.00 24.10 * 23.30 23.40 23.60 23.70 24.10 25.00 26.10 26.20 26.40 26.40 26.90 27.10 24.10 23.70 23.40 23.20 * 1
2018-01-16 17:32:13 23.60 23.20 23.00 23.30 23.40 23.70 23.60 23.70 24.00 24.10 24.10 24.00 24.00 24.00 24.10 24.10 * 23.50 23.60 23.70 23.80 24.10 25.10 26.20 26.40 26.40 26.50 26.90 27.20 24.10 23.70 23.40 23.20 * 1
2018-01-16 17:32:13 23.60 23.20 23.10 23.30 23.40 23.70 23.60 23.80 24.00 24.00 24.10 24.10 24.00 24.00 24.10 24.20 * 23.50 23.50 23.60 23.90 24.20 25.20 26.30 26.40 26.40 26.40 26.90 27.20 24.10 23.70 23.40 23.20 * 1
2018-01-16 17:32:14 23.60 23.20 23.20 23.30 23.40 23.60 23.60 23.70 23.90 23.90 24.00 24.00 23.90 23.90 24.00 24.10 * 23.30 23.40 23.50 23.70 24.10 25.10 26.10 26.20 26.50 26.50 26.90 27.20 24.10 23.70 23.40 23.20 * 1
2018-01-16 17:32:14 23.60 23.30 23.20 23.40 23.50 23.60 23.60 23.70 23.80 24.00 24.00 24.00 23.90 23.90 24.00 24.10 * 23.30 23.40 23.60 23.80 24.10 25.10 26.20 26.30 26.40 26.60 26.90 27.20 24.00 23.70 23.30 23.20 * 1
2018-01-16 17:32:14 23.60 23.30 23.20 23.40 23.50 23.60 23.60 23.80 23.90 24.00 24.10 24.00 23.90 23.90 24.00 24.20 * 23.30 23.40 23.60 23.80 24.20 25.20 26.20 26.40 26.50 26.60 26.90 27.30 24.10 23.70 23.40 23.20 * 1
2018-01-16 17:32:14 23.60 23.30 23.20 23.40 23.50 23.70 23.60 23.80 23.80 23.90 24.00 24.00 23.90 23.90 24.00 24.20 * 23.30 23.40 23.60 23.80 24.20 25.10 26.30 26.40 26.40 26.60 26.90 27.30 24.10 23.60 23.40 23.20 * 1
2018-01-16 17:32:15 23.70 23.40 23.20 23.50 23.60 23.80 23.60 23.80 23.80 23.90 24.00 24.00 23.90 23.90 24.00 24.10 * 23.40 23.40 23.60 23.80 24.20 25.10 26.20 26.30 26.40 26.70 26.80 27.30 24.10 23.60 23.30 23.20 * 1
2018-01-16 17:32:15 23.80 23.30 23.20 23.40 23.50 23.70 23.60 23.80 23.90 23.90 24.00 24.00 23.90 23.90 24.00 24.10 * 23.40 23.40 23.60 23.80 24.20 25.20 26.30 26.50 26.40 26.60 26.90 27.30 24.10 23.60 23.30 23.10 * 1
2018-01-16 17:32:15 23.70 23.40 23.10 23.40 23.50 23.80 23.70 23.80 23.90 23.90 24.00 24.00 23.90 23.90 24.00 24.10 * 23.50 23.50 23.60 23.80 24.20 25.20 26.40 26.60 26.40 26.70 27.00 27.20 24.00 23.60 23.30 23.10 * 1
2018-01-16 17:32:16 23.70 23.40 23.20 23.40 23.50 23.80 23.70 23.80 23.90 24.00 24.10 24.00 24.00 23.90 24.00 24.10 * 23.40 23.40 23.50 23.70 24.20 25.20 26.30 26.50 26.40 26.70 26.90 27.20 23.90 23.60 23.30 23.20 * 1
2018-01-16 17:32:16 23.60 23.30 23.20 23.40 23.50 23.70 23.60 23.80 23.80 23.90 24.00 24.00 24.00 23.90 23.90 24.10 * 23.30 23.40 23.60 23.80 24.20 25.20 26.20 26.50 26.40 26.60 26.90 27.10 23.90 23.60 23.30 23.10 * 1
2018-01-16 17:32:16 23.60 23.30 23.10 23.30 23.40 23.70 23.50 23.70 23.90 23.90 24.00 24.00 23.90 23.90 23.90 24.00 * 23.30 23.30 23.50 23.70 24.10 25.10 26.10 26.40 26.40 26.70 27.00 27.20 24.00 23.60 23.30 23.20 * 1
2018-01-16 17:32:16 23.60 23.30 23.10 23.30 23.40 23.70 23.50 23.80 23.90 24.00 24.10 24.00 23.80 23.90 24.00 24.10 * 23.40 23.30 23.50 23.80 24.10 25.10 26.20 26.40 26.50 26.70 26.90 27.30 23.90 23.60 23.40 23.10 * 1
2018-01-16 17:32:17 23.60 23.40 23.20 23.40 23.50 23.80 23.60 23.90 24.00 24.00 24.00 24.00 23.90 24.00 24.10 24.10 * 23.50 23.40 23.60 23.90 24.20 25.20 26.30 26.60 26.50 26.70 26.90 27.30 24.00 23.60 23.40 23.20 * 1
2018-01-16 17:32:17 23.60 23.40 23.20 23.40 23.50 23.70 23.60 23.80 23.80 23.90 24.00 23.90 23.90 23.80 23.90 23.90 * 23.40 23.40 23.50 23.80 24.20 25.10 26.30 26.50 26.40 26.60 26.90 27.20 23.90 23.60 23.30 23.20 * 1
2018-01-16 17:32:17 23.60 23.30 23.20 23.40 23.50 23.70 23.60 23.70 23.80 24.00 24.00 23.90 23.90 23.80 24.00 24.00 * 23.40 23.40 23.60 23.80 24.30 25.20 26.30 26.50 26.40 26.60 26.90 27.30 23.90 23.60 23.30 23.10 * 1
2018-01-16 17:32:17 23.60 23.20 23.10 23.40 23.40 23.70 23.60 23.80 23.90 24.00 24.10 23.90 23.80 23.90 24.00 24.10 * 23.50 23.50 23.70 23.90 24.40 25.20 26.30 26.60 26.50 26.70 26.90 27.20 23.90 23.60 23.30 23.10 * 1
2018-01-16 17:32:18 23.70 23.30 23.20 23.40 23.50 23.80 23.60 23.80 23.80 24.00 24.00 23.90 23.90 23.90 24.10 24.10 * 23.50 23.50 23.60 23.80 24.40 25.30 26.40 26.60 26.50 26.70 26.90 27.20 23.90 23.60 23.30 23.20 * 1
2018-01-16 17:32:18 23.60 23.30 23.10 23.30 23.50 23.70 23.60 23.70 23.90 23.90 24.00 23.90 23.80 23.90 24.00 24.00 * 23.30 23.40 23.50 23.70 24.20 25.20 26.20 26.40 26.40 26.70 26.90 27.20 23.90 23.60 23.30 23.10 * 1
2018-01-16 17:32:18 23.60 23.30 23.10 23.30 23.50 23.60 23.60 23.70 23.90 23.80 24.00 23.90 23.80 23.80 23.90 24.00 * 23.30 23.30 23.50 23.70 24.20 25.10 26.30 26.50 26.30 26.60 26.80 27.20 23.90 23.50 23.20 23.10 * 1
2018-01-16 17:32:18 23.60 23.30 23.10 23.30 23.40 23.70 23.60 23.70 23.80 23.80 24.00 23.90 23.80 23.80 23.90 24.00 * 23.40 23.30 23.50 23.70 24.20 25.10 26.20 26.50 26.40 26.60 26.90 27.30 23.90 23.60 23.20 23.20 * 1
2018-01-16 17:32:19 23.70 23.40 23.20 23.40 23.50 23.80 23.70 23.70 23.90 24.00 24.00 24.00 23.90 23.80 24.00 24.00 * 23.30 23.40 23.60 23.60 24.30 25.10 26.20 26.50 26.40 26.60 26.90 27.30 24.00 23.60 23.30 23.20 * 1
2018-01-16 17:32:19 23.70 23.40 23.20 23.40 23.50 23.80 23.70 23.70 23.80 23.90 23.90 23.90 23.80 23.80 23.90 23.90 * 23.40 23.50 23.70 23.80 24.40 25.10 26.30 26.50 26.40 26.70 26.90 27.30 24.00 23.60 23.30 23.10 * 1
2018-01-16 17:32:19 23.60 23.30 23.10 23.30 23.50 23.70 23.60 23.70 23.80 23.90 24.00 23.90 23.80 23.80 23.90 23.90 * 23.20 23.30 23.50 23.70 24.30 25.10 26.20 26.40 26.30 26.60 27.00 27.20 24.00 23.60 23.30 23.10 * 1
2018-01-16 17:32:20 23.60 23.20 23.10 23.30 23.40 23.60 23.60 23.80 23.90 23.90 24.00 23.90 23.90 23.90 23.90 24.00 * 23.30 23.40 23.50 23.70 24.30 25.10 26.20 26.40 26.40 26.60 26.90 27.20 24.00 23.60 23.30 23.10 * 1
2018-01-16 17:32:20 23.60 23.20 23.10 23.40 23.50 23.60 23.60 23.80 23.90 23.80 24.00 23.90 23.80 23.80 23.90 24.00 * 23.30 23.40 23.50 23.70 24.30 25.10 26.20 26.50 26.40 26.70 26.90 27.30 24.30 23.60 23.30 23.10 * 1
2018-01-16 17:32:20 23.70 23.30 23.10 23.40 23.50 23.70 23.60 23.80 23.80 23.80 23.90 23.90 23.80 23.80 23.90 24.00 * 23.30 23.40 23.50 23.70 24.30 25.10 26.20 26.40 26.30 26.60 26.80 27.30 24.40 23.60 23.20 23.10 * 1
2018-01-16 17:32:20 23.60 23.20 23.10 23.30 23.50 23.60 23.50 23.70 23.80 23.90 24.00 23.90 23.90 23.90 24.00 24.00 * 23.30 23.30 23.40 23.70 24.30 25.00 26.20 26.40 26.40 26.70 26.90 27.40 24.30 23.60 23.20 23.20 * 1
2018-01-16 17:32:21 23.40 23.10 22.90 23.20 23.30 23.50 23.40 23.60 23.80 23.80 23.90 23.90 23.90 23.90 23.90 24.00 * 23.40 23.50 23.60 23.80 24.40 25.20 26.30 26.50 26.40 26.70 27.00 27.40 24.20 23.60 23.20 23.10 * 1
2018-01-16 17:32:21 23.50 23.10 23.00 23.20 23.30 23.50 23.50 23.60 23.90 23.90 24.00 24.00 24.00 24.00 24.00 24.00 * 23.50 23.50 23.70 23.90 24.40 25.20 26.30 26.60 26.40 26.60 27.00 27.40 24.10 23.60 23.30 23.10 * 1
2018-01-16 17:32:21 23.60 23.20 23.10 23.30 23.40 23.60 23.60 23.70 23.80 24.00 24.00 24.00 23.90 24.00 24.10 24.10 * 23.40 23.40 23.50 23.70 24.30 25.10 26.30 26.50 26.30 26.50 26.90 27.30 24.00 23.50 23.20 23.00 * 1
2018-01-16 17:32:21 23.50 23.30 23.10 23.30 23.40 23.60 23.60 23.80 23.80 24.00 24.00 24.00 23.90 23.90 24.10 24.00 * 23.20 23.30 23.50 23.70 24.30 25.10 26.20 26.40 26.30 26.60 26.80 27.30 24.00 23.50 23.10 23.00 * 1
2018-01-16 17:32:22 23.60 23.30 23.20 23.40 23.40 23.70 23.60 23.70 23.90 24.00 24.10 24.00 23.90 23.90 24.00 24.00 * 23.20 23.40 23.50 23.70 24.30 25.10 26.20 26.40 26.40 26.70 26.90 27.30 24.00 23.60 23.20 23.10 * 1
2018-01-16 17:32:22 23.60 23.40 23.20 23.40 23.50 23.80 23.60 23.70 24.00 24.00 24.10 24.10 24.00 24.00 24.00 24.00 * 23.20 23.30 23.60 23.80 24.30 25.10 26.20 26.50 26.40 26.70 26.80 26.20 23.90 23.50 23.20 23.00 * 1
2018-01-16 17:32:22 23.60 23.30 23.20 23.40 23.50 23.80 23.60 23.70 23.70 23.80 24.00 23.90 23.90 23.80 23.90 24.00 * 23.20 23.30 23.50 23.70 24.20 25.10 26.20 26.50 26.30 26.70 26.10 24.60 23.70 23.50 23.10 22.90 * 1
2018-01-16 17:32:22 23.70 23.30 23.20 23.40 23.50 23.70 23.60 23.70 23.80 23.90 24.00 24.00 23.90 23.90 23.90 24.00 * 23.20 23.40 23.50 23.70 24.20 25.20 26.10 26.50 26.20 26.70 25.30 24.00 23.70 23.50 23.10 23.00 * 1
2018-01-16 17:32:23 23.60 23.30 23.10 23.30 23.50 23.60 23.50 23.80 23.80 23.80 24.00 23.90 23.90 23.90 24.00 24.00 * 23.30 23.40 23.60 23.80 24.50 25.30 25.80 26.10 25.80 26.20 24.70 23.90 23.60 23.40 23.10 23.00 * 1
2018-01-16 17:32:23 23.70 23.30 23.20 23.40 23.50 23.80 23.70 23.80 23.90 23.90 24.00 24.00 23.90 23.90 24.00 24.00 * 23.20 23.40 23.50 23.80 24.70 25.10 25.70 26.00 25.60 26.00 24.50 23.80 23.60 23.40 23.10 23.00 * 1
2018-01-16 17:32:23 23.60 23.30 23.20 23.40 23.60 24.00 24.00 23.90 25.50 24.10 24.00 23.90 24.00 23.90 24.00 24.10 * 23.20 23.30 23.50 23.90 25.00 25.00 25.60 25.40 25.40 24.60 24.10 23.80 23.50 23.30 23.10 22.90 * 1
2018-01-16 17:32:24 23.60 23.30 23.20 23.50 24.90 26.30 25.60 24.10 26.20 24.00 24.00 23.90 24.00 23.90 24.00 24.10 * 23.30 23.40 23.60 24.10 25.30 24.80 25.40 24.50 24.60 23.80 23.90 23.80 23.50 23.40 23.10 22.90 * 1
