2018-01-16 16:21:48 24.20 24.90 26.60 27.00 27.10 23.90 23.70 23.70 24.00 23.90 24.10 24.10 24.00 24.10 24.10 23.90 * 23.30 23.60 23.70 23.90 24.40 25.70 23.90 23.40 23.60 23.30 23.40 23.50 23.40 23.40 23.20 23.10 * 0
2018-01-16 16:21:49 24.00 24.20 26.00 26.90 27.10 24.00 23.60 23.70 24.00 23.90 24.10 24.00 24.00 24.00 24.10 23.90 * 23.20 23.50 23.60 23.70 23.80 24.80 23.60 23.20 23.40 23.20 23.30 23.30 23.30 23.30 23.10 23.00 * 0
2018-01-16 16:21:49 23.90 24.00 25.20 26.70 27.00 24.80 23.60 23.70 24.00 23.90 24.10 24.00 24.00 24.00 24.10 23.90 * 23.10 23.40 23.50 23.60 23.50 24.20 23.60 23.20 23.50 23.30 23.40 23.40 23.40 23.30 23.20 23.10 * 0
2018-01-16 16:21:49 23.90 23.90 24.20 26.10 27.00 25.60 23.70 23.70 24.10 23.90 24.10 24.10 24.00 24.00 24.00 23.90 * 23.10 23.40 23.60 23.60 23.50 24.00 23.80 23.20 23.60 23.20 23.30 23.40 23.30 23.20 23.20 23.00 * 0
2018-01-16 16:21:49 23.80 23.80 23.40 24.00 26.50 26.10 23.70 23.60 24.00 23.90 24.00 24.00 24.00 24.00 24.00 23.90 * 23.20 23.50 23.60 23.70 23.60 23.60 24.10 23.40 23.70 23.30 23.20 23.40 23.30 23.20 23.10 23.00 * 0
2018-01-16 16:21:50 23.80 23.80 23.40 23.80 26.00 26.10 23.70 23.60 23.90 23.90 24.00 24.00 24.00 24.00 24.10 23.80 * 23.30 23.60 23.60 23.70 23.60 23.60 24.10 23.30 23.70 23.30 23.20 23.40 23.30 23.20 23.10 23.10 * 0
2018-01-16 16:21:50 23.80 23.90 23.40 23.80 25.70 26.40 23.70 23.60 24.10 23.90 24.00 24.10 24.10 24.00 24.00 23.90 * 23.20 23.60 23.70 23.70 23.50 23.50 24.00 23.40 23.70 23.90 23.40 23.40 23.40 23.30 23.10 23.10 * 0
2018-01-16 16:21:50 23.80 23.80 23.30 23.60 25.10 26.50 23.80 23.60 24.30 23.80 24.00 24.00 24.00 24.00 24.00 23.80 * 23.10 23.30 23.50 23.50 23.40 23.40 23.90 23.60 23.70 24.00 23.30 23.40 23.30 23.30 23.10 23.00 * 0
2018-01-16 16:21:51 23.70 23.70 23.30 23.40 24.90 26.20 24.00 23.60 24.60 23.80 24.00 24.00 24.00 24.00 24.00 23.80 * 23.10 23.30 23.40 23.50 23.40 23.40 23.80 23.70 23.60 24.00 23.30 23.40 23.40 23.30 23.20 23.10 * 0
2018-01-16 16:21:51 23.70 23.70 23.30 23.40 24.50 25.80 24.10 23.60 24.70 23.90 24.00 24.00 24.00 24.00 24.00 23.80 * 23.10 23.40 23.60 23.60 23.50 23.40 23.60 23.70 23.50 24.10 23.40 23.50 23.50 23.40 23.20 23.20 * 0
2018-01-16 16:21:51 23.80 23.80 23.30 23.30 24.00 25.70 24.20 23.60 24.80 23.90 24.10 24.10 24.00 24.00 24.10 23.90 * 23.20 23.50 23.60 23.60 23.50 23.50 23.50 23.80 23.50 24.20 23.50 23.50 23.50 23.40 23.20 23.20 * 0
2018-01-16 16:21:51 23.70 23.70 23.20 23.30 23.70 25.70 24.30 23.50 24.80 23.80 24.00 24.10 24.00 24.00 24.00 23.80 * 23.20 23.50 23.60 23.60 23.50 23.50 23.60 23.90 23.50 24.20 23.40 23.40 23.40 23.30 23.10 23.10 * 0
2018-01-16 16:21:52 23.60 23.60 23.20 23.40 23.60 25.70 24.10 23.50 24.70 23.80 24.00 24.10 24.00 23.90 24.00 23.80 * 23.20 23.60 23.60 23.60 23.60 23.50 24.00 23.90 23.70 24.10 23.50 23.40 23.30 23.30 23.10 23.00 * 0
2018-01-16 16:21:52 23.60 23.70 23.30 23.60 23.80 25.70 24.00 23.50 24.50 23.80 24.00 24.10 24.00 24.00 24.00 23.90 * 23.30 23.60 23.70 23.70 23.60 23.70 24.40 24.00 24.10 24.00 23.40 23.40 23.30 23.30 23.10 23.00 * 0
2018-01-16 16:21:52 23.80 23.80 23.40 23.80 24.50 25.80 23.90 23.70 24.20 24.00 24.20 24.10 24.10 24.10 24.10 24.00 * 23.30 23.50 23.70 23.80 23.60 23.70 24.40 23.90 24.30 24.00 23.40 23.40 23.30 23.30 23.10 23.00 * 0
2018-01-16 16:21:52 23.80 23.80 23.50 24.40 25.20 25.60 23.60 23.60 24.00 23.90 24.10 24.00 24.10 24.00 24.10 24.00 * 23.20 23.50 23.60 23.60 23.60 24.00 24.50 23.50 24.30 23.40 23.40 23.40 23.30 23.20 23.10 23.10 * 0
2018-01-16 16:21:53 23.70 23.80 23.80 25.00 25.50 24.90 23.40 23.50 24.00 23.90 24.10 24.00 24.00 24.00 24.10 23.90 * 23.20 23.50 23.60 23.60 23.60 24.60 24.40 23.40 24.20 23.30 23.40 23.50 23.40 23.30 23.20 23.10 * 0
2018-01-16 16:21:53 23.70 23.80 24.30 25.40 26.00 24.20 23.40 23.50 23.90 23.90 24.10 24.00 24.00 24.00 24.00 23.90 * 23.20 23.40 23.60 23.60 23.60 24.90 24.30 23.30 24.20 23.30 23.40 23.50 23.40 23.40 23.30 23.20 * 0
2018-01-16 16:21:53 23.80 24.00 24.60 25.50 26.20 24.00 23.50 23.60 23.90 23.90 24.10 24.00 24.00 24.00 24.00 23.80 * 23.30 23.50 23.70 23.70 23.70 24.90 24.30 23.40 24.20 23.30 23.50 23.50 23.40 23.30 23.30 23.20 * 0
2018-01-16 16:21:53 23.90 24.10 25.00 25.60 26.20 23.90 23.50 23.60 23.80 23.80 24.00 24.00 23.90 24.00 24.00 23.80 * 23.20 23.50 23.70 23.60 23.60 24.70 24.20 23.30 24.10 23.30 23.50 23.50 23.40 23.30 23.20 23.10 * 0
2018-01-16 16:21:54 23.80 24.10 25.30 26.40 26.20 23.80 23.50 23.50 23.80 23.80 24.00 24.00 24.00 24.00 24.00 23.80 * 23.20 23.50 23.60 23.60 23.50 24.60 23.70 23.20 23.70 23.30 23.40 23.50 23.40 23.30 23.20 23.10 * 0
2018-01-16 16:21:54 23.80 24.00 25.10 27.00 26.10 23.70 23.50 23.50 23.80 23.80 24.00 24.00 24.00 24.00 24.00 23.90 * 23.30 23.60 23.70 23.70 23.60 24.70 23.70 23.30 23.70 23.40 23.50 23.50 23.50 23.40 23.30 23.20 * 0
2018-01-16 16:21:54 23.80 24.00 25.00 26.80 26.50 23.70 23.50 23.60 23.90 23.80 24.10 24.00 24.00 24.00 24.00 23.90 * 23.40 23.60 23.70 23.80 23.60 24.80 23.70 23.40 23.80 23.40 23.60 23.60 23.60 23.50 23.40 23.30 * 0
2018-01-16 16:21:55 23.80 24.00 24.80 25.70 26.90 24.10 23.50 23.60 24.00 23.90 24.10 24.10 24.00 24.00 24.00 23.90 * 23.30 23.50 23.60 23.70 23.60 24.50 23.80 23.30 23.80 23.30 23.50 23.60 23.50 23.40 23.30 23.20 * 0
2018-01-16 16:21:55 23.80 24.00 24.20 25.40 26.70 25.00 23.50 23.50 23.90 23.80 24.10 24.00 24.00 24.00 24.00 23.80 * 23.30 23.60 23.70 23.70 23.60 24.20 24.10 23.40 24.00 23.50 23.40 23.40 23.40 23.30 23.20 23.00 * 0
2018-01-16 16:21:55 23.90 24.00 23.70 25.20 26.40 25.80 23.60 23.60 23.90 23.80 24.00 24.00 24.00 24.00 24.00 23.80 * 23.40 23.50 23.70 23.80 23.70 24.10 24.50 23.60 24.20 23.80 23.50 23.60 23.50 23.50 23.30 23.10 * 0
2018-01-16 16:21:55 24.00 24.10 23.80 24.00 25.90 26.40 23.80 23.70 24.10 23.80 24.00 24.00 24.10 24.00 24.00 23.80 * 23.30 23.50 23.60 23.70 23.50 23.70 24.30 23.50 24.10 23.90 23.50 23.60 23.50 23.40 23.30 23.10 * 0
2018-01-16 16:21:56 24.00 24.00 23.70 23.50 24.40 26.60 24.40 23.70 24.80 23.90 24.00 24.00 24.00 24.00 24.00 23.90 * 23.10 23.40 23.50 23.60 23.40 23.50 24.10 23.50 23.80 23.80 23.90 23.50 23.40 23.30 23.20 23.00 * 0
2018-01-16 16:21:56 23.80 23.90 23.70 23.40 23.50 25.70 25.50 23.80 25.90 23.90 23.90 24.00 24.00 24.00 24.00 23.90 * 23.10 23.40 23.50 23.60 23.50 23.50 24.10 23.50 23.80 23.80 24.50 23.70 23.40 23.30 23.30 23.20 * 0
2018-01-16 16:21:56 23.80 23.90 23.60 23.40 23.40 24.40 25.90 24.20 25.30 25.40 24.30 24.00 24.10 24.00 24.00 23.90 * 23.10 23.40 23.60 23.60 23.50 23.50 23.70 23.40 23.50 23.70 24.70 24.40 23.80 23.50 23.50 23.40 * 0
2018-01-16 16:21:56 23.70 23.90 23.60 23.40 23.20 23.50 24.00 25.40 24.50 25.90 24.60 24.10 24.10 24.00 24.00 23.90 * 23.30 23.50 23.60 23.70 23.60 23.50 23.40 23.20 23.50 23.60 24.40 24.50 24.50 23.60 23.50 23.40 * 0
2018-01-16 16:21:57 23.70 23.80 23.60 23.30 23.20 23.50 23.50 25.10 24.10 25.40 25.40 24.30 24.00 24.00 24.00 23.80 * 23.20 23.40 23.60 23.60 23.50 23.50 23.30 23.20 23.30 23.50 23.80 23.90 24.80 23.60 23.40 23.30 * 0
2018-01-16 16:21:57 23.70 23.80 23.50 23.40 23.20 23.40 23.40 24.00 23.90 24.30 26.30 24.90 24.10 24.00 24.00 23.80 * 23.20 23.40 23.60 23.60 23.40 23.50 23.30 23.10 23.20 23.30 23.40 23.60 24.70 23.80 23.40 23.10 * 0
2018-01-16 16:21:57 23.70 23.80 23.50 23.40 23.20 23.40 23.40 23.50 24.00 23.90 24.60 26.30 24.70 24.20 24.10 23.90 * 23.20 23.40 23.60 23.60 23.40 23.50 23.30 23.10 23.20 23.30 23.50 23.60 24.00 24.00 23.60 23.20 * 0
2018-01-16 16:21:57 23.70 23.90 23.60 23.40 23.30 23.50 23.50 23.50 23.90 23.80 24.10 25.40 25.50 24.20 24.00 23.90 * 23.20 23.40 23.60 23.60 23.50 23.50 23.30 23.20 23.20 23.30 23.50 23.50 23.50 24.00 23.90 23.20 * 0
2018-01-16 16:21:58 23.70 23.90 23.70 23.40 23.30 23.50 23.50 23.60 23.80 23.80 24.00 24.40 25.80 24.30 24.00 23.90 * 23.20 23.40 23.50 23.60 23.50 23.50 23.30 23.20 23.20 23.30 23.40 23.50 23.40 23.70 24.20 23.30 * 0
2018-01-16 16:21:58 23.80 23.90 23.70 23.50 23.40 23.60 23.50 23.70 23.90 23.90 24.10 24.10 25.80 24.50 24.00 23.90 * 23.20 23.40 23.50 23.60 23.50 23.50 23.30 23.10 23.20 23.30 23.40 23.50 23.40 23.50 24.30 23.30 * 0
2018-01-16 16:21:58 23.80 23.90 23.60 23.50 23.30 23.60 23.50 23.60 24.00 23.90 24.10 24.10 25.80 24.90 24.10 24.00 * 23.30 23.50 23.60 23.60 23.50 23.50 23.40 23.20 23.30 23.30 23.50 23.60 23.40 23.60 24.20 23.40 * 0
2018-01-16 16:21:59 23.90 23.90 23.70 23.50 23.40 23.60 23.60 23.70 24.10 24.00 24.20 24.20 26.10 24.80 24.10 24.00 * 23.20 23.50 23.60 23.70 23.60 23.60 23.50 23.20 23.30 23.40 23.50 23.60 23.50 23.80 24.10 23.40 * 0
2018-01-16 16:21:59 23.80 23.90 23.70 23.40 23.30 23.50 23.50 23.70 24.00 24.00 24.20 24.40 26.50 24.50 24.10 24.00 * 23.30 23.50 23.60 23.70 23.60 23.60 23.40 23.20 23.20 23.30 23.50 23.50 23.40 23.80 24.00 23.20 * 0
2018-01-16 16:21:59 23.70 23.80 23.60 23.30 23.30 23.50 23.40 23.50 24.00 24.00 24.10 25.00 26.20 24.30 24.10 23.90 * 23.30 23.50 23.60 23.70 23.60 23.60 23.30 23.20 23.30 23.30 23.50 23.60 23.50 24.40 23.80 23.30 * 0
2018-01-16 16:21:59 23.70 23.90 23.60 23.40 23.30 23.50 23.40 23.50 24.00 23.90 24.70 26.30 24.90 24.20 24.20 24.00 * 23.20 23.40 23.60 23.60 23.50 23.50 23.20 23.10 23.30 23.40 23.50 23.60 23.50 24.90 23.50 23.30 * 0
2018-01-16 16:22:00 23.70 23.90 23.70 23.40 23.40 23.60 23.50 23.60 24.00 24.00 25.60 26.10 24.40 24.10 24.10 23.90 * 23.30 23.60 23.60 23.70 23.50 23.50 23.40 23.30 23.40 23.50 23.60 24.20 24.00 24.80 23.40 23.30 * 0
2018-01-16 16:22:00 23.70 23.90 23.60 23.40 23.30 23.50 23.50 23.70 24.00 24.10 26.20 25.50 24.00 24.00 24.00 23.80 * 23.20 23.50 23.60 23.60 23.50 23.50 23.40 23.20 23.30 23.40 23.60 24.90 23.70 24.50 23.30 23.20 * 0
2018-01-16 16:22:00 23.80 24.00 23.70 23.40 23.40 23.60 23.50 24.50 24.10 24.90 26.20 24.60 24.00 24.00 24.00 23.80 * 23.20 23.50 23.60 23.60 23.60 23.60 23.40 23.20 23.30 23.40 23.70 25.20 23.90 23.80 23.30 23.20 * 0
2018-01-16 16:22:00 23.90 24.00 23.70 23.40 23.40 23.60 24.00 25.20 24.30 25.60 25.50 24.20 24.00 24.00 24.00 23.90 * 23.20 23.50 23.60 23.70 23.60 23.60 23.40 23.30 23.40 24.00 24.10 25.00 23.60 23.50 23.40 23.30 * 0
2018-01-16 16:22:01 23.90 24.00 23.70 23.40 23.30 23.70 24.70 25.00 25.00 25.40 24.20 24.10 24.00 24.10 24.10 23.90 * 23.30 23.60 23.60 23.70 23.60 23.60 23.50 24.10 23.30 24.40 23.70 24.20 23.50 23.40 23.30 23.20 * 0
2018-01-16 16:22:01 23.80 23.90 23.60 23.40 23.30 24.30 25.50 24.30 25.70 24.40 24.10 24.10 24.00 24.10 24.00 23.90 * 23.30 23.50 23.60 23.70 23.60 23.60 23.60 24.20 23.60 24.60 23.70 23.60 23.50 23.40 23.30 23.20 * 0
2018-01-16 16:22:01 23.70 23.90 23.60 23.40 23.50 25.60 25.50 23.90 25.70 23.90 24.20 24.10 24.00 24.10 24.00 23.90 * 23.30 23.60 23.60 23.70 23.60 23.80 23.80 24.30 24.00 24.70 23.60 23.60 23.60 23.40 23.30 23.30 * 0
2018-01-16 16:22:01 23.70 23.80 23.60 23.40 24.40 26.10 24.40 23.70 24.90 23.90 24.10 24.00 24.00 24.00 24.00 23.90 * 23.30 23.60 23.60 23.80 23.60 24.10 24.10 24.00 24.20 24.20 23.60 23.60 23.50 23.40 23.30 23.30 * 0
2018-01-16 16:22:02 23.70 23.80 23.60 23.50 25.50 25.70 23.70 23.60 24.00 24.00 24.20 24.20 24.00 24.10 24.10 23.90 * 23.30 23.50 23.70 23.70 23.60 24.10 24.30 23.60 24.00 23.30 23.40 23.40 23.40 23.30 23.20 23.10 * 0
2018-01-16 16:22:02 23.70 23.80 23.70 24.70 25.50 23.70 23.50 23.50 23.90 24.00 24.10 24.10 24.00 24.00 24.10 23.90 * 23.30 23.50 23.60 23.70 23.60 24.30 24.00 23.30 24.00 23.30 23.40 23.40 23.40 23.30 23.20 23.10 * 0
2018-01-16 16:22:02 23.70 24.00 24.70 25.90 25.70 23.70 23.40 23.50 23.80 23.90 24.10 24.10 24.00 24.10 24.10 23.90 * 23.30 23.50 23.60 23.70 23.60 24.30 24.10 23.30 24.10 23.40 23.50 23.50 23.50 23.40 23.30 23.10 * 0
2018-01-16 16:22:03 23.80 24.20 26.00 26.70 25.90 23.80 23.50 23.60 23.90 23.90 24.10 24.10 24.00 24.10 24.10 23.90 * 23.20 23.50 23.60 23.70 23.60 24.20 24.10 23.40 24.20 23.50 23.60 23.70 23.60 23.50 23.40 23.20 * 0
2018-01-16 16:22:03 23.90 24.60 26.60 26.80 25.20 23.70 23.50 23.60 24.00 23.90 24.20 24.10 24.00 24.10 24.10 23.90 * 23.30 23.60 23.70 23.70 23.60 24.20 24.10 23.40 24.00 23.40 23.60 23.60 23.60 23.40 23.40 23.20 * 0
2018-01-16 16:22:03 23.90 24.90 26.50 25.40 23.50 23.50 23.50 23.50 23.90 23.80 24.00 24.10 23.90 24.00 24.00 23.80 * 23.20 23.60 23.70 23.70 23.60 24.30 24.00 23.40 24.10 23.40 23.50 23.60 23.50 23.40 23.30 23.20 * 0
2018-01-16 16:22:03 23.90 24.90 26.50 25.00 23.30 23.50 23.40 23.50 23.90 23.80 24.00 24.00 23.90 24.00 24.00 23.80 * 23.30 23.50 23.70 23.70 23.60 24.40 24.00 23.30 24.00 23.30 23.40 23.50 23.40 23.40 23.20 23.10 * 0
2018-01-16 16:22:04 23.90 25.00 26.50 25.00 23.30 23.50 23.40 23.50 23.80 23.80 24.00 24.00 23.90 24.00 24.00 23.80 * 23.30 23.40 23.60 23.60 23.60 24.40 23.90 23.20 24.10 23.40 23.50 23.60 23.50 23.50 23.30 23.20 * 0
2018-01-16 16:22:04 24.00 25.10 26.50 25.00 23.40 23.60 23.50 23.70 23.80 23.90 24.00 24.00 24.00 24.00 24.10 23.80 * 23.20 23.40 23.60 23.60 23.60 24.40 23.90 23.30 24.10 23.40 23.60 23.60 23.60 23.50 23.40 23.20 * 0
2018-01-16 16:22:04 24.00 25.10 26.60 25.10 23.40 23.60 23.50 23.70 23.80 23.80 24.00 24.00 24.00 24.00 24.00 23.80 * 23.10 23.50 23.60 23.60 23.60 24.50 24.00 23.30 24.10 23.40 23.50 23.60 23.60 23.50 23.40 23.20 * 0
2018-01-16 16:22:04 23.90 25.10 26.50 25.10 23.40 23.60 23.50 23.50 23.80 23.70 24.00 24.00 24.00 24.00 23.90 23.80 * 23.40 23.60 23.60 23.60 23.60 24.40 24.00 23.40 24.00 23.40 23.60 23.60 23.50 23.30 23.30 23.20 * 0
2018-01-16 16:22:05 24.00 25.10 26.80 25.60 23.50 23.60 23.50 23.50 23.80 23.70 24.10 24.00 24.00 24.00 23.90 23.80 * 23.40 23.60 23.70 23.70 23.60 24.30 24.00 23.40 24.00 23.40 23.60 23.60 23.50 23.40 23.40 23.30 * 0
2018-01-16 16:22:05 24.00 24.70 26.80 26.60 24.10 23.70 23.60 23.70 24.00 23.80 24.10 24.10 24.10 24.10 24.00 23.90 * 23.40 23.60 23.70 23.80 23.60 24.50 24.00 23.40 23.90 23.30 23.40 23.50 23.40 23.40 23.30 23.20 * 0
2018-01-16 16:22:05 23.90 24.30 25.70 26.80 25.20 23.90 23.60 23.70 24.00 23.90 24.10 24.10 24.10 24.10 24.10 24.00 * 23.30 23.50 23.60 23.70 23.60 24.60 23.90 23.40 23.80 23.20 23.40 23.50 23.40 23.30 23.20 23.10 * 0
2018-01-16 16:22:05 23.70 23.90 24.20 25.50 26.10 24.50 23.50 23.50 24.50 23.90 24.10 24.00 23.90 24.00 24.00 23.90 * 23.30 23.50 23.60 23.60 23.60 24.50 23.90 23.50 23.80 23.60 24.20 23.50 23.40 23.30 23.20 23.10 * 0
2018-01-16 16:22:06 23.60 23.80 23.50 23.30 24.60 26.10 24.80 23.70 25.60 23.90 24.10 24.10 24.00 24.00 24.00 23.80 * 23.30 23.60 23.70 23.70 23.60 24.00 23.70 23.60 23.60 23.50 24.90 23.70 23.50 23.40 23.20 23.20 * 0
2018-01-16 16:22:06 23.70 23.80 23.50 23.30 23.30 24.70 25.70 24.60 26.00 24.80 24.20 24.10 24.00 24.10 24.00 23.80 * 23.30 23.50 23.70 23.70 23.60 23.50 23.50 23.40 23.40 23.60 25.00 24.20 23.90 23.40 23.30 23.30 * 0
2018-01-16 16:22:06 23.70 23.90 23.60 23.30 23.30 23.60 24.80 25.50 25.00 25.90 24.60 24.10 23.90 24.00 24.00 23.80 * 23.20 23.50 23.60 23.60 23.50 23.50 23.30 23.30 23.30 23.50 24.60 24.20 24.70 23.40 23.30 23.20 * 0
2018-01-16 16:22:06 23.80 24.00 23.60 23.40 23.30 23.60 23.70 25.30 23.90 24.40 26.10 25.60 24.00 24.00 23.90 23.70 * 23.10 23.40 23.50 23.60 23.50 23.50 23.30 23.10 23.20 23.30 23.80 23.90 25.30 23.40 23.20 23.20 * 0
2018-01-16 16:22:07 23.70 23.90 23.60 23.30 23.30 23.50 23.40 23.60 23.90 23.90 25.40 26.40 24.10 24.00 24.00 23.80 * 23.30 23.50 23.70 23.70 23.60 23.50 23.40 23.20 23.30 23.30 23.50 23.60 25.30 23.80 24.30 23.40 * 0
2018-01-16 16:22:07 23.70 23.80 23.50 23.20 23.30 23.40 23.40 23.50 23.90 23.80 24.40 26.00 25.20 24.10 24.10 23.90 * 23.40 23.60 23.70 23.80 23.60 23.60 23.50 23.30 23.30 23.30 23.50 23.50 24.30 23.70 24.50 23.40 * 0
2018-01-16 16:22:07 23.60 23.80 23.40 23.20 23.20 23.40 23.40 23.40 24.00 23.90 24.10 24.80 26.00 24.80 24.10 23.90 * 23.30 23.50 23.60 23.70 23.60 23.50 23.30 23.20 23.20 23.20 23.40 23.40 23.40 23.50 24.50 23.50 * 0
2018-01-16 16:22:08 23.60 23.80 23.40 23.20 23.10 23.30 23.30 23.40 23.90 23.90 24.00 24.10 24.30 25.90 25.00 24.00 * 23.20 23.50 23.60 23.70 23.50 23.50 23.40 23.20 23.20 23.20 23.30 23.40 23.30 23.30 24.40 23.70 * 0
2018-01-16 16:22:08 23.70 23.90 23.50 23.30 23.20 23.50 23.40 23.50 23.90 23.90 24.10 24.10 24.00 25.40 25.50 24.10 * 23.20 23.40 23.50 23.50 23.40 23.40 23.30 23.10 23.20 23.20 23.40 23.40 23.40 23.20 23.50 23.70 * 0
2018-01-16 16:22:08 23.60 23.80 23.50 23.30 23.20 23.40 23.40 23.50 24.00 23.90 24.10 24.10 24.10 25.20 25.90 24.50 * 23.20 23.40 23.50 23.60 23.50 23.50 23.40 23.10 23.20 23.20 23.40 23.40 23.40 23.30 23.20 23.60 * 0
2018-01-16 16:22:08 23.70 23.80 23.60 23.30 23.20 23.40 23.40 23.40 23.90 23.90 24.10 24.10 24.10 25.40 26.00 25.00 * 23.20 23.40 23.50 23.60 23.40 23.50 23.30 23.10 23.20 23.20 23.40 23.40 23.40 23.30 23.20 23.30 * 0
2018-01-16 16:22:09 23.70 23.80 23.60 23.30 23.20 23.40 23.40 23.40 23.90 23.90 24.10 24.10 24.00 25.30 25.90 25.30 * 23.20 23.40 23.50 23.50 23.40 23.40 23.30 23.10 23.20 23.20 23.40 23.50 23.40 23.30 23.20 23.20 * 0
2018-01-16 16:22:09 23.70 23.90 23.50 23.30 23.20 23.40 23.40 23.50 23.90 23.80 24.10 24.00 24.00 25.80 25.90 26.20 * 23.30 23.60 23.60 23.70 23.50 23.60 23.40 23.30 23.30 23.40 23.50 23.60 23.50 23.50 23.40 23.30 * 0
2018-01-16 16:22:09 23.70 23.90 23.60 23.40 23.20 23.50 23.50 23.60 23.80 23.80 24.10 24.00 24.00 26.10 25.90 25.90 * 23.40 23.60 23.70 23.70 23.60 23.60 23.50 23.30 23.20 23.30 23.40 23.50 23.30 23.40 23.30 23.20 * 0
2018-01-16 16:22:10 23.80 24.00 23.60 23.40 23.30 23.50 23.50 23.60 23.80 23.80 24.10 24.00 24.00 25.90 25.70 25.70 * 23.30 23.50 23.60 23.60 23.50 23.50 23.40 23.20 23.20 23.30 23.40 23.50 23.30 23.30 23.20 23.60 * 0
2018-01-16 16:22:10 23.80 23.90 23.50 23.40 23.30 23.50 23.40 23.60 23.90 23.80 24.10 24.10 25.30 26.00 25.90 25.90 * 23.20 23.40 23.60 23.60 23.40 23.50 23.30 23.10 23.20 23.30 23.40 23.50 23.80 24.90 25.20 23.80 * 0
2018-01-16 16:22:10 23.70 23.90 23.50 23.30 23.20 23.50 23.40 23.50 23.80 23.80 24.10 24.50 26.20 25.80 25.90 26.30 * 23.30 23.60 23.70 23.70 23.60 23.50 23.40 23.30 23.20 23.30 23.50 23.60 23.90 25.60 25.30 23.70 * 0
2018-01-16 16:22:10 23.90 24.00 23.60 23.40 23.30 23.60 23.60 23.70 23.80 23.90 24.50 25.50 26.10 26.10 26.20 27.10 * 23.30 23.60 23.70 23.70 23.60 23.60 23.40 23.30 23.20 23.30 23.50 23.50 23.80 25.50 25.50 24.50 * 0
2018-01-16 16:22:11 23.90 24.00 23.70 23.50 23.30 23.60 23.60 24.00 24.00 24.50 25.80 26.10 26.20 26.50 27.80 27.10 * 23.20 23.40 23.50 23.60 23.50 23.60 23.70 23.90 24.10 24.50 24.80 24.40 24.40 25.50 25.40 24.20 * 0
2018-01-16 16:22:11 23.80 24.00 23.70 23.50 23.40 23.60 23.60 24.90 24.80 26.60 26.30 26.70 26.90 27.20 26.20 24.20 * 23.10 23.40 23.50 23.60 24.00 24.90 25.50 25.30 25.80 25.70 25.10 24.40 24.40 25.60 25.20 23.30 * 0
2018-01-16 16:22:11 24.00 24.10 23.80 23.60 23.50 24.40 25.50 26.50 26.30 26.90 27.00 26.20 25.80 25.30 24.40 24.00 * 23.20 23.50 23.70 23.70 24.50 26.00 26.90 25.80 26.40 25.40 24.30 24.00 24.20 24.60 23.80 23.40 * 0
2018-01-16 16:22:11 24.40 25.30 25.00 24.60 25.20 26.00 26.70 26.80 27.10 26.80 25.80 24.70 24.20 24.00 24.10 23.90 * 23.40 23.60 23.70 24.00 25.00 26.00 26.80 25.60 26.50 25.50 24.30 24.00 23.70 23.50 23.40 23.40 * 0
2018-01-16 16:22:12 26.50 25.70 25.00 25.50 26.60 26.90 26.40 25.50 26.20 25.10 24.20 24.10 24.00 24.00 24.00 23.80 * 23.30 23.60 23.90 25.00 25.70 26.00 26.80 25.80 26.40 25.60 23.80 23.60 23.50 23.40 23.30 23.30 * 0
2018-01-16 16:22:12 27.80 24.70 24.90 26.00 26.50 26.00 24.80 24.00 24.70 23.90 24.10 24.10 24.00 24.00 24.10 23.90 * 23.40 23.60 24.10 25.90 25.90 25.90 26.80 25.60 26.00 25.10 23.70 23.60 23.50 23.40 23.30 23.30 * 0
2018-01-16 16:22:12 27.60 25.50 26.40 26.80 25.40 24.30 23.50 23.60 24.00 24.00 24.10 24.10 24.00 24.00 24.10 24.00 * 23.40 23.60 24.10 25.60 25.70 25.10 25.10 24.30 24.50 23.90 23.50 23.60 23.50 23.40 23.30 23.30 * 0
2018-01-16 16:22:12 26.10 26.70 26.90 25.40 23.40 23.60 23.50 23.60 24.00 23.90 24.10 24.10 24.00 24.10 24.10 24.00 * 23.70 25.10 24.40 25.70 25.60 23.50 23.30 23.20 23.20 23.40 23.40 23.50 23.40 23.30 23.20 23.10 * 0
2018-01-16 16:22:13 26.20 26.70 26.10 23.90 23.30 23.60 23.50 23.60 24.00 23.90 24.10 24.10 24.00 24.10 24.10 23.90 * 23.90 25.10 24.00 25.50 24.90 23.40 23.30 23.10 23.20 23.20 23.30 23.40 23.30 23.30 23.20 23.10 * 0
2018-01-16 16:22:13 26.50 26.50 24.50 23.40 23.30 23.50 23.50 23.60 24.00 24.00 24.10 24.10 24.10 24.10 24.10 23.90 * 23.90 25.10 24.00 24.50 23.80 23.40 23.30 23.10 23.20 23.20 23.30 23.50 23.40 23.30 23.20 23.10 * 0
2018-01-16 16:22:13 26.50 26.00 23.70 23.40 23.30 23.60 23.50 23.70 24.20 24.20 24.40 24.30 24.20 24.30 24.30 24.20 * 24.10 25.20 24.70 23.80 23.50 23.60 23.40 23.20 23.30 23.30 23.40 23.60 23.50 23.40 23.30 23.10 * 0
2018-01-16 16:22:14 25.70 26.20 23.90 23.40 23.40 23.60 23.60 23.70 24.20 24.20 24.30 24.30 24.20 24.20 24.30 24.10 * 24.00 25.40 25.30 23.90 23.60 23.60 23.40 23.20 23.20 23.30 23.50 23.60 23.40 23.30 23.20 23.20 * 0
2018-01-16 16:22:14 25.40 26.30 24.00 23.40 23.30 23.50 23.50 23.60 24.10 24.00 24.20 24.10 24.10 24.10 24.10 24.00 * 23.80 25.60 25.20 23.80 23.60 23.50 23.40 23.20 23.30 23.30 23.50 23.60 23.50 23.30 23.30 23.20 * 0
2018-01-16 16:22:14 25.00 26.30 24.20 23.40 23.30 23.50 23.40 23.50 24.10 24.00 24.20 24.10 24.10 24.10 24.10 24.00 * 23.80 25.60 25.20 23.90 23.50 23.50 23.40 23.20 23.30 23.30 23.50 23.60 23.50 23.40 23.20 23.20 * 0
2018-01-16 16:22:14 24.80 26.30 24.40 23.40 23.30 23.50 23.40 23.50 24.10 24.00 24.20 24.10 24.00 24.20 24.20 24.00 * 23.80 25.70 25.20 23.90 23.50 23.50 23.40 23.20 23.30 23.30 23.50 23.60 23.50 23.40 23.30 23.20 * 0
2018-01-16 16:22:15 24.90 26.30 24.50 23.50 23.40 23.50 23.50 23.60 24.10 24.00 24.10 24.10 24.00 24.10 24.10 23.90 * 23.90 25.70 25.30 23.90 23.60 23.50 23.40 23.20 23.40 23.30 23.50 23.50 23.40 23.30 23.20 23.30 * 0
2018-01-16 16:22:15 24.80 26.30 24.60 23.40 23.30 23.50 23.50 23.70 24.00 24.00 24.10 24.10 24.00 24.10 24.10 23.90 * 23.80 25.70 25.30 24.00 23.70 23.70 23.50 23.30 23.30 23.30 23.50 23.50 23.50 23.30 23.20 23.30 * 0
2018-01-16 16:22:15 24.60 26.20 24.50 23.40 23.20 23.40 23.50 23.70 24.00 24.00 24.10 24.10 24.00 24.10 24.10 23.90 * 23.80 25.70 25.30 24.00 23.70 23.60 23.50 23.40 23.20 23.30 23.40 23.50 23.40 23.30 23.20 23.20 * 0
