2018-01-16 17:26:39 26.30 24.60 23.20 23.30 23.40 23.60 23.50 23.60 23.80 23.90 24.10 24.00 23.90 23.90 24.00 24.00 * 24.40 23.50 23.20 23.30 23.50 23.50 23.40 23.30 23.10 23.30 23.50 23.40 23.20 23.00 23.00 22.80 * 1
2018-01-16 17:26:39 26.40 24.70 23.10 23.30 23.40 23.60 23.50 23.50 23.80 23.90 24.00 23.90 23.90 23.90 24.10 24.10 * 24.50 24.00 23.20 23.30 23.40 23.50 23.40 23.30 23.20 23.40 23.50 23.40 23.20 23.10 23.00 22.80 * 1
2018-01-16 17:26:40 26.50 24.60 23.10 23.40 23.50 23.70 23.50 23.70 24.10 24.10 24.20 24.10 24.10 24.10 24.20 24.20 * 24.10 24.20 23.30 23.30 23.50 23.50 23.40 23.30 23.20 23.40 23.60 23.40 23.20 23.10 23.00 22.80 * 1
2018-01-16 17:26:40 26.30 24.20 23.30 23.50 23.50 23.80 23.60 23.80 24.00 24.10 24.10 24.10 24.00 24.00 24.10 24.10 * 23.60 24.10 23.30 23.40 23.50 23.50 23.50 23.30 23.20 23.40 23.60 23.40 23.20 23.10 23.10 22.90 * 1
2018-01-16 17:26:40 25.70 23.80 23.30 23.50 23.60 23.80 23.70 23.80 23.90 24.00 24.00 24.10 24.00 23.90 24.00 24.00 * 23.50 23.40 23.10 23.20 23.40 23.40 23.40 23.20 23.10 23.30 23.50 23.40 23.20 23.00 23.10 22.90 * 1
2018-01-16 17:26:40 23.70 23.20 23.10 23.30 23.50 23.60 23.60 23.70 23.90 24.00 24.10 24.10 24.00 24.00 24.10 24.10 * 23.30 23.20 23.20 23.20 23.40 23.40 23.40 23.20 23.10 23.40 23.50 23.30 23.20 23.10 23.00 22.90 * 1
2018-01-16 17:26:41 23.60 23.20 23.10 23.30 23.50 23.60 23.60 23.70 23.80 23.90 24.10 24.00 24.00 23.90 24.00 24.10 * 23.20 23.20 23.10 23.30 23.40 23.40 23.40 23.20 23.20 23.50 23.60 23.50 23.20 23.20 23.10 22.90 * 1
2018-01-16 17:26:41 23.60 23.30 23.10 23.40 23.50 23.70 23.60 23.70 24.00 24.10 24.10 24.10 24.00 24.00 24.10 24.20 * 23.40 23.20 23.10 23.30 23.40 23.50 23.30 23.20 23.20 23.40 23.60 23.50 23.30 23.10 23.10 22.90 * 1
2018-01-16 17:26:41 24.50 23.20 23.00 23.20 23.30 23.50 23.40 23.50 24.00 24.00 24.10 24.00 23.90 24.00 24.10 24.20 * 23.70 23.40 23.20 23.30 23.50 23.50 23.30 23.20 23.20 23.40 23.60 23.50 23.20 23.20 23.10 22.90 * 1
2018-01-16 17:26:42 25.70 24.10 23.40 23.30 23.40 23.60 23.50 23.70 23.80 23.90 24.00 24.00 23.90 23.90 24.00 24.10 * 23.60 23.80 23.20 23.30 23.40 23.50 23.30 23.10 23.20 23.40 23.60 23.50 23.20 23.10 23.10 22.90 * 1
2018-01-16 17:26:42 25.30 25.40 24.60 24.90 23.50 23.70 23.60 23.70 23.90 24.00 24.20 24.10 24.00 24.00 24.10 24.20 * 23.60 24.10 23.60 23.50 23.40 23.40 23.40 23.10 23.20 23.40 23.60 23.40 23.20 23.10 23.00 22.80 * 1
2018-01-16 17:26:42 24.20 24.90 25.60 27.00 25.10 23.70 23.60 23.60 23.90 23.90 24.20 24.10 24.00 24.00 24.10 24.20 * 23.60 24.10 24.00 24.10 23.80 23.60 23.60 23.40 23.50 23.50 23.60 23.50 23.30 23.20 23.10 22.90 * 1
2018-01-16 17:26:42 23.70 23.60 24.60 25.50 25.50 24.30 23.60 23.70 24.00 23.90 24.10 24.10 24.00 24.00 24.10 24.10 * 23.30 23.70 23.80 24.30 24.30 24.00 24.00 23.50 23.70 23.50 23.60 23.50 23.30 23.10 23.10 22.80 * 1
2018-01-16 17:26:43 23.60 23.20 23.20 23.40 23.40 23.70 23.60 23.70 24.00 24.00 24.10 24.10 24.00 24.00 24.10 24.10 * 23.30 23.70 23.70 24.30 24.50 24.30 24.20 23.50 24.10 23.50 23.60 23.50 23.20 23.10 23.10 22.80 * 1
2018-01-16 17:26:43 23.60 23.20 23.20 23.30 23.40 23.70 23.50 23.60 24.00 24.00 24.10 24.00 23.90 23.90 24.00 24.10 * 23.30 23.60 23.70 24.30 24.60 24.40 24.30 23.50 24.20 23.60 23.70 23.60 23.30 23.20 23.10 22.90 * 1
2018-01-16 17:26:43 23.60 23.30 23.20 23.40 23.50 23.70 23.60 23.70 24.00 24.00 24.10 24.10 24.00 23.90 24.00 24.10 * 23.20 23.60 23.70 24.20 24.60 24.40 24.20 23.60 24.10 23.60 23.60 23.40 23.30 23.10 23.10 22.80 * 1
2018-01-16 17:26:43 23.60 23.30 23.20 23.40 23.50 23.70 23.60 23.70 23.90 23.90 24.00 24.00 23.90 23.80 24.00 24.10 * 23.30 23.70 23.90 24.10 24.60 24.50 24.30 23.70 24.10 23.70 23.60 23.50 23.30 23.10 23.10 22.90 * 1
2018-01-16 17:26:44 23.60 23.30 23.10 23.40 23.50 23.80 23.60 23.80 23.80 23.80 24.00 23.90 23.80 23.90 24.00 24.10 * 23.30 23.70 23.90 24.10 24.50 24.50 24.30 23.70 24.10 23.70 23.60 23.50 23.30 23.10 23.10 22.90 * 1
2018-01-16 17:26:44 23.60 23.20 23.10 23.30 23.40 23.70 23.60 23.70 23.90 23.90 24.00 24.00 23.90 24.00 24.10 24.10 * 23.30 23.70 23.90 24.10 24.50 24.40 24.20 23.60 24.10 23.70 23.60 23.50 23.30 23.10 23.10 22.90 * 1
2018-01-16 17:26:44 23.50 23.20 23.10 23.30 23.40 23.60 23.60 23.70 23.80 23.90 24.00 24.00 23.80 23.80 24.00 24.00 * 23.30 23.60 23.80 24.10 24.40 24.40 24.20 23.60 24.20 23.70 23.70 23.50 23.40 23.20 23.20 23.00 * 1
2018-01-16 17:26:44 23.50 23.20 23.10 23.30 23.40 23.70 23.50 23.70 23.80 23.90 24.00 24.00 23.80 23.70 23.90 24.00 * 23.30 23.60 23.80 24.10 24.40 24.40 24.20 23.60 24.10 23.80 23.70 23.60 23.40 23.20 23.20 23.00 * 1
2018-01-16 17:26:45 23.50 23.20 23.10 23.30 23.40 23.60 23.50 23.60 23.90 24.00 24.00 24.00 23.90 23.90 24.00 24.10 * 23.20 23.70 23.90 24.00 24.40 24.30 24.20 23.60 24.10 23.70 23.60 23.50 23.30 23.10 23.20 22.90 * 1
2018-01-16 17:26:45 23.50 23.30 23.10 23.30 23.40 23.60 23.50 23.60 23.90 24.00 24.10 24.00 23.90 23.90 24.10 24.10 * 23.30 23.80 24.00 24.00 24.40 24.40 24.30 23.60 24.10 23.80 23.70 23.60 23.30 23.20 23.20 23.00 * 1
2018-01-16 17:26:45 23.50 23.20 23.10 23.30 23.40 23.60 23.50 23.60 23.90 24.00 24.10 24.00 23.90 23.80 24.10 24.10 * 23.30 23.70 24.00 24.10 24.40 24.40 24.30 23.60 24.10 23.70 23.70 23.50 23.20 23.10 23.10 22.90 * 1
2018-01-16 17:26:46 23.60 23.20 23.10 23.40 23.50 23.70 23.60 23.70 23.80 23.90 24.10 24.00 23.90 23.90 23.90 24.10 * 23.20 23.50 23.80 24.10 24.40 24.30 24.20 23.60 24.00 23.60 23.60 23.40 23.20 23.10 23.10 22.90 * 1
2018-01-16 17:26:46 23.60 23.30 23.10 23.30 23.50 23.70 23.60 23.80 23.80 23.90 24.00 24.00 23.80 23.80 24.00 24.10 * 23.20 23.50 23.60 24.10 24.40 24.30 24.20 23.50 24.00 23.60 23.60 23.50 23.30 23.10 23.10 22.80 * 1
2018-01-16 17:26:46 23.60 23.30 23.10 23.30 23.50 23.70 23.60 23.70 23.90 23.90 24.00 24.10 23.90 23.80 24.00 24.20 * 23.20 23.40 23.50 23.90 24.50 24.40 24.40 23.60 24.20 23.50 23.60 23.50 23.30 23.00 23.10 22.90 * 1
2018-01-16 17:26:46 23.60 23.30 23.10 23.30 23.50 23.70 23.60 23.70 23.90 23.90 24.10 24.10 24.00 23.90 24.00 24.20 * 23.30 23.60 23.70 24.00 24.50 24.40 24.40 23.60 24.20 23.60 23.60 23.50 23.20 23.10 23.10 22.90 * 1
2018-01-16 17:26:47 23.60 23.30 23.10 23.40 23.50 23.70 23.60 23.80 23.90 23.90 24.10 24.00 23.80 23.90 24.00 24.10 * 23.40 23.80 23.90 24.10 24.50 24.50 24.50 23.60 24.40 23.60 23.70 23.50 23.20 23.20 23.10 22.90 * 1
2018-01-16 17:26:47 23.50 23.20 23.10 23.40 23.40 23.70 23.60 23.70 24.10 24.10 24.10 24.10 24.00 24.00 24.10 24.10 * 23.50 24.00 24.00 24.20 24.50 24.60 24.60 23.70 24.40 23.60 23.70 23.50 23.30 23.20 23.10 22.90 * 1
2018-01-16 17:26:47 23.50 23.20 23.10 23.30 23.40 23.60 23.60 23.70 24.00 24.00 24.00 24.00 23.90 23.90 24.00 24.10 * 23.50 24.00 24.00 24.10 24.50 24.60 24.60 23.70 24.40 23.70 23.70 23.60 23.40 23.20 23.20 23.00 * 1
2018-01-16 17:26:47 23.40 23.20 23.10 23.30 23.40 23.60 23.60 23.60 23.90 24.00 24.00 24.00 23.90 23.90 24.00 24.10 * 23.40 24.00 24.00 24.10 24.60 24.60 24.60 23.70 24.40 23.70 23.70 23.50 23.40 23.20 23.10 23.00 * 1
2018-01-16 17:26:48 23.50 23.20 23.10 23.30 23.40 23.60 23.50 23.60 24.00 24.10 24.10 24.10 24.00 23.90 24.00 24.10 * 23.40 24.00 24.00 24.10 24.50 24.60 24.60 23.70 24.40 23.60 23.70 23.50 23.30 23.20 23.10 23.00 * 1
2018-01-16 17:26:48 23.50 23.20 23.10 23.30 23.40 23.60 23.50 23.60 24.00 23.90 24.10 24.00 23.90 23.90 24.00 24.10 * 23.30 24.00 24.00 24.10 24.50 24.50 24.50 23.70 24.40 23.70 23.70 23.50 23.40 23.20 23.20 23.00 * 1
2018-01-16 17:26:48 23.50 23.20 23.10 23.30 23.40 23.60 23.50 23.60 24.00 24.00 24.10 24.00 23.90 23.90 24.10 24.20 * 23.20 24.00 24.00 24.00 24.40 24.40 24.40 23.60 24.40 23.70 23.70 23.60 23.40 23.20 23.20 23.10 * 1
2018-01-16 17:26:48 23.60 23.30 23.10 23.30 23.40 23.60 23.60 23.70 23.90 23.90 24.10 24.10 23.90 23.80 24.00 24.10 * 23.20 23.90 24.00 24.00 24.40 24.40 24.40 23.60 24.30 23.60 23.70 23.50 23.30 23.10 23.10 23.00 * 1
2018-01-16 17:26:49 23.60 23.30 23.10 23.40 23.50 23.70 23.60 23.70 23.90 23.90 24.00 24.00 23.90 23.80 23.90 24.00 * 23.30 23.90 23.90 24.00 24.50 24.40 24.50 23.60 24.40 23.70 23.60 23.50 23.30 23.20 23.10 22.90 * 1
2018-01-16 17:26:49 23.60 23.30 23.10 23.30 23.50 23.70 23.60 23.70 23.90 23.90 24.00 24.00 24.00 23.90 23.90 24.00 * 23.30 23.90 23.90 24.00 24.50 24.50 24.50 23.60 24.40 23.60 23.60 23.50 23.30 23.10 23.10 22.90 * 1
2018-01-16 17:26:49 23.60 23.30 23.20 23.40 23.50 23.80 23.60 23.70 24.00 24.00 24.10 24.00 23.90 23.90 24.00 24.10 * 23.40 24.00 24.10 24.10 24.60 24.60 24.60 23.80 24.40 23.70 23.60 23.50 23.30 23.10 23.10 23.00 * 1
2018-01-16 17:26:49 23.60 23.30 23.10 23.30 23.50 23.70 23.60 23.70 24.00 23.90 24.10 24.00 23.90 23.90 24.00 24.00 * 23.40 24.00 24.00 24.00 24.60 24.60 24.60 23.70 24.50 23.80 23.70 23.60 23.40 23.20 23.20 23.10 * 1
2018-01-16 17:26:50 23.60 23.30 23.10 23.30 23.50 23.70 23.60 23.70 24.10 24.00 24.10 24.00 23.90 23.90 24.00 24.10 * 23.30 23.90 23.90 24.00 24.50 24.50 24.50 23.60 24.40 23.70 23.70 23.60 23.40 23.20 23.10 23.10 * 1
2018-01-16 17:26:50 23.60 23.30 23.10 23.30 23.40 23.70 23.60 23.60 24.00 23.90 24.10 24.00 23.90 24.00 24.10 24.10 * 23.30 23.90 23.90 24.00 24.40 24.50 24.50 23.60 24.50 23.70 23.70 23.50 23.30 23.20 23.20 23.00 * 1
2018-01-16 17:26:50 23.60 23.30 23.10 23.30 23.40 23.70 23.60 23.70 24.00 24.00 24.10 24.10 23.90 24.00 24.10 24.10 * 23.20 23.90 23.90 24.00 24.40 24.50 24.50 23.60 24.40 23.70 23.60 23.50 23.30 23.10 23.10 22.90 * 1
2018-01-16 17:26:50 23.60 23.30 23.20 23.40 23.40 23.70 23.60 23.80 23.90 24.00 24.00 24.00 23.90 23.90 24.10 24.10 * 23.30 23.90 23.90 24.00 24.50 24.50 24.50 23.70 24.40 23.70 23.60 23.50 23.30 23.10 23.10 22.90 * 1
2018-01-16 17:26:51 23.70 23.40 23.20 23.40 23.50 23.80 23.60 23.70 23.90 24.00 24.00 24.00 23.90 23.90 24.10 24.10 * 23.30 23.80 23.90 23.90 24.50 24.50 24.50 23.60 24.40 23.60 23.70 23.50 23.30 23.20 23.10 23.00 * 1
2018-01-16 17:26:51 23.60 23.40 23.20 23.40 23.50 23.70 23.60 23.70 24.10 24.10 24.10 24.10 24.00 24.00 24.10 24.20 * 23.30 23.80 23.90 23.90 24.40 24.50 24.50 23.60 24.30 23.60 23.60 23.50 23.30 23.10 23.10 23.00 * 1
2018-01-16 17:26:51 23.60 23.30 23.10 23.30 23.40 23.60 23.60 23.70 24.10 24.00 24.10 24.10 24.00 24.00 24.10 24.10 * 23.30 23.90 23.90 24.00 24.50 24.60 24.60 23.60 24.50 23.70 23.70 23.60 23.30 23.20 23.20 23.00 * 1
2018-01-16 17:26:52 23.60 23.30 23.10 23.30 23.40 23.60 23.50 23.70 24.00 24.00 24.10 24.10 23.90 23.90 24.00 24.10 * 23.30 23.80 23.90 24.00 24.50 24.60 24.50 23.60 24.50 23.70 23.70 23.60 23.30 23.20 23.20 23.00 * 1
2018-01-16 17:26:52 23.60 23.30 23.10 23.30 23.40 23.70 23.50 23.70 24.00 24.00 24.10 24.00 24.00 23.90 24.10 24.20 * 23.30 23.80 23.90 24.00 24.50 24.60 24.50 23.60 24.40 23.60 23.60 23.60 23.30 23.20 23.10 23.00 * 1
2018-01-16 17:26:52 23.60 23.30 23.10 23.30 23.40 23.70 23.50 23.70 24.00 24.00 24.10 24.00 23.90 23.90 24.10 24.10 * 23.40 23.90 24.00 24.10 24.70 24.80 24.70 23.80 24.40 23.60 23.60 23.50 23.30 23.10 23.10 23.00 * 1
2018-01-16 17:26:52 23.60 23.30 23.10 23.40 23.40 23.70 23.60 23.70 23.90 24.00 24.00 24.00 23.90 23.90 24.10 24.10 * 23.40 23.80 24.00 24.20 24.70 24.80 24.50 23.70 24.40 23.60 23.70 23.50 23.20 23.10 23.10 23.00 * 1
2018-01-16 17:26:53 23.60 23.30 23.10 23.30 23.50 23.70 23.60 23.60 24.00 24.10 24.10 24.00 24.00 24.00 24.10 24.20 * 23.20 23.70 23.90 24.20 24.60 24.70 24.50 23.60 24.40 23.60 23.70 23.50 23.20 23.10 23.10 23.00 * 1
2018-01-16 17:26:53 23.60 23.30 23.20 23.40 23.50 23.80 23.60 23.60 23.90 23.90 24.10 23.90 23.90 23.90 24.00 24.20 * 23.20 23.60 23.90 24.10 24.60 24.70 24.50 23.50 24.40 23.60 23.70 23.60 23.30 23.10 23.10 23.00 * 1
2018-01-16 17:26:53 23.70 23.30 23.10 23.40 23.50 23.70 23.60 23.70 24.00 24.00 24.10 24.00 23.90 23.90 24.10 24.10 * 23.20 23.70 23.80 24.10 24.60 24.60 24.40 23.60 24.40 23.60 23.80 23.60 23.40 23.20 23.10 23.00 * 1
2018-01-16 17:26:53 23.60 23.30 23.10 23.40 23.50 23.60 23.50 23.70 23.90 24.00 24.10 24.00 23.90 24.00 24.10 24.10 * 23.30 23.80 23.80 24.10 24.60 24.70 24.50 23.60 24.40 23.60 23.70 23.60 23.30 23.20 23.20 23.00 * 1
2018-01-16 17:26:54 23.50 23.20 23.10 23.30 23.50 23.60 23.50 23.60 23.90 24.00 24.10 24.00 23.90 23.90 24.10 24.10 * 23.50 24.00 24.10 24.20 24.70 24.70 24.70 23.70 24.40 23.60 23.60 23.60 23.30 23.20 23.20 23.00 * 1
2018-01-16 17:26:54 23.50 23.20 23.10 23.30 23.40 23.60 23.50 23.70 23.90 24.00 24.10 24.00 23.90 23.90 24.10 24.10 * 23.40 24.10 24.10 24.10 24.60 24.70 24.70 23.80 24.50 23.70 23.60 23.50 23.30 23.10 23.10 23.00 * 1
2018-01-16 17:26:54 23.60 23.20 23.10 23.30 23.50 23.70 23.60 23.70 24.00 24.10 24.10 24.00 23.90 23.90 24.10 24.10 * 23.40 24.10 24.10 24.00 24.60 24.60 24.70 23.80 24.50 23.70 23.70 23.50 23.30 23.20 23.10 23.00 * 1
2018-01-16 17:26:54 23.60 23.30 23.10 23.30 23.40 23.70 23.60 23.70 24.00 24.00 24.10 24.00 23.90 23.90 24.00 24.10 * 23.30 24.10 24.00 24.00 24.50 24.50 24.60 23.70 24.50 23.60 23.60 23.50 23.30 23.20 23.10 23.00 * 1
2018-01-16 17:26:55 23.60 23.30 23.10 23.30 23.40 23.70 23.60 23.70 24.10 24.00 24.10 24.00 23.90 23.90 24.10 24.10 * 23.20 24.00 24.00 24.00 24.50 24.40 24.60 23.60 24.40 23.60 23.60 23.40 23.20 23.10 23.10 22.90 * 1
2018-01-16 17:26:55 23.60 23.30 23.10 23.30 23.50 23.80 23.60 23.70 24.10 23.90 24.10 24.00 23.90 23.90 24.10 24.10 * 23.50 24.10 24.00 24.10 24.70 24.40 24.70 23.80 24.50 23.60 23.70 23.50 23.30 23.20 23.20 22.90 * 1
