2018-01-16 17:10:41 26.40 24.90 23.60 23.20 23.30 23.50 23.50 23.60 23.80 23.70 23.90 24.00 23.80 23.90 23.80 23.80 * 24.10 23.60 23.20 23.10 23.20 23.40 23.40 23.20 23.20 23.50 23.60 23.60 23.30 23.10 23.10 22.90 * 1
2018-01-16 17:10:41 26.20 24.70 23.40 23.20 23.20 23.40 23.40 23.50 23.80 23.80 23.90 24.00 23.90 23.90 23.90 23.80 * 23.80 23.70 23.20 23.10 23.30 23.40 23.50 23.40 23.30 23.50 23.60 23.60 23.40 23.10 23.20 23.00 * 1
2018-01-16 17:10:41 24.80 24.90 23.40 23.10 23.20 23.40 23.40 23.50 23.90 23.90 24.10 24.10 24.00 24.00 24.00 24.10 * 23.60 23.90 23.40 23.30 23.40 23.60 23.60 23.50 23.40 23.50 23.60 23.60 23.30 23.20 23.20 23.00 * 1
2018-01-16 17:10:42 24.20 25.10 23.40 23.20 23.20 23.50 23.50 23.60 23.80 23.90 24.00 24.00 24.00 23.90 23.90 24.00 * 23.40 24.00 23.40 23.30 23.40 23.50 23.50 23.40 23.40 23.60 23.70 23.70 23.40 23.20 23.20 23.10 * 1
2018-01-16 17:10:42 24.20 25.60 23.50 23.30 23.30 23.60 23.60 23.70 23.80 23.80 24.00 24.00 23.90 23.90 23.80 23.90 * 23.30 23.80 23.40 23.20 23.40 23.50 23.50 23.30 23.40 23.50 23.70 23.70 23.40 23.20 23.20 23.00 * 1
2018-01-16 17:10:42 24.20 25.70 23.60 23.30 23.40 23.60 23.70 23.70 23.80 23.80 24.00 24.00 23.90 23.80 23.80 23.90 * 23.40 23.90 23.70 23.40 23.50 23.60 23.60 23.40 23.40 23.50 23.70 23.60 23.40 23.20 23.20 23.00 * 1
2018-01-16 17:10:42 24.00 24.90 25.10 23.40 23.40 23.50 23.70 23.70 24.00 23.80 24.10 24.10 24.00 24.00 24.00 24.00 * 23.40 23.70 23.90 23.50 23.40 23.60 23.60 23.50 23.40 23.60 23.70 23.60 23.40 23.20 23.10 23.00 * 1
2018-01-16 17:10:43 23.80 24.30 25.90 24.50 23.30 23.50 23.60 23.60 23.80 23.80 24.00 24.00 23.90 23.90 23.90 24.00 * 23.20 23.30 23.60 23.50 23.40 23.40 23.40 23.30 23.20 23.50 23.60 23.60 23.30 23.10 23.00 22.90 * 1
2018-01-16 17:10:43 23.80 24.00 25.00 25.90 24.30 23.70 23.60 23.60 23.80 23.70 24.00 24.00 23.90 23.80 23.90 24.00 * 23.30 23.30 23.50 23.50 23.70 24.00 23.60 23.50 23.30 23.50 23.60 23.60 23.30 23.10 23.00 22.90 * 1
2018-01-16 17:10:43 23.80 23.80 23.80 25.10 25.60 24.60 23.90 23.60 24.10 23.80 24.00 24.00 23.90 23.90 23.80 23.90 * 23.30 23.30 23.30 23.30 23.50 24.10 23.80 23.50 23.60 23.60 23.80 23.70 23.40 23.30 23.20 23.00 * 1
2018-01-16 17:10:43 23.80 23.90 23.50 23.60 24.90 25.70 24.60 24.30 25.10 24.60 24.10 24.10 24.00 24.00 23.90 23.90 * 23.10 23.20 23.20 23.10 23.30 23.70 24.00 23.70 23.80 23.90 24.30 24.20 23.40 23.20 23.20 23.10 * 1
2018-01-16 17:10:44 23.60 23.60 23.40 23.10 23.20 24.50 26.10 25.30 26.30 25.80 24.10 24.10 23.90 24.00 24.00 24.10 * 23.00 23.10 23.10 23.00 23.20 23.30 23.60 23.70 23.60 24.20 25.00 24.80 23.50 23.20 23.20 23.10 * 1
2018-01-16 17:10:44 23.60 23.60 23.40 23.10 23.20 23.80 25.50 25.30 25.50 25.70 24.10 24.10 24.00 24.00 24.00 24.10 * 23.10 23.20 23.10 23.00 23.30 23.40 23.60 24.00 24.20 24.80 24.90 24.50 23.60 23.20 23.20 23.00 * 1
2018-01-16 17:10:44 23.60 23.70 23.40 23.10 23.20 23.70 24.20 24.00 24.30 23.90 24.10 24.10 23.90 24.00 24.00 24.10 * 23.30 23.30 23.30 23.30 24.30 25.50 25.00 24.40 25.00 24.60 24.00 23.90 23.60 23.50 23.30 23.20 * 1
2018-01-16 17:10:45 23.70 23.70 23.40 23.20 23.30 23.50 23.60 23.60 24.00 23.90 24.10 24.10 24.00 24.00 24.00 24.10 * 23.30 23.30 23.30 23.30 24.00 25.30 24.80 24.30 24.70 24.80 24.10 24.00 23.60 23.30 23.20 23.10 * 1
2018-01-16 17:10:45 23.60 23.60 23.20 23.10 23.10 23.40 23.40 23.50 23.90 23.80 24.10 24.00 23.90 23.90 23.90 23.90 * 23.20 23.20 23.20 23.20 23.50 24.60 24.60 24.60 24.80 25.00 24.80 24.50 24.00 23.30 23.20 23.10 * 1
2018-01-16 17:10:45 23.50 23.50 23.20 23.10 23.10 23.40 23.40 23.50 23.90 23.90 24.10 24.00 24.00 24.00 24.00 24.00 * 23.20 23.20 23.20 23.20 23.30 24.00 24.80 24.80 24.90 25.00 25.30 24.90 24.30 23.50 23.20 23.20 * 1
2018-01-16 17:10:45 23.60 23.60 23.30 23.10 23.20 23.40 23.50 23.50 23.90 23.90 24.20 24.10 23.90 24.00 24.00 24.10 * 23.10 23.20 23.30 23.20 23.30 24.00 24.70 24.80 24.90 25.10 25.40 24.90 24.40 23.50 23.30 23.20 * 1
2018-01-16 17:10:46 23.70 23.70 23.40 23.20 23.30 23.50 23.60 23.70 23.90 23.90 24.10 24.00 23.90 24.00 23.90 24.10 * 23.20 23.20 23.30 23.20 23.40 24.10 24.60 24.80 24.90 25.20 25.40 24.80 24.40 23.60 23.30 23.20 * 1
2018-01-16 17:10:46 23.50 23.60 23.30 23.10 23.10 23.40 23.40 23.50 23.90 23.80 24.10 24.00 23.90 23.90 23.90 24.00 * 23.20 23.20 23.20 23.20 23.40 24.10 24.50 24.80 24.80 25.10 25.30 24.60 24.40 23.40 23.20 23.10 * 1
2018-01-16 17:10:46 23.50 23.60 23.30 23.10 23.20 23.40 23.50 23.50 23.90 23.80 24.10 24.10 23.90 24.00 24.00 24.00 * 23.20 23.20 23.20 23.20 23.30 24.10 24.50 24.80 24.80 25.20 25.40 24.80 24.50 23.50 23.30 23.20 * 1
2018-01-16 17:10:46 23.60 23.70 23.40 23.20 23.30 23.50 23.50 23.60 23.90 23.80 24.10 24.10 23.90 24.00 23.90 24.00 * 23.30 23.20 23.30 23.30 23.50 24.20 24.60 24.90 24.70 25.20 25.40 24.90 24.50 23.60 23.30 23.10 * 1
2018-01-16 17:10:47 23.70 23.60 23.30 23.10 23.20 23.50 23.50 23.50 24.00 23.80 24.10 24.10 23.90 24.00 24.00 24.10 * 23.30 23.20 23.40 23.30 23.50 24.20 24.60 24.90 24.70 25.20 25.30 24.80 24.50 23.60 23.30 23.10 * 1
2018-01-16 17:10:47 23.50 23.50 23.20 23.00 23.10 23.40 23.30 23.40 23.90 23.80 24.10 24.10 23.90 24.00 24.00 24.00 * 23.20 23.20 23.30 23.30 23.40 24.20 24.50 24.80 24.70 25.20 25.40 24.90 24.50 23.60 23.30 23.10 * 1
2018-01-16 17:10:47 23.50 23.50 23.20 23.10 23.10 23.40 23.40 23.40 23.90 23.80 24.00 24.00 23.90 23.90 23.90 24.00 * 23.10 23.20 23.30 23.20 23.30 24.00 24.50 24.70 24.70 25.20 25.40 24.90 24.50 23.60 23.30 23.20 * 1
2018-01-16 17:10:48 23.50 23.50 23.30 23.10 23.20 23.40 23.40 23.40 23.80 23.80 24.00 24.00 23.90 23.90 23.90 23.90 * 23.20 23.20 23.30 23.20 23.40 24.10 24.50 24.80 24.80 25.20 25.40 24.90 24.50 23.60 23.30 23.20 * 1
2018-01-16 17:10:48 23.50 23.50 23.20 23.00 23.20 23.40 23.40 23.40 23.90 23.90 24.10 24.10 23.90 24.00 24.00 23.90 * 23.10 23.10 23.20 23.10 23.30 24.10 24.50 24.80 24.90 25.20 25.40 24.90 24.50 23.60 23.30 23.20 * 1
2018-01-16 17:10:48 23.60 23.60 23.30 23.10 23.10 23.40 23.40 23.40 23.80 23.70 23.90 24.00 23.90 23.80 23.80 23.80 * 23.10 23.10 23.10 23.10 23.30 24.00 24.50 24.70 24.90 25.20 25.50 24.90 24.60 23.60 23.30 23.20 * 1
2018-01-16 17:10:48 23.60 23.70 23.40 23.20 23.20 23.50 23.50 23.50 23.80 23.70 23.90 24.00 23.90 23.80 23.90 23.90 * 23.10 23.20 23.20 23.20 23.20 24.00 24.50 24.70 25.00 25.20 25.50 24.90 24.60 23.60 23.30 23.20 * 1
2018-01-16 17:10:49 23.60 23.70 23.40 23.20 23.40 23.50 23.60 23.60 23.80 23.80 24.00 24.00 23.90 23.90 23.90 24.00 * 23.20 23.20 23.30 23.20 23.30 24.10 24.60 24.80 25.00 25.30 25.50 25.00 24.60 23.70 23.40 23.30 * 1
2018-01-16 17:10:49 23.70 23.80 23.50 23.20 23.40 23.60 23.60 23.70 23.80 23.80 24.10 24.00 23.90 24.00 23.90 24.00 * 23.20 23.20 23.30 23.20 23.30 24.10 24.60 24.80 24.90 25.20 25.50 24.90 24.60 23.60 23.30 23.20 * 1
2018-01-16 17:10:49 23.60 23.60 23.40 23.20 23.30 23.50 23.40 23.60 23.90 23.80 24.10 24.10 23.90 24.00 24.00 23.90 * 23.10 23.10 23.20 23.10 23.20 24.00 24.50 24.60 24.80 25.10 25.40 24.80 24.50 23.60 23.40 23.20 * 1
2018-01-16 17:10:49 23.60 23.60 23.40 23.20 23.30 23.50 23.40 23.60 23.80 23.70 24.00 24.00 23.90 23.90 23.90 23.90 * 23.10 23.10 23.20 23.10 23.30 24.00 24.50 24.60 24.90 25.20 25.50 24.90 24.60 23.70 23.40 23.20 * 1
2018-01-16 17:10:50 23.50 23.70 23.40 23.10 23.20 23.60 23.50 23.50 23.80 23.80 24.00 24.00 23.90 23.90 23.90 23.90 * 23.20 23.20 23.30 23.20 23.40 24.20 24.60 24.80 25.00 25.30 25.60 25.00 24.80 23.80 23.40 23.30 * 1
2018-01-16 17:10:50 23.60 23.70 23.40 23.10 23.30 23.50 23.50 23.50 23.90 23.90 24.10 24.10 24.00 24.00 24.00 24.00 * 23.10 23.20 23.30 23.20 23.30 24.10 24.50 24.70 25.00 25.30 25.60 25.00 24.70 23.70 23.50 23.30 * 1
2018-01-16 17:10:50 23.70 23.70 23.40 23.20 23.30 23.50 23.50 23.60 23.80 23.80 24.10 24.10 23.90 23.90 23.90 24.00 * 23.00 23.10 23.20 23.10 23.20 24.00 24.40 24.60 24.90 25.30 25.60 24.90 24.70 23.60 23.50 23.30 * 1
2018-01-16 17:10:50 23.60 23.70 23.40 23.20 23.20 23.40 23.50 23.60 23.90 23.70 24.00 24.00 23.80 23.90 23.90 23.80 * 23.10 23.10 23.20 23.10 23.30 24.00 24.40 24.60 24.90 25.30 25.60 24.90 24.70 23.60 23.50 23.30 * 1
2018-01-16 17:10:51 23.70 23.70 23.40 23.30 23.30 23.50 23.50 23.60 23.90 23.80 24.00 24.00 23.80 24.00 23.90 23.90 * 23.10 23.20 23.20 23.10 23.30 24.00 24.40 24.70 25.00 25.30 25.60 25.00 24.80 23.70 23.50 23.40 * 1
2018-01-16 17:10:51 23.70 23.70 23.40 23.30 23.30 23.60 23.50 23.60 23.80 23.80 24.00 24.10 23.90 23.90 23.90 23.90 * 23.10 23.20 23.20 23.10 23.30 24.00 24.40 24.70 24.90 25.30 25.60 24.90 24.80 23.70 23.50 23.30 * 1
2018-01-16 17:10:51 23.60 23.60 23.40 23.20 23.30 23.50 23.50 23.60 23.90 23.80 24.10 24.10 24.00 24.00 23.90 24.00 * 23.20 23.20 23.20 23.20 23.30 24.10 24.40 24.70 24.80 25.10 25.40 24.80 24.60 23.60 23.30 23.10 * 1
2018-01-16 17:10:52 23.50 23.60 23.30 23.10 23.20 23.40 23.50 23.50 23.90 23.80 24.10 24.00 24.00 24.00 23.90 24.00 * 23.20 23.20 23.30 23.20 23.30 24.10 24.40 24.70 24.80 25.10 25.40 24.80 24.60 23.60 23.30 23.20 * 1
2018-01-16 17:10:52 23.50 23.60 23.20 23.10 23.10 23.40 23.40 23.40 23.90 23.90 24.10 24.00 24.00 24.00 23.90 24.00 * 23.10 23.10 23.20 23.10 23.30 24.00 24.40 24.70 24.90 25.20 25.50 24.90 24.70 23.60 23.30 23.20 * 1
2018-01-16 17:10:52 23.70 23.70 23.40 23.20 23.20 23.50 23.50 23.50 24.00 23.90 24.10 24.10 24.00 24.00 24.00 24.00 * 23.10 23.10 23.20 23.20 23.30 24.10 24.50 24.70 24.80 25.20 25.40 24.90 24.60 23.50 23.20 23.10 * 1
2018-01-16 17:10:52 23.70 23.70 23.40 23.20 23.20 23.50 23.50 23.60 23.90 23.90 24.10 24.00 23.90 24.00 24.00 24.10 * 23.20 23.20 23.30 23.20 23.40 24.10 24.50 24.70 24.80 25.10 25.40 24.90 24.70 23.50 23.30 23.20 * 1
2018-01-16 17:10:53 23.70 23.70 23.50 23.20 23.20 23.60 23.60 23.60 23.90 23.80 24.10 24.10 24.00 24.00 24.00 24.00 * 23.20 23.30 23.30 23.20 23.40 24.20 24.50 24.70 24.80 25.20 25.40 24.90 24.80 23.60 23.30 23.20 * 1
2018-01-16 17:10:53 23.70 23.80 23.50 23.20 23.20 23.60 23.60 23.60 24.00 23.80 24.10 24.10 24.00 24.00 24.00 24.00 * 23.30 23.30 23.30 23.20 23.40 24.30 24.60 24.90 24.90 25.20 25.50 25.00 24.90 23.70 23.50 23.30 * 1
2018-01-16 17:10:53 23.70 23.80 23.40 23.30 23.30 23.60 23.60 23.60 24.00 23.90 24.10 24.20 24.00 24.00 24.10 24.00 * 23.20 23.30 23.30 23.30 23.40 24.10 24.60 24.80 25.00 25.30 25.60 25.10 24.90 23.80 23.50 23.40 * 1
2018-01-16 17:10:53 23.60 23.60 23.30 23.20 23.20 23.50 23.50 23.50 23.90 23.90 24.10 24.10 24.00 24.00 24.00 24.00 * 23.10 23.20 23.20 23.20 23.30 24.10 24.50 24.70 25.00 25.30 25.60 25.10 24.90 23.60 23.30 23.30 * 1
2018-01-16 17:10:54 23.60 23.70 23.40 23.20 23.20 23.50 23.50 23.50 23.90 23.90 24.10 24.10 24.00 24.00 23.90 24.00 * 23.20 23.30 23.40 23.20 23.40 24.20 24.60 24.80 25.00 25.30 25.60 25.00 25.00 23.70 23.40 23.20 * 1
2018-01-16 17:10:54 23.50 23.60 23.30 23.10 23.20 23.40 23.40 23.50 23.90 23.80 24.10 24.10 23.90 23.90 24.00 24.00 * 23.40 23.40 23.50 23.30 23.50 24.20 24.70 24.90 25.10 25.40 25.70 25.10 25.00 23.80 23.50 23.40 * 1
2018-01-16 17:10:54 23.70 23.70 23.30 23.20 23.20 23.50 23.50 23.60 23.90 23.90 24.10 24.10 23.90 23.90 24.00 24.00 * 23.40 23.40 23.40 23.30 23.50 24.30 24.70 24.90 25.20 25.40 25.70 25.10 25.00 23.70 23.60 23.40 * 1
2018-01-16 17:10:54 23.60 23.70 23.30 23.20 23.20 23.50 23.50 23.60 23.90 24.00 24.10 24.10 23.90 24.00 24.00 24.00 * 23.20 23.30 23.30 23.30 23.40 24.20 24.60 24.80 25.10 25.40 25.60 25.10 24.90 23.70 23.50 23.30 * 1
2018-01-16 17:10:55 23.50 23.60 23.30 23.10 23.20 23.40 23.40 23.50 23.90 23.80 24.00 24.10 23.90 24.00 24.00 23.90 * 23.30 23.30 23.30 23.20 23.40 24.20 24.60 24.80 25.10 25.30 25.60 25.10 24.90 23.70 23.50 23.30 * 1
2018-01-16 17:10:55 23.60 23.60 23.40 23.10 23.20 23.50 23.50 23.60 23.90 23.80 24.00 24.10 24.00 24.00 23.90 23.90 * 23.20 23.20 23.30 23.20 23.30 24.10 24.60 24.80 25.10 25.40 25.70 25.20 25.00 23.80 23.60 23.30 * 1
2018-01-16 17:10:55 23.60 23.70 23.40 23.20 23.20 23.60 23.60 23.60 23.80 23.80 24.00 24.10 23.90 23.90 23.80 23.90 * 23.20 23.20 23.20 23.20 23.30 24.20 24.60 24.70 25.10 25.30 25.50 25.10 24.90 23.70 23.40 23.20 * 1
2018-01-16 17:10:56 23.70 23.70 23.40 23.20 23.30 23.60 23.60 23.60 23.80 23.70 24.00 24.00 23.80 23.90 23.80 23.90 * 23.20 23.20 23.20 23.20 23.30 24.10 24.60 24.70 25.00 25.10 25.40 24.90 24.70 23.60 23.30 23.10 * 1
2018-01-16 17:10:56 23.60 23.70 23.40 23.20 23.30 23.50 23.50 23.50 23.80 23.70 24.00 24.00 23.90 23.90 23.90 23.90 * 23.10 23.20 23.20 23.20 23.30 24.10 24.60 24.80 25.00 25.10 25.40 24.90 24.70 23.60 23.30 23.20 * 1
2018-01-16 17:10:56 23.60 23.70 23.40 23.20 23.20 23.50 23.50 23.60 23.90 23.80 24.00 24.10 23.90 24.00 23.90 24.00 * 23.10 23.10 23.20 23.20 23.30 24.10 24.60 24.80 25.10 25.30 25.50 25.00 24.90 23.70 23.40 23.30 * 1
2018-01-16 17:10:56 23.60 23.70 23.40 23.20 23.20 23.50 23.50 23.60 23.90 23.80 24.00 24.00 23.90 23.90 23.90 23.90 * 23.20 23.20 23.30 23.20 23.30 24.10 24.60 24.80 25.10 25.20 25.50 25.00 24.90 23.70 23.40 23.30 * 1
2018-01-16 17:10:57 23.60 23.70 23.40 23.20 23.30 23.50 23.60 23.60 23.80 23.70 23.90 24.00 23.90 23.90 23.80 23.90 * 23.20 23.20 23.30 23.20 23.30 24.10 24.70 24.80 25.10 25.20 25.40 25.00 24.90 23.60 23.30 23.20 * 1
2018-01-16 17:10:57 23.60 23.60 23.30 23.10 23.20 23.50 23.50 23.50 23.80 23.80 24.00 24.00 23.90 23.90 23.90 23.90 * 23.20 23.30 23.30 23.30 23.40 24.20 24.80 25.00 25.20 25.30 25.60 25.10 24.90 23.70 23.50 23.30 * 1
