2018-01-16 17:27:51 26.70 26.70 26.50 26.70 26.60 26.50 26.30 26.20 26.40 26.20 29.50 28.50 25.10 24.10 24.20 24.40 * 26.70 25.80 23.50 23.60 24.40 25.70 25.00 23.50 23.70 23.20 23.30 23.30 23.10 23.10 23.00 22.90 * 1
2018-01-16 17:27:51 26.60 26.80 26.70 26.50 26.20 25.80 25.80 25.80 26.10 26.30 26.50 25.40 24.10 24.00 24.30 24.30 * 26.70 25.90 23.40 24.40 24.60 24.40 23.80 23.30 23.20 23.30 23.30 23.20 23.00 23.10 23.00 22.90 * 1
2018-01-16 17:27:52 26.50 26.90 26.80 26.50 26.30 25.70 25.30 25.60 25.50 24.60 24.20 24.10 24.00 24.10 24.30 24.30 * 24.50 24.70 24.00 24.90 23.60 23.60 23.50 23.30 23.30 23.30 23.50 23.40 23.20 23.20 23.10 23.00 * 1
2018-01-16 17:27:52 25.30 26.70 26.90 26.50 25.70 25.10 24.10 24.00 24.10 24.20 24.20 24.10 24.10 24.10 24.10 24.20 * 23.50 23.90 24.10 24.70 23.60 23.60 23.50 23.30 23.30 23.30 23.50 23.30 23.20 23.20 23.10 23.00 * 1
2018-01-16 17:27:52 24.20 25.40 26.80 26.50 24.70 23.90 23.80 23.90 24.00 24.10 24.20 24.10 24.10 24.00 24.00 24.10 * 23.20 23.40 24.00 24.30 23.50 23.60 23.40 23.20 23.30 23.30 23.40 23.30 23.20 23.20 23.20 22.90 * 1
2018-01-16 17:27:52 23.60 23.60 25.80 26.60 25.50 23.80 23.50 23.70 24.00 24.10 24.10 24.10 24.00 23.90 24.10 24.10 * 23.20 23.40 23.70 24.00 23.60 23.60 23.50 23.30 23.30 23.30 23.40 23.20 23.10 23.10 23.10 22.90 * 1
2018-01-16 17:27:53 23.50 23.40 24.90 26.90 26.10 23.70 23.50 23.60 23.90 24.00 24.00 24.10 23.90 23.80 24.00 24.10 * 23.20 23.20 23.40 23.70 24.20 23.70 23.40 23.10 23.30 23.30 23.40 23.20 23.10 23.10 23.10 23.00 * 1
2018-01-16 17:27:53 23.60 23.30 23.70 25.90 25.40 23.70 23.50 23.60 23.90 24.00 24.10 24.10 23.80 23.90 24.00 24.10 * 23.10 23.20 23.20 23.80 24.10 23.80 23.40 23.10 23.30 23.20 23.40 23.20 23.10 23.10 23.00 22.80 * 1
2018-01-16 17:27:53 23.60 23.40 23.20 24.20 24.70 23.70 23.50 23.70 23.90 23.90 24.00 24.00 23.80 23.90 24.00 24.10 * 23.10 23.20 23.20 23.80 24.20 23.80 23.30 23.10 23.10 23.20 23.40 23.30 23.10 23.10 23.10 22.80 * 1
2018-01-16 17:27:53 23.60 23.40 23.20 23.60 24.20 23.70 23.50 23.70 23.80 23.90 24.00 24.00 23.90 23.80 24.00 24.10 * 23.10 23.20 23.20 23.70 24.20 23.80 23.30 23.10 23.20 23.20 23.40 23.20 23.10 23.10 23.00 22.90 * 1
2018-01-16 17:27:54 23.60 23.20 23.00 23.30 23.40 23.60 23.50 23.60 23.90 23.90 24.10 24.00 23.90 24.00 24.00 24.00 * 23.30 23.30 23.40 23.70 24.40 23.90 23.50 23.30 23.20 23.20 23.30 23.20 23.10 23.10 23.00 22.90 * 1
2018-01-16 17:27:54 23.60 23.30 23.10 23.30 23.50 23.70 23.60 23.70 23.90 23.90 24.10 24.00 23.90 24.00 24.00 24.00 * 23.30 23.30 23.40 23.80 24.30 23.80 23.50 23.20 23.30 23.30 23.50 23.40 23.20 23.20 23.20 23.00 * 1
2018-01-16 17:27:54 23.70 23.40 23.20 23.40 23.60 23.80 23.70 23.80 24.00 24.00 24.10 24.00 23.90 23.90 24.10 24.10 * 23.20 23.20 23.30 23.70 24.20 23.80 23.40 23.20 23.30 23.30 23.50 23.40 23.20 23.20 23.20 23.00 * 1
2018-01-16 17:27:55 23.50 23.20 23.00 23.30 23.40 23.60 23.50 23.60 24.00 24.00 24.10 24.00 24.00 23.90 24.00 24.10 * 23.20 23.20 23.20 23.70 24.20 23.80 23.40 23.20 23.40 23.40 23.50 23.40 23.30 23.20 23.20 23.00 * 1
2018-01-16 17:27:55 23.50 23.20 23.10 23.30 23.40 23.60 23.50 23.60 23.90 23.90 24.00 24.00 23.90 23.90 24.00 24.00 * 23.30 23.30 23.30 23.80 24.20 23.80 23.50 23.30 23.30 23.40 23.50 23.30 23.20 23.20 23.20 23.00 * 1
2018-01-16 17:27:55 23.60 23.30 23.10 23.40 23.50 23.70 23.60 23.60 23.90 24.00 24.10 24.10 24.00 23.90 24.00 24.10 * 23.30 23.20 23.30 23.70 24.10 23.80 23.40 23.20 23.20 23.30 23.40 23.30 23.10 23.20 23.10 23.00 * 1
2018-01-16 17:27:55 23.80 23.50 23.30 23.50 23.60 23.90 23.80 23.80 24.00 24.00 24.10 24.10 24.00 24.00 24.10 24.20 * 23.30 23.20 23.30 23.70 24.20 23.80 23.40 23.20 23.30 23.40 23.40 23.40 23.10 23.10 23.10 23.00 * 1
2018-01-16 17:27:56 23.70 23.40 23.20 23.40 23.50 23.80 23.80 23.90 23.90 24.00 24.10 24.00 23.90 23.90 24.10 24.10 * 23.20 23.20 23.20 23.60 24.10 23.70 23.30 23.10 23.30 23.30 23.40 23.40 23.10 23.10 23.10 23.00 * 1
2018-01-16 17:27:56 23.70 23.30 23.20 23.40 23.60 23.80 23.60 23.80 23.90 23.80 24.10 24.00 23.90 23.90 24.00 24.10 * 23.30 23.30 23.30 23.80 24.20 23.80 23.50 23.20 23.20 23.20 23.40 23.30 23.10 23.10 23.10 23.00 * 1
2018-01-16 17:27:56 23.60 23.40 23.10 23.40 23.50 23.70 23.60 23.80 23.80 23.80 24.00 24.00 23.80 23.90 24.00 24.00 * 23.30 23.30 23.40 23.80 24.20 23.80 23.50 23.20 23.20 23.30 23.40 23.30 23.10 23.10 23.10 22.90 * 1
2018-01-16 17:27:56 23.50 23.30 23.00 23.40 23.40 23.60 23.60 23.70 23.70 23.90 23.90 23.90 23.80 23.80 24.00 24.00 * 23.20 23.20 23.30 23.70 24.10 23.70 23.40 23.10 23.20 23.20 23.30 23.20 23.10 23.10 23.10 22.90 * 1
2018-01-16 17:27:57 23.50 23.20 23.00 23.30 23.40 23.60 23.50 23.60 23.70 23.80 23.90 23.90 23.80 23.70 23.90 23.90 * 23.20 23.20 23.20 23.70 24.10 23.60 23.30 23.10 23.10 23.10 23.30 23.20 23.10 23.10 23.10 22.80 * 1
2018-01-16 17:27:57 23.50 23.30 23.20 23.40 23.40 23.70 23.50 23.70 23.80 23.80 24.10 24.00 23.90 23.90 24.00 24.00 * 23.20 23.20 23.30 23.80 24.20 23.80 23.40 23.20 23.10 23.20 23.40 23.30 23.10 23.10 23.10 22.90 * 1
2018-01-16 17:27:57 23.60 23.30 23.20 23.50 23.50 23.70 23.60 23.70 23.80 23.90 24.10 24.10 23.90 23.90 24.00 24.10 * 23.30 23.30 23.40 23.80 24.20 23.90 23.50 23.30 23.20 23.30 23.40 23.40 23.20 23.10 23.10 23.00 * 1
2018-01-16 17:27:57 23.60 23.20 23.20 23.50 23.50 23.70 23.70 23.70 23.80 23.90 24.10 24.00 23.80 23.80 24.00 24.10 * 23.20 23.30 23.30 23.70 24.10 23.80 23.40 23.20 23.30 23.30 23.40 23.40 23.20 23.20 23.20 23.00 * 1
2018-01-16 17:27:58 23.60 23.30 23.20 23.40 23.50 23.70 23.60 23.80 23.90 24.00 24.10 24.00 23.90 23.90 24.00 24.10 * 23.20 23.30 23.30 23.70 24.10 23.70 23.40 23.20 23.30 23.40 23.50 23.40 23.20 23.20 23.30 23.10 * 1
2018-01-16 17:27:58 23.50 23.20 23.00 23.40 23.40 23.70 23.50 23.70 23.90 24.00 24.00 24.00 23.90 23.90 24.00 24.10 * 23.30 23.30 23.40 23.80 24.20 23.80 23.40 23.20 23.40 23.50 23.60 23.40 23.30 23.20 23.30 23.10 * 1
2018-01-16 17:27:58 23.70 23.40 23.20 23.50 23.60 23.80 23.60 23.80 23.80 23.90 24.00 23.90 23.90 23.80 23.90 24.00 * 23.40 23.40 23.50 23.90 24.30 23.90 23.50 23.30 23.20 23.20 23.40 23.30 23.10 23.10 23.00 22.90 * 1
2018-01-16 17:27:59 23.70 23.40 23.20 23.50 23.50 23.80 23.70 23.80 23.80 23.90 24.00 24.00 23.90 23.80 24.00 24.10 * 23.30 23.30 23.50 23.90 24.30 23.90 23.50 23.30 23.20 23.20 23.40 23.30 23.10 23.10 23.10 22.90 * 1
2018-01-16 17:27:59 23.70 23.40 23.20 23.40 23.50 23.70 23.70 23.70 23.80 23.90 24.10 24.00 23.90 23.90 24.00 24.10 * 23.20 23.20 23.40 23.90 24.20 23.80 23.40 23.20 23.30 23.30 23.50 23.30 23.10 23.20 23.20 23.00 * 1
2018-01-16 17:27:59 23.60 23.30 23.20 23.50 23.50 23.70 23.60 23.70 23.80 23.90 24.00 23.90 23.90 23.80 24.00 24.00 * 23.30 23.30 23.50 23.90 24.20 23.90 23.50 23.30 23.40 23.30 23.50 23.30 23.10 23.20 23.10 23.00 * 1
2018-01-16 17:27:59 23.60 23.30 23.20 23.40 23.50 23.70 23.60 23.70 23.80 24.00 24.10 24.00 23.90 23.90 24.10 24.00 * 23.20 23.20 23.40 23.80 24.20 23.70 23.40 23.20 23.30 23.20 23.40 23.30 23.10 23.10 23.10 23.00 * 1
2018-01-16 17:28:00 23.70 23.40 23.20 23.50 23.60 23.70 23.60 23.80 23.80 23.90 24.10 24.00 23.80 23.90 24.00 24.00 * 23.20 23.30 23.40 23.80 24.20 23.80 23.40 23.20 23.30 23.30 23.40 23.30 23.20 23.20 23.10 23.00 * 1
2018-01-16 17:28:00 23.70 23.40 23.20 23.50 23.50 23.70 23.60 23.80 23.80 23.90 24.00 23.90 23.80 23.80 24.00 24.00 * 23.30 23.30 23.40 23.80 24.20 23.70 23.40 23.20 23.20 23.30 23.40 23.30 23.20 23.20 23.20 23.00 * 1
2018-01-16 17:28:00 23.60 23.30 23.20 23.50 23.50 23.70 23.60 23.70 23.90 24.00 24.10 24.10 23.90 24.00 24.10 24.20 * 23.40 23.30 23.40 23.90 24.20 23.80 23.50 23.20 23.30 23.30 23.40 23.30 23.20 23.20 23.20 23.00 * 1
2018-01-16 17:28:01 23.60 23.30 23.20 23.50 23.50 23.70 23.60 23.70 23.90 23.90 24.00 24.00 23.80 23.90 24.00 24.10 * 23.30 23.30 23.40 23.90 24.20 23.80 23.50 23.20 23.20 23.30 23.40 23.40 23.10 23.20 23.10 23.00 * 1
2018-01-16 17:28:01 23.60 23.30 23.10 23.40 23.40 23.60 23.50 23.70 23.90 23.90 24.00 23.90 23.90 23.90 24.00 24.00 * 23.30 23.20 23.40 23.80 24.20 23.70 23.40 23.20 23.20 23.30 23.30 23.30 23.10 23.10 23.10 23.00 * 1
2018-01-16 17:28:01 23.60 23.20 23.10 23.40 23.50 23.70 23.60 23.70 23.90 23.90 24.10 24.00 24.00 24.00 24.00 24.10 * 23.30 23.30 23.40 23.80 24.20 23.80 23.50 23.20 23.20 23.30 23.40 23.30 23.10 23.10 23.10 23.00 * 1
2018-01-16 17:28:01 23.50 23.20 23.10 23.30 23.40 23.70 23.60 23.60 23.80 23.90 24.00 24.00 23.90 23.80 24.00 24.10 * 23.30 23.40 23.50 23.90 24.20 23.80 23.50 23.20 23.30 23.30 23.40 23.30 23.20 23.20 23.10 23.00 * 1
2018-01-16 17:28:02 23.60 23.30 23.10 23.30 23.40 23.60 23.50 23.70 23.80 23.90 24.00 24.00 23.90 23.80 24.00 24.10 * 23.30 23.30 23.40 23.80 24.10 23.70 23.40 23.20 23.20 23.20 23.40 23.30 23.20 23.10 23.10 22.90 * 1
2018-01-16 17:28:02 23.60 23.20 23.00 23.40 23.40 23.60 23.50 23.70 23.80 23.90 24.00 24.00 23.90 23.90 24.00 24.10 * 23.10 23.20 23.30 23.70 24.10 23.60 23.30 23.10 23.30 23.30 23.40 23.30 23.10 23.10 23.10 23.00 * 1
2018-01-16 17:28:02 23.60 23.20 23.10 23.40 23.40 23.70 23.60 23.70 23.90 23.90 24.00 24.00 23.90 23.90 24.00 24.10 * 23.10 23.20 23.30 23.70 24.10 23.60 23.30 23.10 23.40 23.30 23.40 23.30 23.10 23.10 23.20 23.00 * 1
2018-01-16 17:28:02 23.60 23.30 23.10 23.40 23.50 23.70 23.60 23.80 24.00 24.00 24.10 24.10 24.00 23.90 24.10 24.10 * 23.20 23.20 23.30 23.80 24.10 23.60 23.40 23.10 23.30 23.20 23.40 23.30 23.10 23.10 23.10 23.00 * 1
2018-01-16 17:28:03 23.60 23.30 23.20 23.40 23.50 23.70 23.60 23.80 24.00 24.00 24.10 24.10 23.90 23.90 24.10 24.20 * 23.30 23.20 23.50 23.90 24.20 23.70 23.40 23.20 23.20 23.20 23.40 23.30 23.20 23.10 23.10 23.00 * 1
2018-01-16 17:28:03 23.60 23.30 23.20 23.40 23.50 23.70 23.60 23.70 23.90 23.90 24.00 23.90 23.80 23.90 24.00 24.10 * 23.30 23.30 23.50 23.90 24.20 23.80 23.40 23.20 23.40 23.40 23.50 23.40 23.20 23.20 23.20 23.10 * 1
2018-01-16 17:28:03 23.60 23.30 23.10 23.40 23.50 23.60 23.50 23.70 23.90 23.90 24.00 23.90 23.90 23.90 24.00 24.10 * 23.20 23.20 23.30 23.80 24.10 23.70 23.30 23.20 23.30 23.30 23.40 23.30 23.10 23.10 23.20 23.00 * 1
2018-01-16 17:28:03 23.70 23.30 23.10 23.40 23.50 23.70 23.60 23.70 23.90 23.90 24.00 24.00 23.90 23.90 24.00 24.10 * 23.20 23.10 23.30 23.80 24.10 23.70 23.30 23.20 23.30 23.30 23.40 23.30 23.10 23.10 23.20 22.90 * 1
2018-01-16 17:28:04 23.50 23.20 23.00 23.30 23.30 23.60 23.50 23.60 23.80 23.80 23.90 23.90 23.80 23.80 23.90 24.10 * 23.20 23.20 23.30 23.70 24.10 23.70 23.40 23.20 23.30 23.30 23.40 23.30 23.20 23.20 23.10 22.90 * 1
2018-01-16 17:28:04 23.50 23.20 23.00 23.30 23.30 23.60 23.50 23.60 23.90 24.00 24.10 24.00 23.90 23.90 24.00 24.10 * 23.30 23.40 23.50 23.80 24.20 23.90 23.50 23.30 23.30 23.20 23.40 23.30 23.10 23.20 23.10 22.90 * 1
2018-01-16 17:28:04 23.50 23.20 23.10 23.30 23.40 23.60 23.50 23.60 23.90 24.00 24.10 24.00 23.90 23.90 24.00 24.10 * 23.30 23.30 23.50 23.80 24.20 23.90 23.40 23.30 23.40 23.50 23.50 23.40 23.20 23.30 23.20 23.10 * 1
2018-01-16 17:28:05 23.70 23.50 23.30 23.50 23.60 23.90 23.70 23.80 23.90 23.90 24.00 24.00 23.90 23.90 24.00 24.10 * 23.20 23.20 23.40 23.70 24.10 23.70 23.30 23.20 23.30 23.40 23.40 23.30 23.10 23.20 23.10 23.00 * 1
2018-01-16 17:28:05 23.70 23.40 23.20 23.50 23.60 23.90 23.70 23.80 23.90 23.90 24.00 24.00 23.90 23.80 24.00 24.10 * 23.20 23.30 23.30 23.80 24.10 23.80 23.40 23.20 23.20 23.30 23.40 23.30 23.10 23.10 23.10 23.00 * 1
2018-01-16 17:28:05 23.70 23.40 23.20 23.60 23.80 23.80 23.70 23.80 23.80 23.90 24.00 24.00 23.80 23.80 24.00 24.10 * 23.20 23.20 23.40 23.90 24.20 23.80 23.40 23.20 23.20 23.30 23.40 23.30 23.10 23.20 23.10 23.00 * 1
2018-01-16 17:28:05 23.70 23.40 23.30 23.80 25.00 23.80 23.60 23.80 23.80 23.90 24.00 24.00 23.80 23.80 24.00 24.10 * 23.20 23.30 23.50 24.00 24.20 23.80 23.40 23.20 23.30 23.30 23.40 23.30 23.20 23.10 23.10 23.00 * 1
2018-01-16 17:28:06 23.70 23.30 23.10 23.90 27.40 23.90 23.60 23.70 24.00 24.00 24.10 24.00 23.90 23.90 24.00 24.10 * 23.30 23.30 23.50 24.10 24.20 23.90 23.40 23.30 23.40 23.40 23.50 23.40 23.20 23.20 23.20 23.10 * 1
2018-01-16 17:28:06 23.70 23.40 23.20 23.80 27.20 24.10 23.60 23.70 23.90 23.90 24.00 24.10 23.90 23.90 24.00 24.10 * 23.40 23.40 23.40 24.10 24.20 23.80 23.50 23.30 23.30 23.40 23.40 23.40 23.10 23.20 23.20 23.00 * 1
2018-01-16 17:28:06 23.70 23.40 23.20 23.70 27.20 24.80 23.70 23.80 23.80 24.00 24.10 24.10 23.90 23.90 24.00 24.10 * 23.20 23.20 23.20 23.70 24.20 23.80 23.40 23.20 23.20 23.30 23.40 23.30 23.10 23.10 23.10 22.90 * 1
2018-01-16 17:28:06 23.70 23.40 23.20 23.60 27.30 26.00 23.70 23.80 23.80 24.00 24.00 24.10 23.90 23.80 24.00 24.10 * 23.30 23.30 23.30 23.60 24.10 23.90 23.50 23.30 23.20 23.30 23.30 23.30 23.20 23.10 23.10 23.00 * 1
2018-01-16 17:28:07 23.70 23.40 23.20 24.00 26.90 26.80 23.70 23.80 23.80 23.90 24.00 24.10 23.90 23.80 23.90 24.10 * 23.40 23.30 23.30 23.50 23.90 24.00 23.50 23.30 23.20 23.30 23.30 23.30 23.20 23.10 23.10 23.00 * 1
2018-01-16 17:28:07 23.60 23.30 23.10 24.10 26.50 26.50 23.70 23.80 23.90 23.90 24.10 24.10 23.90 23.90 24.00 24.10 * 23.20 23.10 23.20 23.30 23.70 23.90 23.30 23.10 23.20 23.30 23.30 23.20 23.10 23.10 23.00 22.90 * 1
2018-01-16 17:28:07 23.60 23.30 23.20 24.10 26.90 25.50 23.70 23.80 23.90 24.00 24.10 24.10 23.90 23.90 24.00 24.10 * 23.10 23.10 23.20 23.30 23.70 23.90 23.30 23.10 23.20 23.30 23.40 23.20 23.10 23.10 23.10 23.00 * 1
