2018-01-16 17:11:28 23.60 23.60 23.40 23.20 23.30 23.50 23.50 23.60 24.00 23.90 24.60 24.80 26.90 26.60 24.60 24.10 * 23.10 23.10 23.20 23.20 23.30 23.40 23.40 23.10 23.40 23.40 23.60 23.70 24.50 24.50 23.80 23.20 * 1
2018-01-16 17:11:28 23.70 23.70 23.50 23.20 23.30 23.50 23.60 23.70 23.90 23.90 24.10 24.30 26.40 26.90 24.40 24.10 * 23.30 23.30 23.30 23.30 23.40 23.60 23.50 23.30 23.60 23.60 23.80 24.00 24.00 24.80 24.10 23.40 * 1
2018-01-16 17:11:28 23.70 23.70 23.50 23.30 23.30 23.60 23.70 23.80 24.00 23.90 24.30 24.70 27.30 26.30 24.30 24.10 * 23.30 23.40 23.40 23.40 23.50 23.60 23.60 23.40 23.30 23.50 23.80 24.30 23.60 24.20 23.70 23.10 * 1
2018-01-16 17:11:29 23.70 23.70 23.50 23.30 23.30 23.60 23.70 23.80 23.80 23.80 24.60 26.10 26.60 24.80 24.00 23.90 * 23.20 23.20 23.20 23.20 23.40 23.50 23.40 23.20 23.40 23.50 24.00 24.40 23.30 23.60 23.40 23.10 * 1
2018-01-16 17:11:29 23.70 23.70 23.50 23.30 23.30 23.50 23.60 24.00 23.90 25.10 26.20 24.50 23.90 24.00 23.90 23.90 * 23.10 23.20 23.20 23.20 23.40 23.50 23.60 23.40 23.60 23.70 24.10 24.50 23.40 23.30 23.40 23.20 * 1
2018-01-16 17:11:29 23.70 23.70 23.40 23.20 23.30 23.60 24.20 25.50 24.80 25.80 25.00 24.10 23.90 24.00 23.90 23.90 * 23.10 23.30 23.30 23.30 23.40 23.60 23.90 23.50 23.80 23.70 24.10 24.10 23.40 23.30 23.40 23.20 * 1
2018-01-16 17:11:29 23.70 23.70 23.50 23.30 23.40 24.50 25.10 25.00 25.40 24.80 24.10 24.10 23.90 24.00 23.90 24.00 * 23.10 23.30 23.30 23.30 23.50 23.70 24.10 23.40 23.90 23.60 23.60 23.60 23.40 23.30 23.30 23.20 * 1
2018-01-16 17:11:30 23.70 23.80 23.50 23.30 24.30 25.90 24.60 23.80 24.70 23.80 24.00 24.00 24.00 23.90 23.90 23.90 * 23.10 23.20 23.30 23.30 23.70 23.70 23.90 23.30 23.70 23.50 23.60 23.60 23.40 23.30 23.30 23.20 * 1
2018-01-16 17:11:30 23.70 23.70 23.40 24.00 25.50 25.10 23.70 23.60 23.90 23.70 23.90 24.00 23.90 23.80 23.80 23.90 * 23.20 23.30 23.50 23.80 23.80 23.60 23.50 23.30 23.50 23.40 23.60 23.60 23.40 23.20 23.30 23.20 * 1
2018-01-16 17:11:30 23.70 23.90 23.80 26.90 23.90 23.60 23.60 23.60 24.00 23.90 24.10 24.20 24.10 24.00 24.00 24.10 * 23.30 23.50 23.90 24.20 23.60 23.70 23.60 23.40 23.50 23.40 23.50 23.50 23.30 23.20 23.30 23.20 * 1
2018-01-16 17:11:31 23.70 23.90 23.90 27.50 23.90 23.60 23.60 23.70 24.10 24.00 24.20 24.20 24.10 24.10 24.10 24.20 * 23.20 23.50 24.00 24.50 23.90 23.60 23.50 23.30 23.50 23.50 23.60 23.60 23.40 23.30 23.40 23.20 * 1
2018-01-16 17:11:31 23.70 23.80 23.70 25.80 24.50 23.60 23.60 23.60 24.00 23.80 24.20 24.10 24.00 24.00 24.00 24.00 * 23.20 23.30 23.60 24.50 25.00 24.70 23.70 23.20 23.70 23.50 23.60 23.60 23.40 23.30 23.30 23.20 * 1
2018-01-16 17:11:31 23.70 23.80 23.90 23.60 24.20 23.60 23.60 23.50 23.80 23.70 24.00 24.00 23.90 23.90 23.80 23.90 * 23.20 23.30 23.70 24.30 24.90 24.90 23.80 23.30 23.90 23.60 23.60 23.60 23.40 23.30 23.30 23.20 * 1
2018-01-16 17:11:31 23.70 23.80 23.60 23.30 23.40 23.70 23.50 23.60 23.80 23.70 23.90 24.00 23.90 23.90 23.80 23.90 * 23.30 23.40 24.10 24.40 24.90 24.90 23.80 23.30 23.70 23.50 23.60 23.50 23.40 23.30 23.30 23.20 * 1
2018-01-16 17:11:32 23.60 23.70 23.50 23.20 23.30 23.60 23.60 23.60 23.80 23.70 24.00 24.00 23.90 23.80 23.80 23.90 * 23.30 23.40 24.40 24.50 25.00 25.00 23.70 23.30 23.70 23.40 23.50 23.50 23.30 23.20 23.20 23.10 * 1
2018-01-16 17:11:32 23.70 23.70 23.40 23.20 23.30 23.60 23.60 23.60 23.80 23.70 24.00 24.00 23.80 23.80 23.80 24.00 * 23.10 23.30 24.20 24.50 25.00 25.00 23.60 23.20 23.80 23.50 23.60 23.60 23.40 23.30 23.30 23.20 * 1
2018-01-16 17:11:32 23.60 23.60 23.30 23.20 23.20 23.50 23.40 23.50 23.80 23.70 23.90 24.00 23.80 23.90 23.80 23.90 * 23.10 23.30 24.10 24.40 24.90 24.90 23.70 23.20 23.90 23.60 23.60 23.60 23.40 23.30 23.40 23.20 * 1
2018-01-16 17:11:32 23.70 23.70 23.40 23.20 23.20 23.60 23.50 23.60 23.90 23.90 24.10 24.20 24.00 24.00 24.00 24.10 * 23.20 23.40 24.10 24.40 25.00 25.00 23.80 23.20 24.00 23.60 23.70 23.60 23.40 23.40 23.40 23.20 * 1
2018-01-16 17:11:33 23.70 23.70 23.40 23.30 23.30 23.60 23.50 23.60 23.90 23.90 24.00 24.20 24.00 24.00 24.00 24.00 * 23.20 23.40 24.20 24.40 24.90 25.00 23.80 23.20 23.90 23.40 23.50 23.50 23.30 23.20 23.20 23.10 * 1
2018-01-16 17:11:33 23.70 23.80 23.50 23.30 23.30 23.60 23.60 23.60 23.70 23.70 23.90 24.00 23.90 23.80 23.80 23.90 * 23.20 23.40 24.30 24.40 24.90 25.00 23.80 23.20 23.80 23.30 23.40 23.50 23.30 23.10 23.20 23.00 * 1
2018-01-16 17:11:33 23.70 23.70 23.50 23.30 23.30 23.60 23.60 23.60 23.70 23.70 23.80 23.90 23.80 23.80 23.70 23.80 * 23.20 23.40 24.50 24.50 25.00 25.00 24.00 23.30 24.00 23.50 23.50 23.50 23.40 23.20 23.30 23.10 * 1
2018-01-16 17:11:34 23.50 23.60 23.30 23.20 23.20 23.40 23.40 23.40 23.90 23.90 24.10 24.10 24.00 24.00 24.00 24.00 * 23.20 23.40 24.50 24.50 25.10 25.00 23.90 23.30 24.10 23.60 23.60 23.60 23.40 23.30 23.40 23.20 * 1
2018-01-16 17:11:34 23.60 23.60 23.30 23.10 23.20 23.40 23.40 23.50 24.00 23.80 24.20 24.10 24.00 24.00 24.10 24.00 * 23.20 23.40 24.40 24.50 25.00 25.00 23.90 23.30 24.10 23.50 23.60 23.60 23.40 23.30 23.40 23.20 * 1
2018-01-16 17:11:34 23.60 23.70 23.40 23.10 23.20 23.50 23.50 23.60 23.80 23.70 24.00 24.00 23.80 23.80 23.90 23.90 * 23.20 23.40 24.40 24.50 25.00 24.90 23.90 23.20 24.10 23.50 23.60 23.60 23.40 23.30 23.30 23.20 * 1
2018-01-16 17:11:34 23.70 23.70 23.50 23.20 23.30 23.50 23.50 23.60 23.90 23.90 24.10 24.00 23.90 24.00 23.90 24.00 * 23.20 23.30 24.30 24.50 25.00 24.90 23.90 23.20 24.20 23.60 23.70 23.60 23.40 23.30 23.40 23.30 * 1
2018-01-16 17:11:35 23.60 23.70 23.40 23.20 23.30 23.50 23.50 23.50 23.90 23.80 24.00 24.00 23.80 23.90 23.90 23.90 * 23.20 23.50 24.40 24.50 25.00 25.00 23.90 23.30 24.20 23.70 23.70 23.70 23.50 23.40 23.50 23.40 * 1
2018-01-16 17:11:35 23.70 23.80 23.50 23.30 23.40 23.60 23.60 23.60 23.80 23.80 23.90 24.00 23.80 23.80 23.80 23.90 * 23.20 23.50 24.50 24.50 25.10 25.10 24.00 23.40 24.10 23.60 23.70 23.60 23.40 23.40 23.40 23.20 * 1
2018-01-16 17:11:35 23.70 23.80 23.60 23.30 23.40 23.60 23.60 23.70 23.80 23.80 24.00 24.00 23.80 23.90 23.80 23.90 * 23.10 23.30 24.40 24.50 25.00 25.00 23.90 23.30 24.10 23.60 23.60 23.60 23.40 23.40 23.40 23.30 * 1
2018-01-16 17:11:35 23.70 23.60 23.40 23.20 23.30 23.60 23.50 23.60 23.80 23.70 23.90 24.00 23.80 23.80 23.70 23.90 * 23.20 23.30 24.30 24.40 25.00 24.90 23.80 23.10 24.10 23.50 23.60 23.60 23.40 23.40 23.40 23.30 * 1
2018-01-16 17:11:36 23.70 23.70 23.40 23.20 23.30 23.60 23.50 23.60 23.70 23.70 23.90 23.90 23.80 23.80 23.70 23.90 * 23.30 23.40 24.40 24.60 25.10 25.00 23.80 23.30 24.00 23.50 23.60 23.60 23.40 23.30 23.30 23.20 * 1
2018-01-16 17:11:36 23.80 23.70 23.50 23.30 23.40 23.70 23.60 23.70 23.80 23.80 24.00 24.00 23.90 23.90 23.90 23.90 * 23.30 23.50 24.50 24.60 25.10 25.00 23.80 23.30 23.90 23.50 23.60 23.60 23.40 23.30 23.40 23.20 * 1
2018-01-16 17:11:36 23.80 23.80 23.50 23.30 23.40 23.70 23.60 23.70 23.80 23.70 24.00 24.00 23.80 23.90 23.90 23.80 * 23.20 23.30 24.40 24.40 25.00 24.90 23.70 23.20 23.80 23.40 23.60 23.60 23.40 23.30 23.30 23.20 * 1
2018-01-16 17:11:36 23.70 23.70 23.50 23.20 23.30 23.50 23.50 23.60 23.70 23.60 23.90 23.90 23.80 23.80 23.70 23.80 * 23.10 23.20 24.30 24.40 25.00 24.90 23.60 23.10 23.70 23.40 23.50 23.50 23.30 23.20 23.20 23.20 * 1
2018-01-16 17:11:37 23.70 23.70 23.50 23.20 23.20 23.50 23.50 23.60 23.80 23.80 24.00 24.00 23.90 23.90 23.80 23.90 * 23.20 23.40 24.40 24.50 25.20 25.00 23.70 23.20 23.70 23.50 23.60 23.50 23.30 23.30 23.30 23.20 * 1
2018-01-16 17:11:37 23.70 23.70 23.50 23.30 23.40 23.50 23.50 23.60 23.70 23.70 23.90 24.00 23.80 23.80 23.80 23.90 * 23.20 23.40 24.40 24.50 25.20 25.00 23.60 23.20 23.80 23.50 23.60 23.60 23.40 23.30 23.30 23.30 * 1
2018-01-16 17:11:37 23.60 23.70 23.50 23.30 23.30 23.50 23.50 23.60 23.70 23.70 23.90 24.00 23.80 23.80 23.80 23.80 * 23.20 23.30 24.40 24.50 25.10 24.90 23.60 23.20 23.80 23.50 23.50 23.50 23.40 23.30 23.30 23.20 * 1
2018-01-16 17:11:38 23.60 23.70 23.40 23.30 23.30 23.50 23.50 23.50 23.70 23.70 23.90 23.90 23.80 23.80 23.80 23.80 * 23.20 23.30 24.40 24.40 25.00 24.90 23.60 23.20 23.80 23.50 23.60 23.60 23.40 23.30 23.30 23.20 * 1
2018-01-16 17:11:38 23.70 23.70 23.40 23.20 23.30 23.50 23.50 23.50 23.70 23.70 23.90 23.90 23.90 23.80 23.80 23.80 * 23.20 23.50 24.40 24.50 25.20 25.00 23.80 23.30 23.80 23.50 23.60 23.60 23.40 23.30 23.30 23.30 * 1
2018-01-16 17:11:38 23.70 23.80 23.40 23.20 23.30 23.60 23.50 23.60 23.80 23.80 24.10 24.00 23.90 23.90 23.80 23.80 * 23.20 23.40 24.50 24.60 25.20 25.00 23.70 23.30 23.80 23.50 23.60 23.60 23.40 23.30 23.30 23.20 * 1
2018-01-16 17:11:38 23.60 23.70 23.40 23.20 23.30 23.50 23.50 23.50 23.80 23.80 24.10 24.00 23.90 23.80 23.90 23.80 * 23.20 23.30 24.40 24.50 25.10 24.90 23.60 23.20 23.90 23.50 23.60 23.60 23.40 23.30 23.30 23.20 * 1
2018-01-16 17:11:39 23.70 23.70 23.40 23.20 23.20 23.50 23.40 23.50 24.00 23.90 24.10 24.10 24.00 24.00 24.00 24.00 * 23.10 23.30 24.40 24.50 25.10 24.90 23.60 23.20 23.80 23.50 23.60 23.50 23.40 23.30 23.40 23.30 * 1
2018-01-16 17:11:39 23.60 23.70 23.40 23.20 23.20 23.40 23.40 23.50 23.90 23.80 24.00 24.10 24.00 23.90 23.90 23.90 * 23.30 23.40 24.50 24.60 25.20 25.00 23.70 23.30 23.90 23.60 23.60 23.60 23.40 23.40 23.40 23.40 * 1
2018-01-16 17:11:39 23.70 23.60 23.40 23.30 23.30 23.50 23.50 23.60 23.90 23.80 24.00 24.00 23.90 23.80 23.80 23.90 * 23.30 23.40 24.40 24.60 25.20 25.00 23.80 23.30 23.90 23.60 23.60 23.70 23.40 23.40 23.40 23.30 * 1
2018-01-16 17:11:39 23.70 23.60 23.40 23.20 23.30 23.50 23.40 23.50 23.80 23.80 24.00 24.00 23.80 23.80 23.70 23.90 * 23.20 23.30 24.40 24.50 25.20 24.90 23.60 23.20 23.80 23.50 23.60 23.60 23.40 23.30 23.30 23.20 * 1
2018-01-16 17:11:40 23.70 23.60 23.40 23.20 23.30 23.40 23.40 23.50 23.80 23.80 24.00 24.00 23.90 23.80 23.80 23.90 * 23.10 23.30 24.40 24.50 25.20 24.90 23.60 23.20 23.80 23.40 23.50 23.50 23.30 23.20 23.20 23.20 * 1
2018-01-16 17:11:40 23.60 23.70 23.50 23.20 23.30 23.50 23.50 23.60 23.80 23.80 24.00 24.00 23.90 23.90 23.90 23.90 * 23.30 23.40 24.50 24.60 25.20 25.00 23.80 23.30 23.80 23.50 23.50 23.50 23.30 23.20 23.20 23.20 * 1
2018-01-16 17:11:40 23.70 23.70 23.50 23.30 23.30 23.60 23.60 23.60 23.80 23.70 24.10 24.10 23.90 23.90 23.90 23.90 * 23.20 23.40 24.50 24.50 25.20 25.00 23.80 23.30 23.90 23.60 23.60 23.60 23.40 23.30 23.30 23.20 * 1
2018-01-16 17:11:41 23.70 23.70 23.50 23.20 23.30 23.50 23.50 23.60 23.80 23.70 24.10 24.10 23.90 23.90 23.90 23.80 * 23.20 23.30 24.40 24.50 25.20 25.00 23.70 23.20 23.90 23.50 23.70 23.60 23.40 23.40 23.40 23.30 * 1
2018-01-16 17:11:41 23.70 23.70 23.50 23.20 23.30 23.50 23.50 23.60 23.80 23.80 24.10 24.00 23.90 23.90 23.90 23.90 * 23.20 23.30 24.30 24.50 25.20 25.00 23.70 23.20 23.80 23.50 23.60 23.60 23.30 23.30 23.30 23.20 * 1
2018-01-16 17:11:41 23.80 23.70 23.60 23.30 23.40 23.50 23.60 23.60 23.80 23.80 24.00 24.00 24.00 23.90 24.00 24.00 * 23.20 23.30 24.30 24.60 25.20 24.90 23.80 23.20 23.80 23.50 23.60 23.60 23.40 23.30 23.20 23.20 * 1
2018-01-16 17:11:41 23.70 23.80 23.50 23.20 23.30 23.50 23.60 23.60 23.90 23.90 24.10 24.20 24.00 24.00 24.00 24.00 * 23.20 23.30 24.30 24.50 25.10 24.90 23.70 23.20 23.90 23.50 23.60 23.50 23.40 23.30 23.30 23.20 * 1
2018-01-16 17:11:42 23.70 23.70 23.40 23.20 23.30 23.50 23.60 23.60 23.80 23.80 24.10 24.10 24.00 23.90 24.00 24.00 * 23.10 23.30 24.30 24.40 25.10 24.90 23.70 23.10 23.90 23.50 23.60 23.50 23.40 23.30 23.30 23.20 * 1
2018-01-16 17:11:42 23.70 23.80 23.50 23.30 23.30 23.50 23.60 23.60 23.90 23.90 24.10 24.00 24.00 23.90 24.00 24.00 * 23.10 23.30 24.30 24.40 25.10 24.80 23.60 23.10 23.60 23.50 23.60 23.60 23.40 23.30 23.30 23.20 * 1
2018-01-16 17:11:42 23.60 23.70 23.50 23.30 23.30 23.60 23.60 23.60 23.90 23.90 24.10 24.10 24.00 24.00 24.00 24.10 * 23.10 23.20 24.20 24.50 25.00 24.60 23.50 23.10 23.70 23.60 23.60 23.70 23.40 23.40 23.40 23.20 * 1
2018-01-16 17:11:42 23.60 23.70 23.50 23.30 23.30 23.60 23.60 23.60 23.90 23.80 24.10 24.10 24.00 24.00 23.90 24.00 * 23.20 23.50 24.10 24.40 25.00 24.20 23.40 23.10 23.60 23.50 23.60 23.70 23.40 23.30 23.40 23.20 * 1
2018-01-16 17:11:43 23.70 23.60 23.50 23.20 23.40 23.70 23.50 23.60 23.70 23.70 24.00 23.90 23.80 23.80 23.70 23.80 * 23.20 23.50 24.10 24.40 25.00 24.10 23.40 23.10 23.50 23.50 23.60 23.60 23.40 23.30 23.40 23.20 * 1
2018-01-16 17:11:43 23.70 23.70 23.50 23.30 23.40 23.60 23.50 23.60 23.70 23.60 23.90 23.90 23.80 23.80 23.70 23.70 * 23.20 23.60 24.30 24.60 25.00 24.10 23.50 23.10 23.60 23.60 23.60 23.60 23.40 23.40 23.40 23.30 * 1
2018-01-16 17:11:43 23.70 23.70 23.40 23.30 23.30 23.60 23.50 23.60 23.80 23.70 23.90 24.00 23.80 23.80 23.80 23.80 * 23.20 23.50 24.30 24.60 24.90 24.20 23.50 23.20 23.60 23.60 23.70 23.70 23.50 23.40 23.40 23.30 * 1
2018-01-16 17:11:43 23.70 23.70 23.40 23.30 23.40 23.60 23.50 23.60 23.90 23.80 24.00 24.10 23.90 23.90 23.90 24.00 * 23.20 23.70 24.40 24.70 25.00 24.20 23.50 23.20 23.60 23.60 23.60 23.70 23.50 23.40 23.40 23.30 * 1
2018-01-16 17:11:44 23.70 23.70 23.40 23.20 23.30 23.50 23.50 23.50 23.90 23.80 24.00 24.00 23.90 23.90 23.90 23.90 * 23.20 23.60 24.40 24.70 25.00 24.10 23.50 23.10 23.50 23.50 23.50 23.60 23.40 23.30 23.30 23.20 * 1
2018-01-16 17:11:44 23.60 23.70 23.40 23.20 23.30 23.50 23.50 23.50 23.80 23.70 24.00 24.00 23.90 23.90 23.80 23.90 * 23.20 23.60 24.40 24.70 25.00 24.00 23.40 23.00 23.50 23.40 23.50 23.50 23.30 23.30 23.30 23.20 * 1
