2018-01-16 16:33:37 25.10 27.10 27.80 27.60 29.30 27.40 23.70 23.70 23.90 23.70 23.90 23.90 23.90 23.90 24.00 24.00 * 23.90 24.30 26.20 24.50 23.50 23.50 23.30 23.20 23.10 23.20 23.50 23.40 23.10 23.10 23.20 23.00 * 0
2018-01-16 16:33:38 25.90 27.60 27.70 26.90 28.60 26.10 23.50 23.60 23.80 23.80 23.90 24.00 23.90 24.00 24.10 24.00 * 24.10 24.60 24.80 23.80 23.60 23.60 23.40 23.20 23.10 23.20 23.50 23.50 23.10 23.10 23.10 23.00 * 0
2018-01-16 16:33:38 26.10 27.70 27.40 26.50 24.40 24.10 23.50 23.70 23.90 23.90 24.10 24.10 24.00 24.10 24.20 24.10 * 24.30 25.30 24.00 23.60 23.70 23.60 23.40 23.30 23.20 23.20 23.50 23.50 23.10 23.10 23.10 23.00 * 0
2018-01-16 16:33:38 25.80 27.60 27.60 25.50 24.80 24.10 23.50 23.70 24.00 23.90 24.10 24.00 24.10 24.20 24.20 24.10 * 24.40 25.60 24.00 23.60 23.70 23.60 23.40 23.30 23.20 23.20 23.40 23.40 23.10 23.10 23.10 23.00 * 0
2018-01-16 16:33:38 25.50 27.40 27.50 24.50 25.90 24.10 23.50 23.60 23.80 23.80 23.90 23.90 24.00 24.10 24.10 24.00 * 24.20 25.60 24.00 23.60 23.70 23.60 23.40 23.20 23.20 23.10 23.40 23.30 23.10 23.10 23.20 23.00 * 0
2018-01-16 16:33:39 25.40 27.40 27.60 24.40 26.50 24.20 23.40 23.60 23.90 23.90 24.10 24.10 24.10 24.20 24.20 24.20 * 24.10 25.60 24.00 23.60 23.60 23.50 23.40 23.30 23.20 23.20 23.50 23.40 23.20 23.20 23.30 23.10 * 0
2018-01-16 16:33:39 26.10 28.40 27.80 25.50 26.50 24.10 23.30 23.50 24.00 24.00 24.10 24.10 24.10 24.20 24.30 24.20 * 24.10 25.20 23.90 23.60 23.60 23.50 23.40 23.30 23.20 23.20 23.50 23.50 23.20 23.20 23.30 23.10 * 0
2018-01-16 16:33:39 26.20 28.30 28.90 27.50 24.80 24.00 23.30 23.50 24.00 24.00 24.10 24.10 24.10 24.10 24.20 24.20 * 24.30 24.40 23.70 23.50 23.60 23.50 23.30 23.10 23.40 23.30 23.40 23.50 23.20 23.10 23.20 23.10 * 0
2018-01-16 16:33:39 25.40 27.30 28.50 28.40 26.60 25.80 24.60 23.80 26.20 25.10 24.80 24.60 24.30 24.30 24.40 24.30 * 25.40 25.10 24.70 25.40 25.80 25.60 25.00 23.60 24.40 23.40 23.40 23.50 23.20 23.10 23.20 23.10 * 0
2018-01-16 16:33:40 24.70 26.30 27.30 27.70 27.70 27.20 26.30 25.40 27.30 26.70 26.30 26.10 25.90 25.80 25.90 25.60 * 24.50 24.90 25.10 26.50 27.30 27.30 26.60 24.20 25.30 23.50 23.70 23.70 23.40 23.20 23.30 23.30 * 0
2018-01-16 16:33:40 24.30 24.10 24.40 24.60 24.80 25.20 24.90 25.40 25.60 25.80 26.30 26.80 27.00 27.00 27.10 26.50 * 23.60 24.00 24.50 25.90 26.90 27.00 26.70 24.70 25.60 24.00 24.00 25.10 25.20 23.80 23.40 23.30 * 0
2018-01-16 16:33:40 24.30 23.90 24.00 23.90 23.80 24.10 23.50 23.80 24.00 24.20 24.80 25.40 26.40 27.20 27.30 26.60 * 23.50 23.60 23.80 24.50 25.00 25.10 25.00 24.30 24.60 24.00 24.00 26.20 26.50 24.60 23.90 23.40 * 0
2018-01-16 16:33:40 24.30 24.00 24.00 23.90 23.80 24.10 23.50 23.80 23.90 23.90 24.10 24.90 25.30 25.60 26.70 27.00 * 23.40 23.60 23.50 23.40 23.50 23.40 23.30 23.10 23.50 23.40 23.70 26.20 27.00 24.40 23.90 24.20 * 0
2018-01-16 16:33:41 24.20 24.00 24.00 23.90 23.80 24.10 23.50 23.70 23.90 23.90 24.00 24.30 24.60 24.50 25.60 26.60 * 23.50 23.60 23.50 23.50 23.50 23.40 23.30 23.20 23.50 23.40 23.60 24.60 25.30 24.30 23.70 23.40 * 0
2018-01-16 16:33:41 24.30 24.00 24.00 23.90 23.70 24.10 23.50 23.80 23.90 23.90 24.00 24.00 24.00 24.10 24.40 25.30 * 23.60 23.70 23.60 23.60 23.50 23.50 23.40 23.30 23.50 23.40 23.60 23.60 23.60 23.90 23.70 23.70 * 0
2018-01-16 16:33:41 24.30 24.00 23.90 23.90 23.70 24.10 23.50 23.70 23.90 23.90 24.00 24.00 24.10 24.10 24.20 24.40 * 23.50 23.60 23.60 23.50 23.50 23.40 23.30 23.30 23.30 23.30 23.50 23.50 23.20 23.30 23.40 23.50 * 0
2018-01-16 16:33:42 24.20 23.90 23.80 23.80 23.70 24.00 23.40 23.60 23.90 23.80 24.00 24.10 24.10 24.10 24.20 24.20 * 23.70 23.70 23.70 23.70 23.60 23.60 23.40 23.40 23.30 23.30 23.50 23.50 23.20 23.30 23.40 23.50 * 0
2018-01-16 16:33:42 24.20 23.80 23.80 23.70 23.60 23.90 23.40 23.60 23.90 23.90 24.00 24.10 24.10 24.10 24.30 24.20 * 23.70 23.80 23.70 23.70 23.70 23.60 23.50 23.40 23.30 23.30 23.50 23.50 23.30 23.30 23.40 23.50 * 0
2018-01-16 16:33:42 24.30 24.00 23.90 23.80 23.70 24.10 23.50 23.70 23.90 24.00 24.00 24.00 24.00 24.10 24.20 24.10 * 23.70 23.80 23.70 23.70 23.70 23.60 23.50 23.30 23.40 23.40 23.50 23.60 23.40 23.30 23.30 23.50 * 0
2018-01-16 16:33:42 24.10 23.90 23.80 23.80 23.60 24.00 23.40 23.60 23.80 23.90 23.90 24.00 24.00 24.10 24.10 24.10 * 23.50 23.70 23.60 23.60 23.50 23.50 23.30 23.20 23.40 23.30 23.50 23.60 23.30 23.30 23.30 23.50 * 0
2018-01-16 16:33:43 24.20 23.90 23.80 23.80 23.60 24.00 23.40 23.60 23.70 23.80 23.90 23.90 24.00 24.10 24.10 24.10 * 23.50 23.60 23.60 23.50 23.50 23.40 23.30 23.20 23.30 23.30 23.60 23.50 23.30 23.30 23.30 23.60 * 0
2018-01-16 16:33:43 24.20 23.90 23.80 23.80 23.60 24.00 23.40 23.60 24.00 24.00 24.00 24.10 24.10 24.10 24.20 24.10 * 23.60 23.60 23.70 23.60 23.60 23.60 23.40 23.30 23.40 23.40 23.60 23.60 23.40 23.40 23.40 23.70 * 0
2018-01-16 16:33:43 24.20 24.00 23.80 23.80 23.70 24.00 23.50 23.60 23.90 23.90 24.00 24.00 24.10 24.10 24.20 24.10 * 23.60 23.70 23.60 23.60 23.60 23.50 23.40 23.30 23.50 23.40 23.60 23.60 23.40 23.40 23.50 23.70 * 0
2018-01-16 16:33:43 24.00 23.80 23.70 23.70 23.60 23.90 23.30 23.50 23.80 23.80 24.00 24.00 24.10 24.10 24.10 24.10 * 23.60 23.60 23.60 23.60 23.50 23.50 23.30 23.20 23.40 23.30 23.50 23.60 23.40 23.30 23.50 23.70 * 0
2018-01-16 16:33:44 24.00 23.80 23.70 23.70 23.60 23.90 23.30 23.50 23.80 23.90 24.00 24.00 24.00 24.10 24.20 24.10 * 23.60 23.60 23.60 23.60 23.50 23.50 23.30 23.20 23.40 23.40 23.60 23.60 23.40 23.40 23.50 23.70 * 0
2018-01-16 16:33:44 24.00 23.80 23.70 23.70 23.60 23.90 23.30 23.40 23.90 24.00 24.10 24.10 24.10 24.20 24.30 24.30 * 23.70 23.70 23.70 23.60 23.60 23.50 23.40 23.30 23.50 23.50 23.70 23.70 23.50 23.50 23.60 23.80 * 0
2018-01-16 16:33:44 23.90 23.70 23.70 23.60 23.50 23.80 23.20 23.30 23.80 23.90 24.00 24.00 24.00 24.10 24.20 24.20 * 23.70 23.70 23.70 23.60 23.60 23.50 23.40 23.40 23.60 23.60 23.80 23.80 23.60 23.50 23.60 23.80 * 0
2018-01-16 16:33:45 23.90 23.60 23.60 23.60 23.50 23.80 23.20 23.30 23.70 23.70 23.90 23.90 23.90 24.00 24.00 24.00 * 23.60 23.60 23.60 23.50 23.50 23.50 23.40 23.30 23.60 23.50 23.70 23.70 23.50 23.40 23.60 23.80 * 0
2018-01-16 16:33:45 24.00 23.70 23.70 23.60 23.50 23.80 23.20 23.40 23.70 23.70 23.90 23.90 23.90 24.00 24.00 23.90 * 23.60 23.60 23.60 23.50 23.50 23.50 23.40 23.30 23.50 23.40 23.70 23.60 23.40 23.40 23.40 24.20 * 0
2018-01-16 16:33:45 24.10 23.80 23.80 23.80 23.60 24.00 23.40 23.50 23.80 23.80 24.00 24.10 24.10 24.10 24.10 24.10 * 23.70 23.70 23.60 23.60 23.60 23.50 23.40 23.30 23.60 23.50 23.80 23.70 23.50 23.50 23.60 24.70 * 0
2018-01-16 16:33:45 24.10 23.90 23.80 23.80 23.70 23.90 23.40 23.60 23.80 23.90 24.00 24.10 24.00 24.10 24.20 24.10 * 23.60 23.70 23.60 23.60 23.60 23.50 23.40 23.30 23.60 23.50 23.70 23.70 23.50 23.50 23.60 24.70 * 0
2018-01-16 16:33:46 24.00 23.80 23.70 23.70 23.60 23.90 23.30 23.50 23.80 23.80 24.00 24.10 24.00 24.10 24.10 24.00 * 23.50 23.60 23.60 23.50 23.50 23.50 23.30 23.20 23.50 23.50 23.60 23.60 23.40 23.40 23.50 24.50 * 0
2018-01-16 16:33:46 24.10 23.80 23.70 23.70 23.60 23.90 23.30 23.50 23.70 23.80 23.90 24.00 23.90 24.00 24.00 24.00 * 23.60 23.60 23.60 23.50 23.50 23.50 23.30 23.30 23.50 23.40 23.50 23.60 23.40 23.30 23.40 24.40 * 0
2018-01-16 16:33:46 24.10 23.80 23.70 23.70 23.60 23.90 23.30 23.40 23.80 23.80 24.00 24.00 24.00 24.10 24.10 24.40 * 23.40 23.50 23.50 23.40 23.50 23.40 23.30 23.10 23.40 23.30 23.50 23.50 23.30 23.30 23.40 24.30 * 0
2018-01-16 16:33:46 24.00 23.70 23.80 23.60 23.70 23.90 23.30 23.50 23.90 23.90 24.10 24.10 24.00 24.10 24.20 24.50 * 23.40 23.60 23.60 23.50 23.60 23.50 23.40 23.20 23.30 23.30 23.50 23.50 23.30 23.20 23.30 24.20 * 0
2018-01-16 16:33:47 23.90 23.60 23.60 23.60 23.50 23.80 23.20 23.40 23.90 23.80 24.00 24.00 24.00 24.10 24.20 24.40 * 23.50 23.60 23.60 23.50 23.60 23.50 23.40 23.20 23.30 23.20 23.50 23.50 23.30 23.20 23.20 24.10 * 0
2018-01-16 16:33:47 23.90 23.60 23.70 23.60 23.50 23.80 23.20 23.30 23.90 23.90 24.00 24.10 24.00 24.10 24.20 24.40 * 23.40 23.50 23.50 23.50 23.50 23.40 23.20 23.10 23.30 23.30 23.50 23.50 23.30 23.20 23.30 24.00 * 0
2018-01-16 16:33:47 24.00 23.60 23.70 23.60 23.50 23.90 23.20 23.30 23.90 23.90 24.10 24.10 24.10 24.20 24.20 24.40 * 23.50 23.60 23.50 23.50 23.50 23.50 23.40 23.20 23.50 23.50 23.70 23.70 23.50 23.40 23.50 24.10 * 0
2018-01-16 16:33:48 24.00 23.80 23.70 23.70 23.50 23.90 23.30 23.40 23.80 23.90 24.00 24.00 24.00 24.10 24.10 24.20 * 23.50 23.60 23.60 23.50 23.60 23.50 23.40 23.20 23.50 23.40 23.60 23.60 23.40 23.30 23.40 24.00 * 0
2018-01-16 16:33:48 24.00 23.70 23.70 23.60 23.50 23.80 23.20 23.40 23.70 23.70 23.80 23.90 23.90 24.00 24.00 23.90 * 23.30 23.50 23.50 23.50 23.50 23.40 23.20 23.10 23.30 23.30 23.50 23.50 23.20 23.20 23.30 23.80 * 0
2018-01-16 16:33:48 24.00 23.70 23.70 23.60 23.60 23.80 23.20 23.40 23.80 23.80 24.00 24.10 24.00 24.10 24.10 24.00 * 23.40 23.60 23.60 23.50 23.50 23.40 23.20 23.10 23.40 23.30 23.50 23.50 23.30 23.20 23.30 23.60 * 0
2018-01-16 16:33:48 24.00 23.70 23.70 23.70 23.60 23.90 23.20 23.40 23.80 23.80 24.00 24.00 24.00 24.10 24.10 24.00 * 23.50 23.60 23.60 23.60 23.50 23.50 23.30 23.10 23.40 23.30 23.60 23.50 23.30 23.30 23.30 23.40 * 0
2018-01-16 16:33:49 23.90 23.60 23.70 23.60 23.50 23.80 23.20 23.30 23.80 23.90 24.00 24.10 24.10 24.20 24.20 24.10 * 23.50 23.60 23.60 23.60 23.60 23.50 23.40 23.20 23.40 23.30 23.60 23.60 23.40 23.30 23.40 23.50 * 0
2018-01-16 16:33:49 23.80 23.60 23.60 23.60 23.50 23.80 23.20 23.30 23.80 23.90 24.00 24.00 24.10 24.10 24.20 24.10 * 23.40 23.60 23.60 23.50 23.50 23.40 23.30 23.10 23.30 23.30 23.50 23.50 23.30 23.20 23.40 23.40 * 0
2018-01-16 16:33:49 23.80 23.70 23.60 23.60 23.50 23.80 23.10 23.20 23.70 23.80 23.90 23.90 24.00 24.10 24.10 24.00 * 23.40 23.60 23.60 23.50 23.50 23.40 23.30 23.10 23.20 23.30 23.50 23.40 23.20 23.20 23.20 23.40 * 0
2018-01-16 16:33:49 23.90 23.60 23.60 23.60 23.50 23.80 23.10 23.20 23.70 23.80 23.90 24.00 24.00 24.10 24.10 24.00 * 23.60 23.60 23.70 23.50 23.60 23.50 23.40 23.20 23.30 23.30 23.50 23.50 23.20 23.20 23.30 23.40 * 0
2018-01-16 16:33:50 23.90 23.70 23.70 23.60 23.60 23.80 23.20 23.30 23.80 23.60 23.80 23.90 24.00 24.00 24.10 24.00 * 23.50 23.60 23.70 23.50 23.60 23.50 23.40 23.20 23.40 23.30 23.50 23.50 23.30 23.20 23.30 23.40 * 0
2018-01-16 16:33:50 23.90 23.60 23.70 23.60 23.60 23.80 23.20 23.30 23.80 23.70 23.80 23.90 23.90 24.00 24.00 23.90 * 23.50 23.50 23.50 23.50 23.50 23.40 23.30 23.10 23.20 23.30 23.40 23.50 23.30 23.20 23.30 23.30 * 0
2018-01-16 16:33:50 24.00 23.80 23.80 23.70 23.60 23.90 23.30 23.40 23.70 23.80 23.90 24.00 24.00 24.00 24.10 24.00 * 23.50 23.50 23.50 23.50 23.50 23.40 23.30 23.10 23.30 23.40 23.50 23.50 23.30 23.30 23.30 23.40 * 0
2018-01-16 16:33:50 24.10 23.90 23.80 23.80 23.60 24.00 23.30 23.50 23.80 23.70 23.90 24.00 23.90 24.00 24.00 24.00 * 23.50 23.50 23.60 23.50 23.50 23.40 23.30 23.10 23.40 23.30 23.50 23.50 23.30 23.30 23.30 23.40 * 0
2018-01-16 16:33:51 24.20 23.90 23.90 23.90 23.70 24.00 23.40 23.60 23.70 23.70 23.90 23.90 23.90 24.00 24.10 24.00 * 23.50 23.50 23.60 23.50 23.50 23.40 23.30 23.10 23.30 23.30 23.50 23.50 23.30 23.30 23.30 23.30 * 0
2018-01-16 16:33:51 24.00 23.80 23.70 23.70 23.50 23.90 23.20 23.50 23.70 23.70 23.90 23.90 23.90 24.00 24.10 24.10 * 23.40 23.50 23.50 23.40 23.50 23.40 23.10 23.00 23.20 23.30 23.50 23.50 23.30 23.20 23.20 23.30 * 0
2018-01-16 16:33:51 24.00 23.80 23.70 23.70 23.50 23.90 23.30 23.40 23.90 23.80 24.00 24.00 24.00 24.00 24.10 24.10 * 23.40 23.50 23.50 23.40 23.40 23.30 23.20 23.10 23.30 23.30 23.50 23.60 23.30 23.30 23.30 23.40 * 0
2018-01-16 16:33:52 24.10 23.80 23.80 23.70 23.60 23.90 23.40 23.40 23.80 23.80 23.90 24.00 24.00 24.10 24.10 24.20 * 23.40 23.60 23.60 23.50 23.50 23.40 23.30 23.10 23.30 23.30 23.50 23.60 23.30 23.30 23.30 23.40 * 0
2018-01-16 16:33:52 23.90 23.70 23.70 23.70 23.50 23.80 23.20 23.50 23.90 23.80 24.00 24.10 24.10 24.20 24.10 24.20 * 23.40 23.50 23.60 23.50 23.50 23.40 23.20 23.00 23.30 23.30 23.50 23.50 23.30 23.30 23.30 23.30 * 0
2018-01-16 16:33:52 23.90 23.60 23.70 23.70 23.50 23.80 23.10 23.40 23.90 23.80 24.10 24.10 24.10 24.20 24.10 24.20 * 23.40 23.50 23.50 23.30 23.50 23.30 23.20 22.90 23.30 23.30 23.50 23.40 23.20 23.20 23.20 23.20 * 0
2018-01-16 16:33:52 24.00 23.70 23.70 23.70 23.50 23.80 23.20 23.40 23.80 23.80 24.00 24.00 24.00 24.10 24.10 24.10 * 23.30 23.50 23.40 23.20 23.30 23.20 23.10 22.90 23.20 23.20 23.40 23.40 23.20 23.20 23.20 23.20 * 0
2018-01-16 16:33:53 24.00 23.80 23.80 23.70 23.60 23.90 23.30 23.50 23.80 23.80 23.90 24.00 24.00 24.00 24.10 24.00 * 23.20 23.40 23.30 23.30 23.30 23.20 23.10 22.90 23.30 23.30 23.50 23.50 23.30 23.20 23.30 23.40 * 0
2018-01-16 16:33:53 24.10 23.90 23.80 23.70 23.60 23.90 23.30 23.50 23.70 23.80 23.90 24.00 23.90 24.00 24.10 24.00 * 23.30 23.40 23.40 23.30 23.40 23.30 23.20 22.90 23.30 23.40 23.60 23.60 23.40 23.40 23.40 23.50 * 0
2018-01-16 16:33:53 24.00 23.80 23.70 23.70 23.50 23.90 23.30 23.40 23.60 23.80 23.90 23.90 23.90 24.00 24.00 24.00 * 23.20 23.40 23.40 23.30 23.40 23.30 23.20 22.90 23.20 23.30 23.50 23.50 23.30 23.30 23.30 23.30 * 0
2018-01-16 16:33:53 24.00 23.70 23.70 23.60 23.50 23.80 23.20 23.40 23.70 23.70 23.90 23.90 23.90 24.00 24.00 24.00 * 23.20 23.40 23.40 23.30 23.40 23.30 23.10 23.00 23.30 23.30 23.50 23.50 23.30 23.30 23.30 23.30 * 0
2018-01-16 16:33:54 24.00 23.70 23.70 23.60 23.50 23.70 23.20 23.40 23.80 23.80 24.00 24.00 24.10 24.10 24.20 24.10 * 23.40 23.50 23.50 23.50 23.50 23.30 23.20 23.00 23.30 23.40 23.60 23.60 23.30 23.30 23.30 23.40 * 0
2018-01-16 16:33:54 23.90 23.70 23.60 23.60 23.50 23.80 23.20 23.40 23.70 23.70 23.90 24.00 24.00 24.00 24.10 24.00 * 23.40 23.60 23.50 23.50 23.50 23.30 23.20 23.10 23.20 23.30 23.50 23.50 23.20 23.20 23.20 23.30 * 0
2018-01-16 16:33:54 23.80 23.70 23.60 23.60 23.50 23.80 23.10 23.30 23.70 23.70 23.90 24.00 23.90 24.00 24.00 23.90 * 23.20 23.50 23.40 23.40 23.40 23.30 23.10 23.00 23.20 23.30 23.40 23.50 23.20 23.20 23.20 23.20 * 0
2018-01-16 16:33:55 23.90 23.70 23.70 23.60 23.50 23.80 23.20 23.40 23.80 23.90 24.00 24.00 24.00 24.10 24.10 24.00 * 23.30 23.50 23.50 23.40 23.50 23.40 23.20 23.00 23.10 23.20 23.40 23.40 23.10 23.20 23.20 23.20 * 0
2018-01-16 16:33:55 24.00 23.70 23.70 23.70 23.60 23.90 23.30 23.40 24.00 24.00 24.10 24.10 24.20 24.20 24.20 24.30 * 23.40 23.60 23.60 23.50 23.50 23.40 23.20 23.10 23.20 23.20 23.40 23.40 23.30 23.10 23.10 23.30 * 0
2018-01-16 16:33:55 24.10 23.80 23.70 23.70 23.60 23.90 23.30 23.50 23.90 23.90 24.10 24.10 24.10 24.20 24.20 24.20 * 23.40 23.50 23.50 23.40 23.50 23.40 23.20 23.00 23.30 23.20 23.40 23.40 23.30 23.10 23.10 23.30 * 0
2018-01-16 16:33:55 24.00 23.80 23.70 23.70 23.50 23.90 23.20 23.40 23.70 23.70 24.00 24.00 24.00 24.10 24.10 24.00 * 23.30 23.50 23.50 23.40 23.40 23.30 23.20 23.00 23.20 23.20 23.40 23.40 23.20 23.10 23.10 23.30 * 0
2018-01-16 16:33:56 23.90 23.70 23.70 23.60 23.50 23.90 23.20 23.40 23.70 23.70 23.90 24.00 24.00 24.00 24.10 24.00 * 23.20 23.50 23.50 23.40 23.40 23.30 23.20 23.00 23.20 23.20 23.50 23.40 23.20 23.20 23.20 23.30 * 0
2018-01-16 16:33:56 24.00 23.70 23.70 23.70 23.50 23.90 23.20 23.40 23.70 23.80 23.90 24.00 24.00 24.00 24.10 24.00 * 23.20 23.50 23.50 23.40 23.40 23.40 23.20 23.00 23.30 23.30 23.50 23.60 23.40 23.30 23.30 23.40 * 0
2018-01-16 16:33:56 24.00 23.80 23.70 23.70 23.50 23.90 23.20 23.40 23.80 23.80 24.00 24.10 24.10 24.10 24.20 24.10 * 23.30 23.50 23.50 23.40 23.50 23.40 23.20 23.00 23.30 23.30 23.50 23.50 23.30 23.20 23.30 23.30 * 0
2018-01-16 16:33:56 23.90 23.70 23.70 23.60 23.50 23.90 23.20 23.40 23.80 23.80 24.00 24.10 24.10 24.10 24.20 24.10 * 23.30 23.50 23.40 23.40 23.40 23.30 23.10 23.00 23.20 23.10 23.40 23.40 23.10 23.10 23.20 23.20 * 0
2018-01-16 16:33:57 24.00 23.70 23.70 23.70 23.50 23.80 23.20 23.40 23.70 23.80 24.00 24.10 24.00 24.10 24.10 24.10 * 23.40 23.60 23.50 23.50 23.50 23.40 23.20 23.10 23.20 23.10 23.40 23.40 23.20 23.10 23.20 23.20 * 0
2018-01-16 16:33:57 24.00 23.70 23.70 23.70 23.50 23.80 23.20 23.40 23.80 23.80 24.00 24.10 24.00 24.10 24.20 24.10 * 23.40 23.60 23.60 23.50 23.50 23.40 23.30 23.10 23.10 23.10 23.40 23.40 23.20 23.10 23.20 23.10 * 0
2018-01-16 16:33:57 24.00 23.80 23.70 23.70 23.60 23.90 23.30 23.50 23.80 23.80 24.00 24.10 24.10 24.10 24.20 24.10 * 23.50 23.60 23.70 23.50 23.50 23.50 23.40 23.10 23.20 23.20 23.40 23.50 23.20 23.10 23.20 23.10 * 0
2018-01-16 16:33:57 24.00 23.80 23.70 23.70 23.60 23.80 23.30 23.50 23.60 23.70 23.80 23.90 23.90 24.00 24.00 24.10 * 23.30 23.50 23.50 23.40 23.40 23.30 23.20 23.00 23.10 23.20 23.40 23.50 23.10 23.10 23.20 23.10 * 0
2018-01-16 16:33:58 24.00 23.80 23.80 23.80 23.60 23.90 23.40 23.50 23.70 23.80 24.00 24.00 24.00 24.10 24.10 24.10 * 23.30 23.50 23.50 23.40 23.50 23.30 23.20 23.00 23.10 23.20 23.40 23.40 23.10 23.10 23.20 23.10 * 0
2018-01-16 16:33:58 24.10 23.80 23.80 23.80 23.60 23.90 23.40 23.50 23.80 23.80 24.10 24.10 24.00 24.10 24.10 24.10 * 23.30 23.50 23.60 23.50 23.50 23.40 23.30 23.10 23.10 23.20 23.40 23.40 23.20 23.10 23.20 23.10 * 0
2018-01-16 16:33:58 24.10 23.80 23.90 23.90 23.70 24.00 23.40 23.70 23.80 23.90 24.10 24.10 24.00 24.10 24.10 24.10 * 23.30 23.50 23.60 23.40 23.50 23.40 23.30 23.00 23.10 23.20 23.40 23.40 23.20 23.10 23.10 23.00 * 0
2018-01-16 16:33:59 24.10 23.80 23.80 23.80 23.60 23.90 23.40 23.60 23.70 23.60 23.90 23.90 23.90 24.00 24.00 24.00 * 23.30 23.40 23.50 23.40 23.40 23.30 23.10 22.90 23.20 23.20 23.50 23.50 23.20 23.10 23.20 23.10 * 0
2018-01-16 16:33:59 24.00 23.80 23.70 23.70 23.60 23.80 23.30 23.50 23.70 23.70 23.90 24.00 23.90 24.10 24.10 24.00 * 23.30 23.50 23.50 23.40 23.40 23.30 23.10 23.00 23.30 23.30 23.60 23.60 23.30 23.20 23.30 23.20 * 0
2018-01-16 16:33:59 24.00 23.80 23.70 23.70 23.50 23.80 23.30 23.50 23.80 23.80 23.90 24.00 24.00 24.20 24.20 24.30 * 23.40 23.50 23.50 23.40 23.50 23.40 23.30 23.10 23.20 23.30 23.50 23.50 23.30 23.10 23.20 23.30 * 0
2018-01-16 16:33:59 24.00 23.80 23.80 23.70 23.50 23.90 23.30 23.60 23.90 23.90 24.00 24.00 24.00 24.20 24.20 25.70 * 23.40 23.60 23.60 23.50 23.60 23.50 23.40 23.20 23.20 23.40 23.90 24.00 23.70 23.40 23.50 23.50 * 0
2018-01-16 16:34:00 24.00 23.80 23.80 23.70 23.60 23.90 23.30 23.60 23.90 23.90 24.40 25.90 25.20 25.70 26.60 26.70 * 23.40 23.60 23.60 23.60 23.50 23.50 23.60 24.40 24.00 26.20 26.70 25.80 23.30 23.50 23.80 23.60 * 0
2018-01-16 16:34:00 24.00 23.70 23.80 23.60 23.50 23.90 23.40 23.60 24.00 24.10 25.60 29.60 28.00 27.10 26.20 25.40 * 23.40 23.50 23.50 23.50 23.50 23.50 23.90 25.70 24.20 26.10 26.60 25.80 23.60 23.60 23.80 23.60 * 0
2018-01-16 16:34:00 24.00 23.80 23.80 23.70 23.50 24.00 23.80 24.50 24.50 25.20 27.00 31.20 30.20 26.70 25.00 24.30 * 23.40 23.80 24.30 24.40 24.30 24.00 24.10 25.70 24.40 26.20 26.70 25.80 23.70 23.30 23.20 23.20 * 0
2018-01-16 16:34:00 24.10 23.90 23.90 23.80 24.80 25.70 25.60 26.20 26.30 26.70 27.40 28.60 27.60 25.10 24.30 24.20 * 23.80 25.00 25.50 24.60 24.30 23.90 24.10 25.90 24.20 26.30 26.70 25.60 23.30 23.20 23.20 23.10 * 0
2018-01-16 16:34:01 24.10 23.90 24.20 25.30 26.50 26.90 26.60 26.20 25.40 24.70 24.20 24.00 24.00 24.10 24.10 24.10 * 24.40 26.20 25.70 23.60 23.50 23.50 23.60 23.80 23.60 23.90 23.60 23.40 23.20 23.10 23.20 23.00 * 0
2018-01-16 16:34:01 24.40 25.50 25.30 26.70 26.60 26.20 25.20 24.60 24.20 23.90 24.00 24.00 24.00 24.10 24.10 24.10 * 24.90 26.30 25.70 23.60 23.50 23.40 23.20 23.00 23.10 23.20 23.40 23.40 23.20 23.10 23.20 23.00 * 0
2018-01-16 16:34:01 25.20 27.40 26.40 26.20 25.10 24.20 23.40 23.60 24.00 23.80 24.00 24.00 24.00 24.10 24.10 24.10 * 25.50 26.40 25.70 23.50 23.50 23.40 23.30 23.10 23.30 23.20 23.40 23.40 23.20 23.20 23.20 23.10 * 0
2018-01-16 16:34:01 25.50 27.90 26.40 25.20 24.00 24.00 23.40 23.60 24.00 23.80 24.10 24.10 24.00 24.10 24.20 24.10 * 25.70 26.20 25.30 23.50 23.50 23.40 23.30 23.10 23.30 23.20 23.40 23.40 23.20 23.10 23.20 23.00 * 0
2018-01-16 16:34:02 26.30 27.00 25.90 24.10 23.70 24.00 23.40 23.60 23.90 23.80 24.10 24.10 24.00 24.00 24.10 24.10 * 25.50 24.00 23.50 23.50 23.40 23.40 23.20 23.00 23.20 23.20 23.40 23.50 23.20 23.10 23.20 23.00 * 0
2018-01-16 16:34:02 26.20 27.00 25.00 23.80 23.60 24.00 23.50 23.60 23.80 23.80 24.00 24.00 23.90 24.00 24.10 24.10 * 25.50 24.20 23.60 23.50 23.50 23.40 23.30 23.10 23.20 23.30 23.40 23.60 23.20 23.20 23.20 23.10 * 0
2018-01-16 16:34:02 26.50 27.20 26.50 23.80 23.70 24.10 23.50 23.60 23.70 23.70 23.80 23.90 23.90 24.00 24.10 24.00 * 25.40 24.90 23.70 23.50 23.50 23.50 23.20 23.10 23.20 23.30 23.40 23.50 23.30 23.20 23.30 23.10 * 0
2018-01-16 16:34:03 26.70 26.70 28.50 24.20 23.70 24.00 23.50 23.60 23.70 23.70 23.80 23.90 23.90 24.00 24.00 23.90 * 25.20 25.70 24.00 23.40 23.40 23.40 23.10 22.90 23.20 23.20 23.40 23.40 23.20 23.20 23.30 23.10 * 0
2018-01-16 16:34:03 26.50 27.00 29.20 25.60 23.70 24.00 23.40 23.70 23.80 23.70 23.90 23.90 23.90 24.00 24.00 24.00 * 25.20 26.20 24.40 23.50 23.50 23.40 23.20 23.00 23.20 23.20 23.50 23.40 23.20 23.10 23.20 23.10 * 0
2018-01-16 16:34:03 25.70 27.90 28.20 27.90 24.50 24.00 23.40 23.60 23.90 23.80 24.00 23.90 23.90 24.00 24.10 24.00 * 25.30 26.30 24.60 23.50 23.50 23.50 23.20 23.10 23.20 23.20 23.50 23.40 23.30 23.20 23.20 23.20 * 0
2018-01-16 16:34:03 25.00 28.10 26.80 28.00 27.90 24.40 23.30 23.50 23.90 23.90 24.00 24.10 24.00 24.10 24.20 24.20 * 25.70 26.30 24.60 23.60 23.60 23.50 23.30 23.10 23.30 23.20 23.60 23.50 23.30 23.20 23.30 23.20 * 0
2018-01-16 16:34:04 25.30 27.70 27.40 27.90 26.00 24.10 23.30 23.50 24.00 24.00 24.00 24.10 24.10 24.20 24.20 24.20 * 26.00 26.40 24.60 23.50 23.50 23.40 23.30 23.10 23.30 23.30 23.50 23.50 23.30 23.20 23.20 23.10 * 0
2018-01-16 16:34:04 25.20 27.10 27.10 26.60 24.50 23.90 23.30 23.50 24.00 24.00 24.10 24.10 24.10 24.20 24.20 24.20 * 25.90 26.40 24.40 23.50 23.40 23.30 23.20 23.00 23.20 23.30 23.50 23.50 23.20 23.20 23.20 23.10 * 0
2018-01-16 16:34:04 24.80 26.40 26.30 26.30 24.30 23.90 23.30 23.50 24.00 24.00 24.10 24.10 24.10 24.20 24.20 24.20 * 25.80 26.60 25.10 23.50 23.40 23.30 23.20 23.00 23.20 23.30 23.50 23.50 23.30 23.20 23.20 23.20 * 0
