2018-01-16 16:55:56 24.10 24.20 26.90 27.00 25.60 23.70 23.30 23.50 23.60 23.70 23.80 23.80 23.80 23.90 23.90 23.90 * 23.40 24.70 24.00 23.60 23.50 23.60 23.50 23.30 23.30 23.40 23.60 23.40 23.10 23.10 23.10 23.00 * 1
2018-01-16 16:55:57 24.10 24.00 25.60 27.20 25.80 24.00 23.40 23.60 23.60 23.70 23.80 23.90 23.80 23.80 23.90 23.90 * 23.50 24.90 23.90 24.30 23.70 23.80 23.70 23.50 23.20 23.30 23.50 23.40 23.10 23.10 23.10 23.00 * 1
2018-01-16 16:55:57 24.20 23.90 24.60 26.50 26.00 24.60 23.50 23.70 23.70 23.70 23.80 23.90 23.80 23.90 24.00 24.00 * 23.60 24.40 23.80 24.70 23.80 23.90 23.80 23.50 23.30 23.40 23.60 23.50 23.20 23.20 23.20 23.20 * 1
2018-01-16 16:55:57 24.10 23.90 23.90 24.90 26.30 25.00 23.50 23.70 23.60 23.60 23.80 23.80 23.80 23.90 24.00 23.90 * 23.40 23.50 23.70 24.50 23.60 23.70 23.70 23.40 23.40 23.40 23.50 23.50 23.20 23.10 23.20 23.10 * 1
2018-01-16 16:55:57 24.10 23.80 23.80 24.10 26.00 25.90 23.60 23.60 23.80 23.60 23.80 23.90 23.80 23.90 24.00 23.90 * 23.30 23.30 23.60 24.30 24.00 23.80 23.60 23.40 23.40 23.40 23.50 23.40 23.20 23.10 23.20 23.00 * 1
2018-01-16 16:55:58 24.10 23.70 23.80 23.70 24.60 26.30 24.40 23.70 24.70 23.70 23.90 24.00 23.90 24.00 24.10 24.10 * 23.30 23.40 23.50 23.70 24.60 24.30 23.80 23.60 23.40 23.40 23.60 23.50 23.20 23.10 23.20 23.10 * 1
2018-01-16 16:55:58 24.10 23.80 23.80 23.70 23.40 25.10 25.70 24.60 26.20 25.70 24.90 24.60 24.00 24.10 24.00 24.00 * 23.30 23.40 23.40 23.40 24.30 24.30 23.80 24.00 23.70 24.40 24.50 23.60 23.20 23.20 23.20 23.00 * 1
2018-01-16 16:55:58 24.10 23.90 23.80 23.70 23.30 23.80 25.40 25.70 24.70 25.30 26.10 25.70 24.60 24.10 24.00 24.00 * 23.30 23.40 23.30 23.30 23.80 24.00 23.60 24.40 23.70 24.50 25.00 23.80 23.40 23.20 23.20 23.10 * 1
2018-01-16 16:55:58 24.00 23.70 23.70 23.70 23.20 23.40 23.20 23.60 23.80 24.10 25.50 26.30 25.60 24.60 24.50 24.10 * 23.40 23.30 23.30 23.30 23.60 23.70 23.60 24.30 23.50 24.10 24.70 23.90 23.60 24.00 23.30 23.10 * 1
2018-01-16 16:55:59 24.00 23.80 23.80 23.70 23.20 23.40 23.30 23.60 23.70 23.80 24.20 25.40 26.30 25.60 24.80 24.50 * 23.40 23.40 23.50 23.40 23.70 23.70 23.70 23.50 23.40 23.60 24.10 23.70 23.60 24.90 23.50 23.20 * 1
2018-01-16 16:55:59 24.10 23.90 23.90 23.80 23.30 23.50 23.40 23.70 23.70 23.70 24.00 24.10 26.00 27.00 25.30 24.70 * 23.40 23.40 23.40 23.40 23.70 23.70 23.70 23.60 23.50 23.60 24.00 23.70 23.60 25.10 23.70 23.20 * 1
2018-01-16 16:55:59 24.10 23.80 23.80 23.80 23.20 23.40 23.30 23.60 23.70 23.70 24.00 24.10 24.60 25.10 24.30 24.10 * 23.30 23.30 23.30 23.30 23.60 23.80 24.10 24.20 24.50 24.70 25.00 23.90 23.70 24.00 23.40 23.20 * 1
2018-01-16 16:56:00 24.00 23.70 23.70 23.70 23.20 23.40 23.30 23.50 23.60 23.70 23.80 23.90 23.80 23.90 23.90 23.90 * 23.20 23.30 23.40 23.40 24.30 25.00 25.10 24.80 25.40 25.00 24.30 23.60 23.30 23.30 23.20 23.20 * 1
2018-01-16 16:56:00 24.00 23.70 23.80 23.70 23.20 23.40 23.30 23.50 23.50 23.60 23.70 23.80 23.80 23.80 23.90 23.80 * 23.20 23.30 23.40 23.50 25.10 26.10 25.50 24.90 25.40 25.20 23.90 23.60 23.30 23.20 23.20 23.20 * 1
2018-01-16 16:56:00 24.00 23.70 23.80 23.60 23.20 23.40 23.30 23.50 23.70 23.80 23.90 24.00 24.00 24.10 24.10 24.00 * 23.20 23.30 23.40 23.60 25.40 26.10 25.30 25.10 25.30 25.30 23.90 23.50 23.20 23.20 23.20 23.10 * 1
2018-01-16 16:56:00 24.10 23.80 23.80 23.60 23.20 23.50 23.30 23.60 23.70 23.80 24.00 24.00 23.90 24.10 24.10 24.10 * 23.20 23.30 23.30 23.50 25.50 26.00 25.30 25.10 25.20 25.30 24.20 23.50 24.10 23.80 23.20 23.10 * 1
2018-01-16 16:56:01 24.00 23.70 23.70 23.70 23.20 23.40 23.20 23.60 23.70 23.80 24.00 24.00 23.90 24.10 24.10 24.10 * 23.30 23.40 23.30 23.50 25.50 26.00 25.40 25.20 25.30 25.30 24.40 23.60 24.90 24.70 23.30 23.20 * 1
2018-01-16 16:56:01 24.00 23.70 23.70 23.70 23.30 23.40 23.20 23.50 23.70 23.80 23.90 24.00 23.90 24.10 24.10 24.10 * 23.30 23.40 23.40 23.50 25.40 26.00 25.40 25.30 25.40 25.40 24.50 23.70 25.20 25.00 23.40 23.30 * 1
2018-01-16 16:56:01 24.10 23.80 23.80 23.80 23.30 23.50 23.30 23.60 23.70 23.80 23.90 24.00 24.00 24.10 24.10 24.10 * 23.30 23.40 23.40 23.60 25.50 26.10 25.50 25.30 25.50 25.50 24.70 23.80 25.20 25.20 23.50 23.30 * 1
2018-01-16 16:56:01 24.00 23.70 23.70 23.60 23.20 23.40 23.30 23.50 23.70 23.80 23.90 24.00 24.00 24.10 24.10 24.10 * 23.30 23.40 23.40 23.60 25.40 26.00 25.50 25.30 25.50 25.40 24.70 23.70 25.10 25.10 23.40 23.30 * 1
2018-01-16 16:56:02 24.00 23.70 23.70 23.60 23.20 23.40 23.30 23.50 23.60 23.70 23.90 23.90 23.80 24.00 24.00 24.10 * 23.30 23.40 23.40 23.60 25.40 25.70 25.70 25.90 25.80 26.60 24.80 23.80 25.00 25.20 23.50 23.20 * 1
2018-01-16 16:56:02 24.00 23.70 23.70 23.70 23.20 23.40 23.30 23.50 23.60 23.80 23.90 23.90 23.80 24.00 24.00 24.00 * 23.40 23.40 23.40 23.60 25.40 25.60 25.80 26.40 25.80 26.90 24.90 23.80 25.00 25.30 23.50 23.30 * 1
2018-01-16 16:56:02 24.10 23.70 23.70 23.70 23.20 23.40 23.20 23.50 23.70 23.80 24.00 24.00 23.90 24.00 24.10 24.00 * 23.40 23.40 23.50 23.70 25.40 25.70 25.80 26.50 25.80 26.90 24.90 23.80 25.00 25.20 23.40 23.20 * 1
2018-01-16 16:56:02 23.90 23.60 23.50 23.50 23.10 23.30 23.10 23.40 23.70 23.90 24.00 24.00 24.00 24.10 24.10 24.10 * 23.30 23.40 23.40 23.60 25.40 25.70 25.70 26.40 25.80 26.70 24.90 23.80 25.00 25.10 23.40 23.20 * 1
2018-01-16 16:56:03 23.90 23.60 23.60 23.60 23.20 23.40 23.20 23.40 23.70 23.80 23.90 24.00 24.00 24.00 24.10 24.00 * 23.30 23.30 23.40 23.50 25.40 25.60 25.90 25.90 26.10 26.10 24.90 23.80 25.10 25.20 23.40 23.20 * 1
2018-01-16 16:56:03 24.00 23.70 23.70 23.70 23.30 23.40 23.30 23.50 23.70 23.80 24.00 24.00 24.00 24.00 24.10 24.00 * 23.40 23.40 23.40 23.60 25.40 25.60 26.10 25.80 26.10 25.80 24.90 23.80 25.10 25.20 23.50 23.30 * 1
2018-01-16 16:56:03 24.00 23.60 23.70 23.60 23.30 23.40 23.30 23.50 23.70 23.80 24.00 24.00 24.10 24.10 24.20 24.10 * 23.30 23.40 23.40 23.60 25.40 25.70 25.90 25.60 25.80 25.60 24.80 23.70 25.00 25.20 23.40 23.20 * 1
2018-01-16 16:56:04 24.00 23.60 23.70 23.60 23.20 23.40 23.30 23.50 23.80 23.80 24.00 24.00 24.00 24.10 24.20 24.10 * 23.20 23.20 23.30 23.60 25.40 25.70 25.60 25.40 25.60 25.50 24.80 23.70 24.90 25.20 23.30 23.10 * 1
2018-01-16 16:56:04 24.00 23.60 23.70 23.60 23.20 23.40 23.20 23.40 23.60 23.70 23.90 23.90 23.90 24.00 24.00 24.00 * 23.10 23.30 23.30 23.70 25.50 25.60 25.50 25.30 25.60 25.60 25.00 23.70 25.00 25.30 23.30 23.10 * 1
2018-01-16 16:56:04 24.00 23.70 23.70 23.60 23.20 23.40 23.20 23.50 23.60 23.70 23.90 23.90 23.90 24.00 24.00 23.90 * 23.20 23.30 23.40 23.80 25.60 25.70 25.40 25.30 25.70 25.80 25.10 23.80 25.10 25.50 23.50 23.30 * 1
2018-01-16 16:56:04 23.90 23.70 23.70 23.70 23.20 23.40 23.20 23.50 23.70 23.80 23.90 24.00 23.90 24.10 24.10 24.00 * 23.30 23.40 23.50 23.70 25.70 25.90 25.50 25.40 25.60 25.70 25.00 23.70 24.90 25.40 23.40 23.20 * 1
2018-01-16 16:56:05 23.90 23.60 23.70 23.60 23.20 23.30 23.10 23.40 23.70 23.80 23.90 23.90 23.90 24.00 24.00 24.00 * 23.30 23.40 23.40 23.60 25.60 25.80 25.60 25.40 25.60 25.60 25.00 23.70 24.90 25.40 23.40 23.20 * 1
2018-01-16 16:56:05 24.10 23.70 23.80 23.70 23.30 23.40 23.20 23.50 23.50 23.70 23.90 23.90 23.80 23.90 24.00 23.80 * 23.30 23.40 23.40 23.60 25.50 25.80 25.80 25.60 25.70 25.60 25.00 23.80 25.00 25.40 23.50 23.30 * 1
2018-01-16 16:56:05 24.00 23.70 23.70 23.70 23.30 23.50 23.30 23.50 23.60 23.80 24.00 24.00 24.00 24.10 24.10 24.10 * 23.40 23.50 23.50 23.60 25.40 25.70 26.00 25.70 26.20 25.80 25.10 23.90 25.10 25.40 23.60 23.20 * 1
2018-01-16 16:56:05 24.10 23.70 23.70 23.70 23.30 23.50 23.30 23.60 23.60 23.80 23.90 23.90 23.90 24.10 24.00 24.00 * 23.40 23.40 23.40 23.50 25.40 25.70 26.10 25.70 26.20 25.90 25.00 23.80 25.10 25.30 23.50 23.20 * 1
2018-01-16 16:56:06 23.90 23.60 23.60 23.60 23.10 23.30 23.20 23.40 23.60 23.70 23.90 23.90 23.80 24.00 24.00 23.90 * 23.30 23.40 23.40 23.50 25.40 25.70 26.10 25.80 26.20 25.90 25.00 23.70 25.00 25.30 23.50 23.20 * 1
2018-01-16 16:56:06 23.90 23.60 23.60 23.60 23.10 23.30 23.20 23.40 23.70 23.80 23.90 24.00 23.90 24.00 24.10 24.00 * 23.20 23.40 23.40 23.50 25.30 25.60 26.00 25.70 26.10 26.00 25.00 23.80 25.00 25.30 23.50 23.20 * 1
2018-01-16 16:56:06 24.00 23.70 23.70 23.70 23.20 23.40 23.20 23.50 23.80 23.90 24.00 24.10 24.00 24.10 24.10 24.10 * 23.40 23.50 23.50 23.60 25.30 25.70 26.10 25.70 26.10 25.90 25.00 23.80 25.00 25.30 23.50 23.30 * 1
2018-01-16 16:56:06 24.00 23.70 23.80 23.70 23.30 23.40 23.20 23.50 23.80 23.90 24.10 24.10 24.10 24.20 24.20 24.20 * 23.40 23.50 23.40 23.60 25.30 25.60 26.00 25.70 26.00 25.90 25.00 23.80 25.00 25.30 23.50 23.20 * 1
2018-01-16 16:56:07 24.00 23.70 23.70 23.60 23.20 23.30 23.20 23.40 23.80 23.80 24.00 24.10 24.10 24.10 24.20 24.20 * 23.20 23.40 23.40 23.50 25.30 25.50 25.80 25.60 26.00 25.80 25.00 23.70 25.00 25.30 23.50 23.20 * 1
2018-01-16 16:56:07 24.00 23.60 23.60 23.60 23.20 23.30 23.20 23.40 23.70 23.80 24.00 24.10 24.00 24.10 24.10 24.20 * 23.30 23.40 23.50 23.60 25.40 25.60 25.90 25.70 25.90 25.80 25.00 23.70 25.00 25.30 23.50 23.20 * 1
2018-01-16 16:56:07 24.00 23.70 23.60 23.70 23.20 23.40 23.30 23.50 23.80 23.90 24.10 24.10 24.10 24.10 24.20 24.20 * 23.40 23.40 23.50 23.60 25.40 25.60 25.80 25.60 25.90 25.80 25.10 23.80 25.00 25.40 23.50 23.30 * 1
2018-01-16 16:56:07 24.10 23.80 23.70 23.80 23.30 23.50 23.30 23.60 23.70 23.80 24.00 24.10 24.10 24.10 24.20 24.10 * 23.30 23.40 23.40 23.60 25.40 25.60 25.80 25.60 25.80 25.80 25.10 23.80 25.00 25.40 23.50 23.20 * 1
2018-01-16 16:56:08 24.00 23.70 23.60 23.60 23.20 23.30 23.20 23.50 23.60 23.70 23.90 24.00 23.90 24.00 24.10 24.00 * 23.20 23.30 23.40 23.60 25.40 25.60 25.70 25.60 25.80 25.80 25.10 23.80 25.00 25.40 23.50 23.20 * 1
2018-01-16 16:56:08 24.00 23.70 23.70 23.60 23.20 23.40 23.20 23.50 23.50 23.70 23.80 23.90 23.80 23.90 24.00 23.90 * 23.20 23.40 23.40 23.60 25.40 25.60 25.70 25.60 25.80 25.70 25.10 23.80 25.00 25.40 23.60 23.20 * 1
2018-01-16 16:56:08 24.00 23.60 23.80 23.70 23.20 23.40 23.20 23.50 23.50 23.70 23.90 23.90 23.80 23.90 24.00 24.00 * 23.50 23.50 23.50 23.70 25.50 25.70 25.90 25.70 25.70 25.70 25.00 23.70 24.90 25.30 23.50 23.20 * 1
2018-01-16 16:56:09 24.00 23.60 23.70 23.70 23.20 23.40 23.20 23.50 23.70 23.80 23.90 24.00 24.00 24.10 24.10 24.00 * 23.40 23.50 23.40 23.70 25.40 25.70 25.80 25.70 25.80 25.80 25.10 23.70 24.90 25.30 23.40 23.20 * 1
2018-01-16 16:56:09 24.00 23.70 23.70 23.70 23.30 23.50 23.30 23.50 23.50 23.70 23.80 23.90 23.90 24.00 24.00 23.90 * 23.30 23.40 23.40 23.60 25.40 25.60 25.70 25.70 25.70 25.70 25.00 23.60 24.90 25.20 23.30 23.10 * 1
2018-01-16 16:56:09 24.00 23.70 23.70 23.60 23.20 23.40 23.30 23.40 23.60 23.70 23.80 23.90 23.90 24.00 24.00 23.90 * 23.40 23.50 23.50 23.70 25.40 25.70 25.90 25.80 25.70 25.80 24.90 23.60 24.90 25.10 23.30 23.10 * 1
2018-01-16 16:56:09 24.00 23.70 23.70 23.70 23.20 23.40 23.30 23.50 23.60 23.70 23.90 23.90 23.80 23.90 24.00 24.00 * 23.40 23.50 23.50 23.60 25.40 25.70 25.80 25.80 25.70 25.80 24.90 23.60 24.90 25.20 23.30 23.10 * 1
2018-01-16 16:56:10 24.10 23.70 23.70 23.70 23.30 23.40 23.30 23.60 23.60 23.60 23.80 23.90 23.80 23.90 24.00 24.00 * 23.30 23.40 23.50 23.60 25.40 25.60 25.80 25.80 25.90 26.00 25.10 23.80 25.00 25.30 23.40 23.20 * 1
2018-01-16 16:56:10 23.90 23.60 23.60 23.60 23.20 23.40 23.30 23.50 23.50 23.60 23.80 23.90 23.80 23.90 24.00 23.90 * 23.10 23.30 23.30 23.50 25.30 25.50 25.70 25.70 25.80 26.00 25.00 23.70 24.90 25.20 23.30 23.10 * 1
2018-01-16 16:56:10 23.80 23.60 23.60 23.60 23.20 23.30 23.20 23.40 23.60 23.70 23.80 23.90 23.90 24.00 24.00 23.90 * 23.20 23.30 23.40 23.50 25.30 25.50 25.80 25.90 25.80 26.10 24.90 23.70 24.90 25.20 23.30 23.20 * 1
2018-01-16 16:56:10 23.80 23.60 23.60 23.60 23.20 23.40 23.20 23.40 23.60 23.70 23.80 24.00 23.90 24.00 24.10 24.00 * 23.30 23.50 23.40 23.50 25.30 25.80 25.50 25.60 25.60 25.80 24.90 23.70 25.00 25.20 23.40 23.20 * 1
2018-01-16 16:56:11 24.00 23.70 23.70 23.70 23.30 23.40 23.20 23.50 23.60 23.70 23.90 23.90 24.00 24.00 24.10 24.00 * 23.40 23.40 23.40 23.50 25.20 25.90 25.60 25.40 25.50 25.20 24.50 23.80 24.90 24.90 23.30 23.00 * 1
2018-01-16 16:56:11 23.90 23.70 23.70 23.70 23.20 23.40 23.30 23.50 23.50 23.70 23.90 23.90 23.90 24.00 24.10 24.00 * 23.30 23.40 23.40 23.40 25.00 26.20 25.80 25.50 25.80 25.50 24.60 24.20 24.80 24.50 23.30 23.00 * 1
2018-01-16 16:56:11 24.00 23.70 23.70 23.70 23.20 23.40 23.30 23.40 23.50 23.70 23.90 23.90 23.90 24.00 24.10 24.00 * 23.30 23.40 23.40 23.40 24.40 26.00 26.00 25.60 25.70 25.70 24.90 24.50 24.50 23.90 23.30 23.10 * 1
2018-01-16 16:56:12 24.00 23.70 23.70 23.70 23.20 23.40 23.30 23.50 23.60 23.80 23.90 23.90 23.90 24.00 24.10 24.00 * 23.30 23.40 23.50 23.40 23.80 24.20 25.00 25.40 25.10 25.70 25.30 24.80 24.50 23.70 23.40 23.20 * 1
2018-01-16 16:56:12 24.00 23.60 23.70 23.60 23.20 23.40 23.30 23.50 23.60 23.70 23.90 23.90 23.90 24.00 24.00 24.00 * 23.30 23.40 23.50 23.40 23.70 24.00 24.80 25.00 24.60 25.10 25.40 25.00 25.00 23.60 23.30 23.20 * 1
2018-01-16 16:56:12 24.00 23.70 23.70 23.70 23.20 23.40 23.30 23.50 23.60 23.60 23.90 23.90 23.90 24.00 23.90 24.00 * 23.30 23.40 23.40 23.40 23.60 23.90 24.60 24.90 24.50 25.20 25.40 25.10 24.80 23.80 23.40 23.20 * 1
2018-01-16 16:56:12 23.90 23.60 23.60 23.60 23.20 23.30 23.10 23.40 23.60 23.70 23.90 24.00 23.90 24.00 24.00 24.00 * 23.30 23.40 23.40 23.40 23.60 24.00 24.50 24.90 24.30 25.20 25.50 25.10 24.40 23.70 23.30 23.10 * 1
