2018-01-16 17:24:38 23.40 23.10 23.00 23.20 23.30 23.70 25.00 26.20 24.60 26.10 25.80 24.40 23.90 23.90 23.90 23.90 * 23.10 23.20 23.40 23.50 23.60 23.50 23.70 23.40 23.50 23.50 24.10 23.70 23.20 23.10 23.10 22.80 * 1
2018-01-16 17:24:38 23.50 23.20 23.10 23.20 23.30 23.60 23.50 24.00 23.80 24.50 25.80 24.80 23.90 23.80 23.90 23.90 * 23.10 23.20 23.40 23.50 23.60 23.50 23.40 23.20 23.20 23.50 24.10 23.90 23.20 23.10 23.00 22.80 * 1
2018-01-16 17:24:39 23.50 23.20 23.10 23.20 23.30 23.60 23.40 23.70 23.80 24.00 24.70 25.30 23.90 23.90 24.00 24.00 * 23.10 23.20 23.40 23.50 23.60 23.50 23.30 23.20 23.30 23.40 23.70 24.00 23.50 23.20 23.10 22.90 * 1
2018-01-16 17:24:39 23.50 23.20 23.10 23.30 23.40 23.60 23.50 23.60 23.70 23.90 24.40 26.10 24.20 23.90 24.00 24.00 * 23.00 23.10 23.30 23.40 23.60 23.40 23.40 23.20 23.20 23.40 23.60 23.90 23.40 23.10 23.00 22.80 * 1
2018-01-16 17:24:39 23.40 23.20 23.10 23.40 23.40 23.60 23.50 23.60 23.80 24.00 24.80 26.10 24.60 24.00 24.10 24.00 * 23.10 23.20 23.40 23.40 23.60 23.50 23.50 23.30 23.20 23.30 23.50 23.60 23.50 23.10 22.90 22.70 * 1
2018-01-16 17:24:39 23.40 23.20 23.10 23.20 23.30 23.60 23.40 23.50 23.90 24.00 24.80 26.40 25.40 24.10 24.10 24.10 * 23.10 23.20 23.40 23.40 23.60 23.60 23.40 23.30 23.10 23.20 23.50 23.50 23.70 23.00 22.90 22.60 * 1
2018-01-16 17:24:40 23.40 23.20 23.00 23.20 23.30 23.60 23.40 23.50 23.90 24.10 24.90 26.50 25.70 24.20 24.10 24.10 * 23.10 23.20 23.30 23.50 23.60 23.60 23.40 23.30 23.10 23.20 23.40 23.50 23.90 23.00 22.90 22.70 * 1
2018-01-16 17:24:40 23.50 23.20 23.00 23.30 23.30 23.60 23.50 24.10 24.40 24.60 25.20 26.80 26.70 25.40 25.10 24.30 * 23.20 23.30 23.40 23.60 23.70 23.60 23.50 23.40 23.10 23.30 23.70 23.90 24.20 23.10 22.90 22.70 * 1
2018-01-16 17:24:40 23.50 23.20 23.00 23.20 23.30 23.60 24.10 24.70 24.70 26.10 26.90 28.10 27.20 25.50 25.00 24.20 * 23.20 23.30 23.40 23.60 23.70 23.70 23.60 23.70 23.20 23.50 24.50 24.60 24.60 23.20 23.00 22.70 * 1
2018-01-16 17:24:41 23.40 23.10 23.00 23.30 23.30 23.60 24.10 26.10 25.10 27.20 27.00 26.50 25.40 24.50 24.10 24.10 * 23.20 23.30 24.10 25.30 24.50 23.80 24.50 26.10 24.50 26.10 25.50 25.10 24.70 23.20 23.10 22.80 * 1
2018-01-16 17:24:41 23.30 23.00 23.00 23.20 23.30 23.60 24.00 24.30 24.70 25.20 24.60 24.00 23.90 23.90 24.00 24.00 * 23.20 23.40 24.70 27.10 25.30 24.20 25.60 28.50 27.20 29.30 25.40 25.50 23.80 23.10 23.10 22.90 * 1
2018-01-16 17:24:41 23.40 23.00 22.90 23.20 23.30 23.60 23.50 23.50 23.80 23.90 24.00 23.90 23.90 23.90 24.00 24.00 * 23.30 23.50 25.00 27.20 26.30 25.90 26.80 29.10 28.30 29.70 25.20 25.70 23.70 23.20 23.10 22.90 * 1
2018-01-16 17:24:41 23.50 23.10 23.00 23.30 23.40 23.60 23.60 23.50 23.90 24.00 24.10 24.00 23.90 23.90 24.10 24.00 * 24.30 23.80 25.90 27.10 27.70 27.60 28.60 29.50 28.80 29.40 25.10 25.70 23.70 23.20 23.10 22.90 * 1
2018-01-16 17:24:42 23.40 23.20 23.10 23.30 23.40 23.60 23.50 23.60 23.80 23.90 24.00 24.00 23.90 23.90 24.00 24.00 * 24.80 25.50 26.10 27.20 27.80 27.70 29.30 28.90 29.30 28.20 25.00 25.70 23.80 23.20 23.00 22.90 * 1
2018-01-16 17:24:42 23.60 23.20 23.10 23.30 23.40 23.60 23.50 23.60 23.80 23.90 24.00 24.00 23.80 23.90 23.90 24.00 * 26.20 28.10 26.80 27.40 27.90 27.90 29.80 28.40 29.60 27.00 24.90 25.70 23.70 23.20 23.00 22.90 * 1
2018-01-16 17:24:42 23.60 23.20 23.10 23.30 23.40 23.70 23.50 23.60 23.90 24.00 24.10 24.00 23.90 24.00 24.00 24.10 * 27.50 29.10 27.40 27.60 28.00 27.90 29.80 28.20 29.60 27.00 25.00 25.70 23.90 23.20 23.10 22.90 * 1
2018-01-16 17:24:42 23.50 23.20 23.10 23.30 23.40 23.70 23.50 23.60 23.70 23.80 23.90 23.90 23.80 23.80 23.90 23.90 * 29.30 29.40 27.60 27.80 28.00 27.90 29.90 28.40 29.50 27.00 24.90 25.70 24.20 23.20 23.10 22.90 * 1
2018-01-16 17:24:43 23.50 23.20 23.10 23.30 23.40 23.60 23.40 23.60 23.70 23.80 23.90 23.80 23.80 23.80 23.90 23.90 * 30.20 29.60 27.60 27.80 28.00 27.90 29.80 28.40 29.60 27.10 24.90 25.70 24.50 23.30 23.10 22.90 * 1
2018-01-16 17:24:43 23.40 23.20 23.00 23.30 23.30 23.60 23.50 23.60 23.70 23.80 23.90 23.80 23.80 23.80 23.90 24.00 * 30.70 29.80 27.70 28.00 28.10 28.10 29.90 28.40 29.70 27.20 25.00 25.70 24.60 23.40 23.20 23.00 * 1
2018-01-16 17:24:43 23.50 23.20 23.10 23.30 23.30 23.60 23.40 23.50 23.80 23.90 24.00 23.90 23.80 23.90 24.00 24.10 * 30.80 29.90 27.70 28.00 28.20 28.10 29.90 28.40 29.70 27.20 25.00 25.70 24.60 23.50 23.20 23.00 * 1
2018-01-16 17:24:43 23.40 23.20 23.10 23.20 23.30 23.60 23.40 23.50 23.80 23.90 24.00 23.90 23.90 23.90 23.90 24.10 * 31.00 30.00 27.80 28.10 28.20 28.10 29.90 28.30 29.70 27.20 25.00 25.70 24.70 23.60 23.20 23.00 * 1
2018-01-16 17:24:44 23.40 23.20 23.00 23.20 23.40 23.60 23.40 23.50 23.90 24.00 24.10 24.10 24.00 24.00 24.10 24.10 * 31.50 30.40 27.90 28.30 28.30 28.30 30.00 28.50 29.70 27.20 25.10 25.70 24.70 23.50 23.30 23.00 * 1
2018-01-16 17:24:44 23.40 23.20 23.00 23.30 23.40 23.60 23.40 23.50 24.00 24.10 24.20 24.20 24.10 24.10 24.20 24.30 * 31.80 30.60 28.10 28.40 28.50 28.40 30.20 28.60 29.90 27.30 25.20 25.80 24.80 23.60 23.40 23.20 * 1
2018-01-16 17:24:44 23.70 23.40 23.20 23.40 23.50 23.70 23.60 23.80 24.20 24.20 24.40 24.30 24.30 24.30 24.30 24.50 * 32.10 30.80 28.30 28.60 28.70 28.60 30.30 28.80 30.00 27.40 25.20 25.90 24.90 23.70 23.40 23.30 * 1
2018-01-16 17:24:44 23.70 23.50 23.40 23.60 23.60 23.80 23.70 23.90 24.40 24.30 24.40 24.40 24.40 24.40 24.50 24.60 * 32.20 30.80 28.40 28.60 28.80 28.70 30.40 28.90 30.30 27.60 25.40 26.10 25.10 24.00 23.80 23.50 * 1
2018-01-16 17:24:45 23.80 23.50 23.40 23.70 23.60 23.90 23.80 23.90 24.20 24.20 24.30 24.20 24.10 24.20 24.40 24.30 * 32.20 30.80 28.20 28.40 28.70 28.50 30.20 28.70 30.10 27.40 25.20 25.90 24.90 23.80 23.50 23.30 * 1
2018-01-16 17:24:45 23.70 23.40 23.20 23.50 23.40 23.70 23.60 23.70 24.00 24.00 24.00 24.10 23.90 24.00 24.10 24.10 * 32.00 30.60 28.00 28.20 28.50 28.30 30.00 28.40 29.80 27.20 25.00 25.70 24.70 23.40 23.20 23.10 * 1
2018-01-16 17:24:45 23.20 22.90 22.80 23.10 23.10 23.30 23.20 23.30 23.70 23.80 23.90 24.00 23.70 23.70 23.90 23.90 * 31.90 30.50 28.00 28.20 28.50 28.20 29.90 28.30 29.60 27.00 24.80 25.40 24.50 23.30 23.00 22.90 * 1
2018-01-16 17:24:46 23.20 22.90 22.80 23.10 23.10 23.30 23.20 23.30 23.70 23.80 23.90 23.90 23.70 23.70 23.90 23.90 * 31.90 30.40 28.00 28.20 28.50 28.30 29.90 28.30 29.70 27.10 24.80 25.50 24.50 23.30 23.00 22.90 * 1
2018-01-16 17:24:46 23.20 22.90 22.90 23.10 23.20 23.40 23.30 23.30 23.70 23.70 23.80 23.80 23.70 23.70 23.90 23.90 * 32.00 30.40 28.10 28.20 28.50 28.30 29.90 28.30 29.70 27.10 24.90 25.60 24.60 23.40 23.10 22.90 * 1
2018-01-16 17:24:46 23.30 23.00 22.90 23.20 23.20 23.40 23.30 23.40 23.70 23.90 23.90 24.00 23.80 23.80 23.90 24.00 * 32.00 30.60 28.20 28.30 28.60 28.30 30.00 28.40 29.70 27.10 24.90 25.60 24.60 23.50 23.20 23.00 * 1
2018-01-16 17:24:46 23.40 23.10 23.00 23.30 23.30 23.50 23.40 23.50 23.80 23.90 24.00 24.00 23.80 23.80 24.00 24.10 * 32.20 30.70 28.30 28.40 28.60 28.40 30.00 28.40 29.70 27.10 24.90 25.60 24.60 23.40 23.20 23.00 * 1
2018-01-16 17:24:47 23.40 23.10 23.00 23.30 23.30 23.50 23.40 23.60 23.80 24.00 24.10 24.00 23.80 23.80 24.00 24.10 * 32.20 30.80 28.30 28.40 28.60 28.50 30.00 28.40 29.60 27.00 24.70 25.40 24.40 23.30 22.90 22.80 * 1
2018-01-16 17:24:47 23.50 23.20 23.10 23.30 23.30 23.60 23.50 23.60 23.80 23.90 24.00 23.90 23.80 23.80 23.90 24.00 * 32.20 30.90 28.40 28.40 28.70 28.50 30.10 28.50 29.70 27.10 24.90 25.50 24.50 23.40 23.00 22.90 * 1
2018-01-16 17:24:47 23.50 23.20 23.10 23.30 23.40 23.60 23.50 23.60 23.90 24.00 24.10 24.00 23.90 24.00 24.10 24.10 * 32.10 30.80 28.30 28.40 28.70 28.50 30.10 28.40 29.90 27.20 24.90 25.60 24.60 23.50 23.20 23.00 * 1
2018-01-16 17:24:47 23.50 23.20 23.10 23.30 23.40 23.70 23.50 23.60 23.90 24.00 24.10 23.90 23.90 23.90 24.00 24.10 * 32.20 30.80 28.30 28.40 28.70 28.50 30.10 28.40 29.90 27.20 24.90 25.60 24.60 23.40 23.20 23.00 * 1
2018-01-16 17:24:48 23.50 23.20 23.00 23.30 23.30 23.60 23.50 23.60 23.80 23.90 24.00 23.90 23.80 23.90 24.00 24.10 * 32.10 30.80 28.40 28.30 28.70 28.40 30.00 28.30 29.80 27.10 24.90 25.60 24.60 23.50 23.20 23.10 * 1
2018-01-16 17:24:48 23.50 23.20 23.10 23.30 23.30 23.60 23.50 23.60 23.80 24.00 24.00 23.90 23.80 23.90 24.00 24.10 * 32.00 30.80 28.40 28.30 28.70 28.40 30.00 28.30 29.90 27.20 24.90 25.60 24.60 23.50 23.20 22.90 * 1
2018-01-16 17:24:48 23.50 23.20 23.10 23.30 23.30 23.60 23.50 23.60 24.00 24.00 24.10 24.00 23.90 23.90 24.10 24.20 * 32.00 30.70 28.40 28.40 28.90 28.70 30.10 28.40 29.80 27.10 24.90 25.60 24.60 23.50 23.20 22.90 * 1
2018-01-16 17:24:49 23.50 23.10 23.00 23.20 23.40 23.60 23.50 23.60 24.00 24.00 24.10 24.10 24.00 24.00 24.10 24.30 * 31.40 30.40 28.10 28.30 28.90 28.70 30.20 28.30 29.70 26.90 24.90 25.50 24.50 23.40 23.10 22.90 * 1
2018-01-16 17:24:49 23.50 23.10 23.10 23.30 23.30 23.60 23.50 23.50 23.90 24.00 24.10 24.10 24.00 24.00 24.00 24.20 * 31.20 30.60 28.20 28.10 28.80 28.70 30.10 28.20 29.70 26.70 24.90 25.40 24.40 23.20 23.10 22.90 * 1
2018-01-16 17:24:49 23.50 23.20 23.20 23.30 23.30 23.60 23.50 23.60 23.90 24.00 24.10 24.00 23.90 23.90 24.00 24.20 * 31.30 31.10 28.60 28.00 28.70 28.80 30.10 28.20 29.70 27.00 24.90 25.50 24.50 23.20 23.20 23.00 * 1
2018-01-16 17:24:49 23.50 23.20 23.10 23.30 23.30 23.60 23.50 23.70 23.90 24.00 24.10 24.00 23.90 23.90 24.10 24.10 * 31.10 31.10 28.80 28.00 28.80 29.00 30.10 28.40 29.70 27.10 24.90 25.50 24.50 23.30 23.20 23.00 * 1
2018-01-16 17:24:50 23.40 23.20 23.00 23.20 23.30 23.60 23.50 23.60 23.90 24.00 24.00 24.00 23.90 23.90 24.00 24.10 * 30.80 31.10 28.60 28.10 28.70 29.20 30.10 28.60 29.80 27.30 24.90 25.60 24.50 23.30 23.20 23.00 * 1
2018-01-16 17:24:50 23.40 23.10 23.00 23.20 23.30 23.60 23.40 23.50 23.90 23.90 24.00 24.00 23.90 23.90 24.00 24.00 * 30.70 30.90 28.40 28.40 28.60 29.30 30.20 28.70 29.80 27.50 25.00 25.60 24.50 23.30 23.20 23.00 * 1
2018-01-16 17:24:50 23.40 23.10 23.00 23.20 23.30 23.60 23.40 23.50 24.00 23.90 24.10 24.00 23.90 24.00 24.00 24.10 * 30.70 30.80 28.20 28.60 28.70 29.40 30.30 28.80 29.80 27.70 25.10 25.80 24.70 23.40 23.10 23.00 * 1
2018-01-16 17:24:50 23.40 23.10 23.00 23.20 23.30 23.50 23.50 23.60 24.00 24.00 24.10 24.10 24.00 24.00 24.10 24.10 * 30.80 31.00 28.60 29.00 28.90 29.60 30.40 28.90 29.80 27.70 25.20 25.80 24.70 23.40 23.20 22.90 * 1
2018-01-16 17:24:51 23.40 23.10 23.00 23.20 23.20 23.50 23.40 23.60 23.80 23.90 24.00 24.00 23.90 23.90 24.10 24.10 * 30.80 31.10 28.80 29.10 29.10 29.80 30.60 28.90 29.80 27.60 25.10 25.80 24.60 23.40 23.10 22.80 * 1
2018-01-16 17:24:51 23.40 23.10 23.00 23.20 23.20 23.50 23.30 23.50 23.80 23.90 24.00 24.00 23.90 23.90 24.10 24.10 * 31.00 31.30 29.10 29.30 29.10 29.80 30.60 28.90 29.80 27.60 25.10 25.70 24.60 23.40 23.00 22.80 * 1
2018-01-16 17:24:51 23.50 23.10 23.00 23.20 23.40 23.60 23.50 23.60 23.90 23.90 24.10 24.00 23.90 23.90 24.00 24.10 * 31.10 31.50 29.70 29.50 29.10 29.70 30.60 29.00 29.90 27.70 25.20 25.70 24.70 23.50 23.10 22.90 * 1
2018-01-16 17:24:51 23.40 23.10 23.00 23.20 23.40 23.60 23.50 23.50 24.00 23.90 24.10 23.90 23.90 23.90 24.00 24.00 * 31.00 31.60 30.10 29.50 29.10 29.70 30.50 28.90 29.80 27.50 25.20 25.70 24.70 23.40 23.00 22.80 * 1
2018-01-16 17:24:52 23.30 23.10 22.90 23.20 23.30 23.60 23.50 23.50 24.00 24.00 24.10 24.00 23.90 23.90 24.00 24.00 * 31.10 31.60 30.00 29.20 29.00 29.60 30.40 28.80 29.80 27.50 25.10 25.70 24.70 23.40 23.10 22.90 * 1
2018-01-16 17:24:52 23.30 23.10 22.90 23.30 23.30 23.60 23.40 23.50 24.00 23.90 24.10 24.00 23.90 23.90 24.00 24.10 * 31.40 31.10 28.70 28.40 28.90 29.30 30.40 28.80 29.90 27.50 25.00 25.70 24.60 23.40 23.10 22.90 * 1
2018-01-16 17:24:52 23.40 23.20 22.90 23.30 23.30 23.60 23.40 23.50 23.90 23.90 24.00 24.00 23.90 24.00 24.00 24.10 * 30.60 30.00 27.50 27.90 28.90 29.20 30.30 28.80 29.80 27.60 25.00 25.70 24.60 23.40 23.10 22.90 * 1
2018-01-16 17:24:53 23.50 23.20 23.10 23.20 23.30 23.60 23.50 23.60 23.90 23.90 24.00 24.00 23.90 24.00 24.00 24.10 * 29.30 28.90 26.70 27.80 28.90 29.20 30.30 28.80 29.80 27.50 24.80 25.60 24.50 23.30 23.10 22.90 * 1
2018-01-16 17:24:53 23.40 23.20 23.00 23.30 23.30 23.60 23.50 23.60 23.80 23.80 24.00 23.90 23.80 23.90 24.00 24.00 * 29.10 28.80 26.80 27.90 28.90 29.20 30.20 28.70 29.70 27.40 24.80 25.60 24.50 23.20 23.10 22.90 * 1
2018-01-16 17:24:53 23.40 23.10 23.00 23.30 23.30 23.60 23.50 23.60 23.70 23.80 24.00 23.90 23.80 23.80 23.90 24.00 * 28.40 28.70 26.40 27.90 29.10 29.00 30.10 28.50 29.70 27.30 24.80 25.60 24.50 23.20 23.10 22.90 * 1
2018-01-16 17:24:53 23.50 23.20 23.10 23.30 23.30 23.60 23.50 23.60 23.80 23.90 24.10 23.90 23.80 23.90 24.00 24.00 * 27.00 28.60 25.90 27.30 29.20 28.70 30.00 28.50 29.70 27.30 24.80 25.60 24.40 23.20 23.10 22.80 * 1
2018-01-16 17:24:54 23.50 23.10 23.00 23.20 23.30 23.50 23.40 23.60 23.80 24.00 24.10 24.00 23.80 23.90 24.00 24.00 * 25.90 28.60 25.30 25.80 28.60 29.10 29.80 28.50 29.50 27.40 24.90 25.50 24.40 23.20 23.00 22.80 * 1
2018-01-16 17:24:54 23.40 23.10 23.00 23.20 23.30 23.50 23.50 23.50 23.80 24.10 24.10 24.00 23.90 23.90 24.00 24.00 * 25.70 28.60 25.10 24.50 26.50 28.60 29.90 28.40 29.60 27.40 25.40 25.70 24.50 23.30 23.10 22.90 * 1
2018-01-16 17:24:54 23.40 23.10 23.00 23.20 23.30 23.50 23.50 23.50 23.80 24.00 24.10 24.00 23.90 23.90 24.00 24.10 * 25.60 28.40 25.10 24.30 25.10 27.00 29.80 28.40 29.20 27.50 25.60 26.00 24.60 23.30 23.20 22.90 * 1
