2018-01-16 16:30:31 23.90 25.10 27.10 25.40 23.40 23.30 23.40 23.80 23.90 24.30 24.40 24.10 24.10 24.10 24.10 24.10 * 23.70 24.40 24.10 23.90 23.70 23.50 23.40 23.10 23.10 23.20 23.50 23.50 23.20 23.20 23.20 23.00 * 0
2018-01-16 16:30:31 24.10 25.80 27.00 23.90 23.40 23.40 23.50 23.90 24.10 24.40 24.40 24.10 24.10 24.10 24.20 24.10 * 23.70 24.40 24.20 23.60 23.60 23.50 23.40 23.20 23.20 23.20 23.40 23.40 23.20 23.10 23.10 23.00 * 0
2018-01-16 16:30:31 24.10 25.80 26.10 23.50 23.40 23.40 23.60 23.90 24.10 24.40 24.40 24.10 24.10 24.10 24.10 24.00 * 23.60 24.40 24.00 23.60 23.60 23.50 23.30 23.10 23.10 23.10 23.40 23.40 23.20 23.10 23.10 23.00 * 0
2018-01-16 16:30:31 24.00 25.60 25.30 23.30 23.30 23.40 23.50 23.90 24.00 24.30 24.30 24.10 24.00 24.10 24.10 24.00 * 23.60 24.30 23.90 23.60 23.60 23.50 23.30 23.10 23.10 23.10 23.50 23.50 23.20 23.20 23.10 23.00 * 0
2018-01-16 16:30:32 24.00 25.60 25.30 23.30 23.30 23.40 23.50 23.80 23.90 24.30 24.30 24.00 24.00 24.00 24.10 23.90 * 23.60 24.40 24.10 23.60 23.60 23.50 23.40 23.10 23.10 23.20 23.50 23.50 23.20 23.20 23.20 23.00 * 0
2018-01-16 16:30:32 23.90 25.10 26.50 24.00 23.30 23.40 23.40 23.70 23.90 24.30 24.30 24.00 24.10 24.00 24.10 23.90 * 23.60 24.30 24.10 23.80 23.60 23.50 23.30 23.20 23.10 23.20 23.50 23.40 23.20 23.20 23.20 23.00 * 0
2018-01-16 16:30:32 23.90 24.50 26.70 24.50 23.50 23.40 23.50 23.80 24.00 24.40 24.40 24.20 24.20 24.10 24.20 24.00 * 23.50 23.90 24.10 23.70 23.50 23.40 23.30 23.20 23.30 23.20 23.50 23.50 23.30 23.10 23.20 23.10 * 0
2018-01-16 16:30:33 23.80 24.10 26.00 24.80 23.60 23.40 23.50 23.80 23.90 24.40 24.40 24.10 24.10 24.10 24.10 24.00 * 23.40 23.60 23.90 23.70 23.50 23.40 23.20 23.10 23.20 23.20 23.50 23.50 23.30 23.20 23.20 23.10 * 0
2018-01-16 16:30:33 23.70 23.80 25.10 25.40 23.70 23.30 23.30 23.80 24.00 24.40 24.40 24.10 24.10 24.10 24.10 24.00 * 23.30 23.60 23.80 24.00 23.50 23.40 23.20 23.00 23.20 23.30 23.60 23.60 23.30 23.20 23.20 23.20 * 0
2018-01-16 16:30:33 23.70 23.80 24.00 25.90 24.70 23.30 23.40 23.80 24.00 24.40 24.40 24.20 24.10 24.10 24.20 24.10 * 23.30 23.50 23.60 24.10 23.60 23.40 23.20 23.00 23.30 23.30 23.60 23.60 23.40 23.30 23.30 23.20 * 0
2018-01-16 16:30:33 23.80 23.80 23.80 24.90 25.50 23.40 23.40 23.90 24.00 24.40 24.40 24.20 24.20 24.10 24.20 24.10 * 23.30 23.50 23.60 24.00 23.70 23.50 23.20 23.00 23.10 23.10 23.50 23.40 23.20 23.10 23.10 23.00 * 0
2018-01-16 16:30:34 23.70 23.80 23.80 23.80 26.10 23.50 23.40 23.90 23.90 24.40 24.40 24.10 24.10 24.00 24.10 24.10 * 23.30 23.50 23.50 23.80 23.60 23.60 23.10 23.00 23.10 23.20 23.50 23.40 23.20 23.10 23.10 23.00 * 0
2018-01-16 16:30:34 23.60 23.70 23.70 23.30 25.50 24.20 23.40 23.70 24.00 24.40 24.40 24.10 24.10 24.10 24.10 24.00 * 23.40 23.50 23.50 23.60 23.60 23.80 23.20 23.00 23.20 23.10 23.50 23.40 23.20 23.20 23.10 23.00 * 0
2018-01-16 16:30:34 23.70 23.70 23.70 23.20 23.30 25.60 24.00 23.80 24.30 24.30 24.40 24.10 24.10 24.10 24.10 24.00 * 23.30 23.50 23.50 23.50 23.60 23.90 23.30 23.00 23.40 23.20 23.50 23.50 23.30 23.20 23.20 23.10 * 0
2018-01-16 16:30:34 23.60 23.70 23.60 23.20 23.20 24.80 24.70 24.00 25.00 24.30 24.30 24.10 24.10 24.10 24.10 24.10 * 23.40 23.50 23.60 23.50 23.50 23.80 23.70 23.10 23.60 23.20 23.50 23.50 23.30 23.20 23.10 23.10 * 0
2018-01-16 16:30:35 23.60 23.70 23.60 23.20 23.20 23.70 25.20 24.20 25.30 24.80 24.30 23.90 24.00 24.00 24.00 23.90 * 23.30 23.50 23.50 23.50 23.50 23.50 23.70 23.10 23.60 23.40 23.60 23.60 23.30 23.20 23.30 23.10 * 0
2018-01-16 16:30:35 23.60 23.70 23.60 23.20 23.20 23.30 25.00 24.40 24.70 25.30 24.30 24.00 24.00 24.00 24.00 23.90 * 23.30 23.50 23.60 23.50 23.50 23.40 23.70 23.30 23.60 23.60 23.60 23.60 23.30 23.30 23.30 23.10 * 0
2018-01-16 16:30:35 23.80 23.80 23.70 23.40 23.30 23.40 23.70 25.30 24.20 25.60 24.30 24.00 24.00 24.00 24.00 23.90 * 23.40 23.60 23.60 23.50 23.60 23.50 23.50 23.60 23.60 23.80 23.80 23.60 23.40 23.40 23.30 23.20 * 0
2018-01-16 16:30:35 23.80 23.80 23.70 23.30 23.30 23.40 23.40 25.10 24.00 24.80 25.40 24.10 24.00 24.10 24.10 23.90 * 23.40 23.50 23.60 23.60 23.50 23.50 23.40 23.60 23.20 23.50 23.90 23.50 23.20 23.10 23.20 23.00 * 0
2018-01-16 16:30:36 23.80 23.80 23.70 23.30 23.30 23.30 23.40 24.60 23.90 24.60 26.00 24.20 24.00 24.00 24.10 23.90 * 23.40 23.50 23.60 23.50 23.50 23.50 23.20 23.40 23.30 23.50 24.00 23.50 23.30 23.20 23.20 23.10 * 0
2018-01-16 16:30:36 23.70 23.70 23.70 23.30 23.20 23.30 23.40 24.40 23.90 24.70 26.20 24.30 24.10 24.00 24.10 23.90 * 23.30 23.50 23.50 23.50 23.50 23.40 23.20 23.30 23.30 23.50 24.00 23.60 23.30 23.30 23.20 23.10 * 0
2018-01-16 16:30:36 23.70 23.70 23.60 23.20 23.20 23.20 23.40 24.40 24.00 24.90 26.10 24.30 24.10 24.10 24.10 24.00 * 23.30 23.50 23.50 23.50 23.40 23.40 23.20 23.20 23.40 23.80 23.90 23.60 23.40 23.30 23.30 23.20 * 0
2018-01-16 16:30:37 23.60 23.70 23.60 23.20 23.20 23.30 23.30 24.80 24.10 25.10 25.90 24.20 24.20 24.20 24.20 24.20 * 23.30 23.40 23.50 23.40 23.40 23.30 23.20 23.50 23.30 23.90 23.90 23.50 23.30 23.20 23.30 23.20 * 0
2018-01-16 16:30:37 23.70 23.70 23.70 23.20 23.30 23.40 23.40 25.20 24.30 25.70 24.80 24.20 24.20 24.10 24.10 24.10 * 23.20 23.40 23.50 23.40 23.40 23.30 23.20 23.60 23.40 23.90 23.60 23.50 23.20 23.10 23.10 23.00 * 0
2018-01-16 16:30:37 23.80 23.80 23.70 23.30 23.30 23.40 23.80 25.40 24.80 25.70 24.60 24.20 24.20 24.20 24.20 24.10 * 23.30 23.50 23.50 23.40 23.50 23.40 23.30 23.60 23.60 23.90 23.50 23.50 23.30 23.20 23.20 23.10 * 0
2018-01-16 16:30:37 23.80 23.80 23.70 23.30 23.30 23.50 24.90 25.20 25.70 25.10 24.50 24.10 24.10 24.20 24.20 24.10 * 23.40 23.50 23.60 23.40 23.60 23.50 23.40 23.40 23.60 23.60 23.50 23.50 23.40 23.30 23.30 23.20 * 0
2018-01-16 16:30:38 23.70 23.70 23.70 23.20 23.30 24.70 25.90 24.20 26.20 24.60 24.40 24.10 24.10 24.10 24.20 24.10 * 23.40 23.50 23.60 23.60 23.70 23.80 23.50 23.10 23.60 23.30 23.50 23.50 23.40 23.30 23.30 23.20 * 0
2018-01-16 16:30:38 23.70 23.70 23.70 23.20 23.30 25.50 24.70 23.90 24.70 24.30 24.30 24.00 24.00 24.00 24.10 24.00 * 23.30 23.50 23.60 23.50 23.90 23.70 23.30 23.00 23.30 23.20 23.50 23.40 23.10 23.10 23.10 23.00 * 0
2018-01-16 16:30:38 23.70 23.70 23.70 23.20 23.60 26.10 23.90 23.80 24.20 24.20 24.30 24.00 24.00 24.00 24.00 23.90 * 23.30 23.50 23.60 23.50 23.90 23.70 23.20 23.10 23.20 23.20 23.40 23.40 23.20 23.10 23.10 23.00 * 0
2018-01-16 16:30:38 23.70 23.70 23.70 23.20 23.90 26.10 23.70 23.90 24.10 24.20 24.30 24.00 24.00 24.00 24.00 23.80 * 23.30 23.50 23.60 23.50 23.90 23.70 23.30 23.10 23.20 23.20 23.40 23.40 23.20 23.10 23.20 23.10 * 0
2018-01-16 16:30:39 23.90 23.80 23.80 23.30 24.10 26.30 23.80 24.00 24.30 24.40 24.40 24.00 24.00 24.00 24.00 23.80 * 23.40 23.60 23.60 23.50 23.90 23.90 23.30 23.10 23.30 23.20 23.50 23.50 23.20 23.20 23.20 23.10 * 0
2018-01-16 16:30:39 23.80 23.80 23.80 23.30 24.60 26.60 24.10 24.00 24.80 24.30 24.30 24.00 24.10 24.10 24.00 23.90 * 23.40 23.50 23.60 23.50 23.80 23.90 23.40 23.10 23.20 23.30 23.50 23.50 23.20 23.20 23.10 23.20 * 0
2018-01-16 16:30:39 23.80 23.80 23.80 23.40 24.80 26.60 24.40 24.00 25.00 24.30 24.40 24.10 24.10 24.10 24.10 23.90 * 23.40 23.60 23.60 23.50 23.80 24.00 23.40 23.10 23.30 23.30 23.50 23.50 23.30 23.20 23.20 23.20 * 0
2018-01-16 16:30:39 23.70 23.80 23.80 23.30 24.30 26.50 24.40 24.00 25.00 24.20 24.30 24.00 24.10 24.00 24.10 24.00 * 23.40 23.60 23.60 23.50 23.80 24.00 23.40 23.10 23.30 23.30 23.50 23.50 23.30 23.20 23.20 23.20 * 0
2018-01-16 16:30:40 23.80 23.70 23.70 23.30 24.10 26.50 24.50 23.90 25.10 24.20 24.30 24.00 24.10 24.00 24.10 24.00 * 23.40 23.60 23.60 23.50 23.80 24.00 23.30 23.10 23.30 23.30 23.50 23.50 23.30 23.20 23.20 23.20 * 0
2018-01-16 16:30:40 23.60 23.70 23.70 23.20 24.10 26.30 24.80 23.90 25.30 24.30 24.30 24.00 24.00 24.10 24.10 23.90 * 23.40 23.50 23.60 23.60 23.70 24.00 23.30 23.10 23.30 23.30 23.50 23.50 23.30 23.20 23.30 23.20 * 0
2018-01-16 16:30:40 23.70 23.70 23.70 23.20 23.80 26.40 24.70 24.00 25.10 24.40 24.30 24.00 24.00 24.00 24.10 24.00 * 23.40 23.60 23.50 23.50 23.70 24.00 23.30 23.10 23.30 23.20 23.50 23.50 23.20 23.10 23.20 23.10 * 0
2018-01-16 16:30:41 23.70 23.70 23.80 23.20 23.70 26.40 24.40 23.90 24.80 24.40 24.30 24.10 24.00 24.10 24.10 24.00 * 23.40 23.60 23.50 23.50 23.70 24.00 23.30 23.10 23.40 23.30 23.50 23.60 23.30 23.30 23.30 23.20 * 0
2018-01-16 16:30:41 23.80 23.80 23.90 23.30 23.90 26.50 24.10 23.90 24.70 24.40 24.40 24.10 24.10 24.10 24.10 24.00 * 23.30 23.50 23.60 23.50 23.70 24.10 23.40 23.10 23.30 23.30 23.50 23.50 23.30 23.30 23.20 23.20 * 0
2018-01-16 16:30:41 23.80 23.80 23.80 23.30 24.00 26.50 24.00 23.90 24.80 24.40 24.40 24.10 24.10 24.10 24.10 24.00 * 23.30 23.60 23.60 23.50 23.60 24.10 23.30 23.00 23.30 23.30 23.50 23.50 23.30 23.20 23.20 23.10 * 0
2018-01-16 16:30:41 23.70 23.70 23.70 23.20 23.90 27.00 24.20 23.80 24.90 24.40 24.40 24.10 24.10 24.10 24.10 24.10 * 23.30 23.50 23.50 23.50 23.60 24.10 23.30 23.00 23.30 23.30 23.50 23.50 23.30 23.20 23.20 23.20 * 0
2018-01-16 16:30:42 23.60 23.70 23.70 23.20 23.80 26.90 24.20 23.90 25.00 24.40 24.40 24.10 24.10 24.10 24.10 24.10 * 23.40 23.50 23.60 23.50 23.70 24.20 23.40 23.10 23.40 23.40 23.60 23.60 23.30 23.30 23.30 23.20 * 0
2018-01-16 16:30:42 23.70 23.70 23.80 23.20 23.70 26.80 24.30 24.00 25.10 24.40 24.40 24.10 24.10 24.20 24.10 24.10 * 23.40 23.50 23.60 23.50 23.70 24.20 23.40 23.10 23.40 23.40 23.50 23.60 23.40 23.30 23.30 23.20 * 0
2018-01-16 16:30:42 23.70 23.70 23.80 23.30 23.80 27.10 24.50 23.90 25.10 24.30 24.40 24.10 24.10 24.10 24.10 24.10 * 23.30 23.50 23.50 23.50 23.70 24.10 23.40 23.10 23.30 23.30 23.50 23.60 23.30 23.20 23.30 23.10 * 0
2018-01-16 16:30:42 23.70 23.80 23.80 23.30 23.80 27.10 24.50 24.00 25.10 24.30 24.40 24.00 24.10 24.10 24.00 24.00 * 23.30 23.60 23.50 23.50 23.60 24.10 23.30 23.00 23.30 23.30 23.50 23.50 23.30 23.20 23.30 23.10 * 0
2018-01-16 16:30:43 23.80 23.80 23.80 23.20 23.90 27.20 24.60 24.00 25.20 24.30 24.30 24.00 24.00 24.10 24.10 23.90 * 23.30 23.60 23.60 23.50 23.70 24.20 23.40 23.20 23.40 23.30 23.60 23.50 23.40 23.20 23.30 23.20 * 0
2018-01-16 16:30:43 23.80 23.80 23.80 23.30 23.90 27.30 24.70 24.00 25.30 24.30 24.30 24.00 24.00 24.10 24.00 23.90 * 23.40 23.60 23.60 23.60 23.70 24.20 23.40 23.20 23.40 23.30 23.60 23.60 23.40 23.20 23.40 23.30 * 0
2018-01-16 16:30:43 23.70 23.80 23.80 23.30 23.80 27.30 24.70 23.90 25.20 24.20 24.20 24.00 23.90 24.00 24.00 23.80 * 23.40 23.60 23.60 23.60 23.80 24.30 23.50 23.20 23.40 23.30 23.60 23.60 23.40 23.30 23.30 23.30 * 0
2018-01-16 16:30:44 23.70 23.70 23.80 23.20 23.80 27.30 24.70 24.00 25.20 24.30 24.30 24.00 24.00 24.10 24.10 24.00 * 23.30 23.60 23.60 23.60 23.70 24.20 23.40 23.10 23.40 23.40 23.60 23.60 23.30 23.30 23.30 23.20 * 0
2018-01-16 16:30:44 23.70 23.70 23.70 23.20 23.80 27.30 24.70 24.00 25.20 24.40 24.40 24.00 24.00 24.10 24.10 24.00 * 23.30 23.50 23.60 23.60 23.70 24.20 23.40 23.00 23.40 23.40 23.60 23.60 23.40 23.30 23.40 23.30 * 0
2018-01-16 16:30:44 23.80 23.80 23.80 23.30 23.80 27.50 24.80 24.00 25.30 24.40 24.40 24.10 24.10 24.10 24.10 24.00 * 23.30 23.50 23.50 23.50 23.70 24.20 23.30 23.00 23.40 23.30 23.60 23.50 23.30 23.30 23.30 23.20 * 0
2018-01-16 16:30:44 23.80 23.80 23.80 23.30 23.80 27.30 24.70 23.90 25.20 24.20 24.30 24.00 24.00 24.00 24.00 23.90 * 23.20 23.40 23.50 23.40 23.60 24.10 23.30 23.00 23.30 23.20 23.50 23.50 23.30 23.30 23.20 23.20 * 0
2018-01-16 16:30:45 23.70 23.70 23.80 23.20 23.70 27.00 24.60 23.90 25.10 24.30 24.30 24.00 24.00 24.00 24.00 24.00 * 23.50 23.60 23.60 23.60 23.80 24.20 23.40 23.10 23.20 23.10 23.40 23.40 23.20 23.10 23.10 23.10 * 0
2018-01-16 16:30:45 23.70 23.70 23.70 23.20 23.60 26.80 24.50 24.00 25.00 24.40 24.40 24.10 24.10 24.10 24.20 24.10 * 23.40 23.60 23.60 23.60 23.70 24.30 23.40 23.10 23.50 23.40 23.50 23.50 23.40 23.30 23.30 23.20 * 0
2018-01-16 16:30:45 23.70 23.70 23.80 23.30 23.60 26.80 24.50 24.00 25.00 24.40 24.40 24.20 24.10 24.20 24.20 24.10 * 23.40 23.60 23.50 23.50 23.70 24.20 23.30 23.10 23.50 23.40 23.60 23.50 23.40 23.30 23.30 23.20 * 0
2018-01-16 16:30:45 23.70 23.70 23.80 23.30 23.80 26.70 24.60 24.00 25.10 24.30 24.40 24.10 24.10 24.10 24.10 24.00 * 23.20 23.40 23.50 23.40 23.60 24.10 23.30 23.00 23.30 23.40 23.60 23.60 23.40 23.30 23.30 23.20 * 0
2018-01-16 16:30:46 23.70 23.80 23.80 23.30 23.80 26.70 24.90 24.00 25.30 24.40 24.40 24.10 24.10 24.10 24.10 24.10 * 23.30 23.50 23.50 23.40 23.60 24.10 23.30 23.00 23.40 23.40 23.60 23.70 23.40 23.30 23.40 23.20 * 0
2018-01-16 16:30:46 23.70 23.80 23.80 23.30 23.80 26.80 25.00 24.10 25.60 24.40 24.40 24.10 24.10 24.10 24.20 24.00 * 23.40 23.50 23.60 23.50 23.60 24.20 23.30 23.00 23.30 23.30 23.50 23.50 23.20 23.20 23.20 23.10 * 0
2018-01-16 16:30:46 23.80 23.90 23.90 23.30 23.70 26.90 25.10 24.10 25.60 24.50 24.40 24.10 24.10 24.10 24.20 24.10 * 23.30 23.40 23.50 23.40 23.60 24.10 23.20 23.00 23.40 23.30 23.50 23.50 23.30 23.20 23.20 23.10 * 0
2018-01-16 16:30:46 23.70 23.80 23.90 23.30 23.70 27.00 25.10 24.10 25.70 24.40 24.30 24.00 24.00 24.00 24.10 24.00 * 23.20 23.40 23.40 23.40 23.60 24.10 23.20 23.00 23.40 23.30 23.60 23.60 23.30 23.30 23.30 23.20 * 0
2018-01-16 16:30:47 23.60 23.70 23.70 23.20 23.60 27.20 25.20 24.00 25.70 24.30 24.30 24.00 24.00 24.00 24.10 24.00 * 23.50 23.50 23.60 23.50 23.70 24.10 23.30 23.20 23.40 23.40 23.60 23.60 23.30 23.30 23.30 23.20 * 0
2018-01-16 16:30:47 23.60 23.70 23.70 23.20 23.50 27.40 25.20 23.90 25.80 24.40 24.30 24.10 24.00 24.10 24.10 24.00 * 23.50 23.50 23.60 23.50 23.70 24.10 23.40 23.10 23.40 23.30 23.60 23.60 23.40 23.30 23.30 23.10 * 0
2018-01-16 16:30:47 23.70 23.70 23.70 23.20 23.50 27.70 25.10 24.00 25.50 24.40 24.30 24.10 24.00 24.00 24.10 24.00 * 23.50 23.60 23.70 23.60 23.80 24.20 23.40 23.20 23.50 23.50 23.60 23.70 23.40 23.30 23.30 23.30 * 0
2018-01-16 16:30:48 23.70 23.70 23.80 23.20 23.30 27.40 24.50 23.90 25.20 24.30 24.30 24.00 24.00 24.00 24.10 24.00 * 23.40 23.60 23.60 23.60 23.70 24.10 23.30 23.20 23.40 23.40 23.50 23.60 23.40 23.30 23.30 23.20 * 0
2018-01-16 16:30:48 23.70 23.70 23.70 23.20 23.40 27.40 24.40 23.90 25.20 24.30 24.30 24.10 24.00 24.10 24.10 24.00 * 23.40 23.50 23.60 23.60 23.90 24.00 23.30 23.10 23.30 23.30 23.50 23.50 23.30 23.30 23.30 23.10 * 0
2018-01-16 16:30:48 23.70 23.70 23.70 23.20 23.70 27.30 24.20 23.90 24.80 24.40 24.40 24.10 24.10 24.10 24.10 24.00 * 23.50 23.50 23.60 23.60 24.10 24.00 23.40 23.10 23.40 23.40 23.60 23.50 23.40 23.20 23.40 23.20 * 0
2018-01-16 16:30:48 23.80 23.80 23.80 23.30 24.60 27.10 24.00 23.90 24.30 24.30 24.30 24.00 24.00 24.10 24.10 24.00 * 23.40 23.50 23.60 23.60 24.10 24.00 23.40 23.10 23.30 23.30 23.50 23.60 23.40 23.20 23.30 23.10 * 0
2018-01-16 16:30:49 23.80 23.80 23.80 23.40 26.20 26.40 23.70 23.90 23.90 24.20 24.20 24.00 24.00 24.00 24.00 23.90 * 23.30 23.50 23.50 23.60 24.10 23.90 23.30 23.00 23.30 23.20 23.50 23.60 23.30 23.30 23.30 23.10 * 0
2018-01-16 16:30:49 23.70 23.80 23.70 24.50 26.80 23.90 23.50 23.80 23.90 24.30 24.30 24.00 24.10 24.10 24.10 23.90 * 23.40 23.60 23.70 23.90 24.20 23.50 23.30 23.00 23.30 23.30 23.40 23.50 23.20 23.20 23.20 23.10 * 0
2018-01-16 16:30:49 23.80 23.80 23.70 25.40 25.80 23.50 23.40 23.80 24.00 24.30 24.30 24.00 24.00 24.10 24.10 23.90 * 23.40 23.60 24.10 23.90 24.10 23.50 23.30 23.10 23.20 23.20 23.40 23.40 23.20 23.10 23.10 23.00 * 0
2018-01-16 16:30:49 24.00 23.90 24.00 26.10 24.60 23.40 23.40 23.90 24.00 24.40 24.40 24.10 24.10 24.20 24.10 24.00 * 23.40 23.60 24.40 23.80 23.90 23.50 23.30 23.10 23.40 23.40 23.60 23.60 23.40 23.30 23.30 23.20 * 0
2018-01-16 16:30:50 23.90 23.90 25.10 25.90 23.70 23.40 23.50 23.90 24.00 24.30 24.30 24.10 24.00 24.10 24.10 24.00 * 23.30 23.60 24.40 23.70 23.60 23.40 23.30 23.10 23.20 23.30 23.60 23.50 23.30 23.30 23.20 23.10 * 0
2018-01-16 16:30:50 23.90 24.90 26.60 23.70 23.20 23.30 23.40 23.80 24.00 24.30 24.30 24.10 24.00 24.10 24.10 24.00 * 23.60 23.90 24.40 23.40 23.50 23.30 23.20 23.00 23.20 23.30 23.60 23.50 23.30 23.30 23.20 23.10 * 0
2018-01-16 16:30:50 24.00 26.10 26.00 23.30 23.20 23.30 23.40 23.80 24.10 24.40 24.40 24.10 24.10 24.10 24.20 24.10 * 23.80 23.80 24.30 23.50 23.50 23.30 23.20 23.00 23.30 23.30 23.60 23.50 23.20 23.20 23.30 23.20 * 0
2018-01-16 16:30:51 24.30 26.80 24.80 23.20 23.30 23.30 23.40 23.80 24.10 24.40 24.40 24.20 24.10 24.10 24.10 24.10 * 23.80 23.90 23.90 23.40 23.40 23.30 23.20 22.90 23.20 23.30 23.50 23.50 23.20 23.20 23.20 23.10 * 0
2018-01-16 16:30:51 24.50 26.50 23.90 23.20 23.30 23.40 23.40 23.80 24.00 24.30 24.40 24.10 24.10 24.10 24.10 24.10 * 23.80 23.90 23.50 23.40 23.30 23.30 23.20 22.90 23.20 23.30 23.50 23.50 23.30 23.20 23.20 23.10 * 0
2018-01-16 16:30:51 24.60 26.00 23.70 23.20 23.30 23.40 23.40 23.80 24.00 24.30 24.40 24.10 24.10 24.10 24.10 24.10 * 24.00 23.80 23.50 23.40 23.40 23.40 23.20 23.00 23.20 23.20 23.50 23.50 23.20 23.10 23.20 23.00 * 0
2018-01-16 16:30:51 24.80 25.90 23.70 23.20 23.20 23.30 23.30 23.70 23.90 24.30 24.40 24.00 24.00 24.10 24.10 24.10 * 24.20 23.90 23.60 23.60 23.50 23.50 23.30 23.10 23.20 23.20 23.50 23.40 23.20 23.10 23.20 23.00 * 0
2018-01-16 16:30:52 24.90 26.00 23.70 23.20 23.30 23.30 23.40 23.70 24.00 24.30 24.30 24.00 24.00 24.10 24.00 23.90 * 24.10 24.00 23.60 23.50 23.50 23.50 23.30 23.10 23.30 23.40 23.50 23.50 23.30 23.30 23.40 23.20 * 0
2018-01-16 16:30:52 25.10 26.40 23.80 23.20 23.30 23.30 23.40 23.70 23.80 24.20 24.30 24.00 24.00 24.00 24.00 23.80 * 24.00 24.00 23.60 23.50 23.40 23.40 23.30 23.00 23.40 23.30 23.60 23.60 23.30 23.20 23.30 23.20 * 0
2018-01-16 16:30:52 24.80 27.20 24.50 23.20 23.20 23.30 23.40 23.70 23.90 24.20 24.30 24.00 24.00 24.00 24.10 23.80 * 23.90 24.00 23.60 23.40 23.50 23.40 23.20 23.00 23.30 23.30 23.60 23.60 23.30 23.30 23.30 23.20 * 0
2018-01-16 16:30:52 24.70 27.60 25.20 23.30 23.30 23.40 23.50 23.70 23.90 24.20 24.20 23.90 24.00 24.00 24.10 23.90 * 23.70 24.10 23.60 23.40 23.50 23.50 23.20 23.10 23.30 23.30 23.50 23.60 23.40 23.30 23.30 23.20 * 0
2018-01-16 16:30:53 24.70 27.50 25.60 24.20 23.40 23.40 23.50 23.80 23.90 24.20 24.20 24.00 23.90 24.00 24.00 23.90 * 23.50 24.10 23.60 23.50 23.50 23.50 23.20 23.10 23.20 23.20 23.40 23.50 23.20 23.20 23.10 23.10 * 0
2018-01-16 16:30:53 24.70 27.00 25.90 25.10 23.40 23.40 23.50 23.90 23.80 24.10 24.20 23.90 23.90 24.00 24.00 23.80 * 23.40 24.00 23.70 23.50 23.50 23.40 23.20 23.00 23.20 23.20 23.40 23.50 23.20 23.20 23.20 23.10 * 0
2018-01-16 16:30:53 24.60 26.90 26.40 25.50 23.40 23.40 23.50 23.80 23.90 24.20 24.30 24.00 24.00 24.00 24.10 24.00 * 23.40 24.00 24.00 23.60 23.50 23.40 23.20 23.00 23.30 23.20 23.50 23.50 23.20 23.20 23.20 23.10 * 0
2018-01-16 16:30:53 24.30 27.20 27.10 26.70 23.40 23.40 23.40 23.80 24.00 24.30 24.40 24.10 24.10 24.00 24.10 24.10 * 23.50 23.80 24.40 23.70 23.50 23.50 23.40 23.10 23.30 23.20 23.50 23.50 23.30 23.30 23.30 23.10 * 0
2018-01-16 16:30:54 24.60 26.80 27.20 26.60 23.40 23.40 23.50 23.70 24.10 24.40 24.40 24.20 24.10 24.20 24.20 24.10 * 23.70 24.60 24.40 23.60 23.50 23.50 23.30 23.10 23.20 23.20 23.40 23.40 23.20 23.20 23.20 23.10 * 0
2018-01-16 16:30:54 25.10 26.80 27.70 25.30 23.30 23.40 23.50 23.80 24.00 24.40 24.40 24.10 24.10 24.10 24.20 24.00 * 23.80 25.40 24.20 23.50 23.50 23.50 23.20 23.10 23.20 23.20 23.50 23.50 23.20 23.20 23.20 23.10 * 0
2018-01-16 16:30:54 25.50 27.40 27.50 24.30 23.40 23.50 23.50 23.90 24.00 24.30 24.40 24.10 24.00 24.10 24.10 24.00 * 23.70 25.50 24.10 23.50 23.50 23.40 23.20 23.00 23.30 23.40 23.60 23.60 23.30 23.30 23.20 23.20 * 0
2018-01-16 16:30:55 26.40 27.80 27.00 23.60 23.30 23.40 23.40 23.70 24.00 24.30 24.30 24.10 24.00 24.10 24.10 24.00 * 23.70 25.50 24.00 23.40 23.50 23.30 23.10 22.90 23.40 23.40 23.60 23.60 23.30 23.30 23.30 23.20 * 0
2018-01-16 16:30:55 26.60 27.60 27.90 23.60 23.40 23.40 23.50 23.90 24.10 24.40 24.40 24.10 24.10 24.10 24.20 24.10 * 23.70 24.90 24.00 23.50 23.50 23.40 23.30 23.00 23.30 23.30 23.50 23.50 23.20 23.20 23.30 23.20 * 0
2018-01-16 16:30:55 25.80 27.50 27.50 23.60 23.40 23.40 23.50 23.80 24.00 24.30 24.30 24.10 24.00 24.10 24.10 24.00 * 23.50 24.20 23.90 23.40 23.50 23.40 23.30 23.00 23.20 23.30 23.50 23.50 23.30 23.20 23.30 23.20 * 0
2018-01-16 16:30:55 25.00 27.50 26.50 23.40 23.30 23.40 23.40 23.70 23.90 24.20 24.20 24.00 23.90 24.00 24.00 23.90 * 23.50 24.00 24.00 23.60 23.50 23.40 23.20 23.00 23.30 23.30 23.60 23.50 23.30 23.30 23.30 23.20 * 0
2018-01-16 16:30:56 25.20 27.20 26.70 23.90 23.30 23.30 23.40 23.80 23.80 24.20 24.20 24.00 23.90 23.90 24.00 23.80 * 23.60 24.00 23.70 24.00 23.40 23.40 23.20 23.00 23.40 23.40 23.60 23.60 23.40 23.30 23.40 23.20 * 0
2018-01-16 16:30:56 24.90 26.10 27.40 27.00 24.60 23.50 23.50 23.80 23.90 24.30 24.30 24.10 24.00 24.00 24.10 24.00 * 23.60 24.40 23.80 24.50 23.50 23.40 23.30 23.00 23.40 23.40 23.60 23.60 23.50 23.30 23.40 23.30 * 0
2018-01-16 16:30:56 24.40 25.80 27.30 27.40 25.40 23.50 23.50 23.80 23.90 24.20 24.30 24.00 24.00 24.00 24.00 24.00 * 23.90 25.20 24.00 24.50 23.50 23.40 23.20 23.00 23.30 23.30 23.50 23.60 23.40 23.30 23.30 23.20 * 0
2018-01-16 16:30:56 24.60 26.10 27.40 27.40 24.80 23.40 23.50 23.80 23.90 24.20 24.20 24.00 24.00 23.90 24.00 23.90 * 24.20 25.70 24.10 24.50 23.50 23.40 23.20 23.00 23.40 23.40 23.60 23.60 23.40 23.30 23.40 23.30 * 0
2018-01-16 16:30:57 24.60 26.70 27.40 26.90 24.10 23.40 23.50 23.80 23.90 24.30 24.20 24.00 24.00 23.90 24.00 23.90 * 24.30 25.80 24.40 24.50 23.50 23.40 23.20 23.00 23.40 23.50 23.60 23.60 23.40 23.40 23.40 23.30 * 0
2018-01-16 16:30:57 24.30 26.40 27.00 26.60 24.60 23.50 23.50 23.90 23.90 24.30 24.30 24.00 24.00 24.00 24.00 23.90 * 24.30 25.90 25.50 24.20 23.50 23.40 23.30 23.10 23.30 23.30 23.50 23.60 23.30 23.30 23.40 23.20 * 0
2018-01-16 16:30:57 24.00 25.30 26.80 26.60 25.40 23.40 23.40 23.80 23.90 24.20 24.30 24.00 24.00 24.00 24.00 23.90 * 24.60 26.70 26.50 23.90 23.70 23.50 23.30 23.10 23.20 23.20 23.40 23.50 23.20 23.10 23.30 23.10 * 0
2018-01-16 16:30:57 24.00 24.50 26.60 26.70 26.20 23.70 23.40 23.70 24.00 24.30 24.30 24.00 24.00 24.00 24.10 24.00 * 24.90 26.60 26.50 23.90 23.60 23.50 23.20 23.10 23.20 23.20 23.50 23.50 23.20 23.10 23.20 23.00 * 0
