2018-01-16 17:31:39 25.40 23.40 23.20 23.40 23.50 23.80 23.60 23.80 23.80 23.90 24.00 24.00 23.90 23.90 24.00 24.00 * 24.00 23.50 23.70 23.90 24.00 23.80 23.80 23.60 23.60 23.70 23.80 23.90 23.60 23.40 23.20 23.00 * 1
2018-01-16 17:31:39 24.50 23.30 23.10 23.30 23.40 23.70 23.50 23.70 23.80 23.90 24.00 23.90 23.80 23.80 24.00 24.00 * 24.00 23.50 23.70 23.90 24.00 23.90 23.80 23.60 23.60 23.60 23.70 23.80 23.50 23.30 23.10 23.00 * 1
2018-01-16 17:31:39 23.90 23.30 23.10 23.30 23.40 23.60 23.50 23.60 23.90 24.00 24.10 24.00 23.90 23.80 24.00 24.10 * 23.80 23.50 23.60 23.80 24.00 23.80 23.80 23.50 23.60 23.60 23.70 23.80 23.50 23.30 23.10 23.00 * 1
2018-01-16 17:31:40 23.70 23.40 23.10 23.30 23.50 23.70 23.60 23.70 23.80 23.90 24.00 23.90 23.90 23.90 24.00 24.10 * 23.70 23.50 23.70 23.90 24.00 23.90 23.90 23.50 23.50 23.60 23.70 23.70 23.50 23.30 23.10 22.90 * 1
2018-01-16 17:31:40 23.70 23.30 23.10 23.40 23.50 23.70 23.60 23.70 23.80 23.90 24.00 24.00 23.90 23.80 24.00 24.10 * 23.40 23.40 23.60 23.80 23.90 23.90 23.80 23.50 23.50 23.60 23.70 23.80 23.50 23.30 23.10 22.90 * 1
2018-01-16 17:31:40 23.70 23.30 23.10 23.30 23.40 23.60 23.50 23.60 23.80 23.90 24.00 24.00 23.90 23.90 24.00 24.10 * 23.40 23.50 23.60 23.80 23.90 23.90 23.80 23.50 23.60 23.60 23.70 23.80 23.60 23.40 23.10 23.00 * 1
2018-01-16 17:31:41 24.60 23.30 23.10 23.30 23.30 23.60 23.50 23.60 23.80 23.90 24.00 23.90 23.90 23.90 23.90 24.00 * 23.40 23.40 23.60 23.80 23.90 23.90 23.70 23.60 23.60 23.60 23.70 23.80 23.50 23.30 23.10 23.00 * 1
2018-01-16 17:31:41 26.10 24.40 23.30 23.30 23.40 23.70 23.50 23.60 23.80 23.90 24.00 23.90 23.80 23.80 23.90 24.00 * 23.50 23.70 23.60 23.90 23.90 23.80 23.60 23.50 23.60 23.60 23.70 23.70 23.50 23.30 23.00 22.90 * 1
2018-01-16 17:31:41 26.10 26.40 25.60 25.50 25.00 24.50 23.70 23.70 24.40 24.00 24.00 23.90 23.90 23.90 24.00 24.10 * 23.60 24.50 23.80 24.10 24.20 23.90 23.70 23.60 23.80 23.70 23.80 23.80 23.60 23.40 23.10 23.00 * 1
2018-01-16 17:31:41 24.50 25.30 26.20 27.10 27.10 26.30 25.00 24.20 25.70 25.30 24.90 24.00 23.90 24.00 24.00 24.10 * 23.70 24.20 24.60 25.00 25.80 24.70 24.00 24.00 23.80 23.90 24.50 24.40 23.80 23.50 23.20 23.00 * 1
2018-01-16 17:31:42 23.70 23.50 24.00 25.00 25.60 25.70 25.30 25.20 25.30 25.30 25.00 24.10 24.00 24.00 24.00 24.10 * 23.50 24.10 24.10 24.70 25.60 24.70 24.10 24.40 24.30 24.70 26.50 25.80 24.00 23.50 23.30 23.10 * 1
2018-01-16 17:31:42 23.60 23.20 23.10 23.30 23.40 23.70 23.50 23.70 23.90 24.00 24.10 24.10 23.90 24.00 24.00 24.10 * 23.50 24.20 24.30 24.80 25.60 25.30 24.50 24.70 24.90 25.00 26.40 25.90 24.00 23.50 23.30 23.00 * 1
2018-01-16 17:31:42 23.60 23.20 23.10 23.30 23.40 23.60 23.50 23.70 23.90 23.90 24.00 24.00 23.80 23.90 24.00 24.10 * 23.40 23.90 24.30 24.80 25.50 25.90 25.10 24.90 25.50 25.20 26.10 26.00 24.10 23.60 23.30 23.10 * 1
2018-01-16 17:31:42 23.50 23.20 23.10 23.30 23.40 23.50 23.50 23.70 23.80 23.90 24.00 24.00 23.90 23.90 24.00 24.00 * 23.30 23.40 23.80 24.10 24.70 25.50 25.80 25.00 25.70 25.20 25.90 26.00 24.10 23.60 23.30 23.10 * 1
2018-01-16 17:31:43 23.60 23.20 23.10 23.30 23.40 23.60 23.50 23.70 23.70 23.80 24.00 23.90 23.80 23.90 23.90 24.00 * 23.40 23.50 24.30 24.60 25.10 26.00 25.80 25.10 25.80 25.20 25.80 26.20 24.10 23.60 23.30 23.10 * 1
2018-01-16 17:31:43 23.60 23.20 23.10 23.30 23.40 23.70 23.60 23.70 23.70 23.80 23.90 23.90 23.80 23.80 23.80 24.00 * 23.30 23.50 24.70 24.80 25.20 26.00 25.70 25.00 25.70 25.00 25.70 26.20 23.80 23.40 23.20 23.00 * 1
2018-01-16 17:31:43 23.50 23.20 23.00 23.30 23.40 23.60 23.50 23.60 23.80 23.80 24.00 24.00 23.90 23.90 23.90 24.10 * 23.30 23.50 24.80 24.80 25.10 26.00 25.70 24.90 25.70 25.00 25.70 26.10 23.80 23.40 23.20 23.00 * 1
2018-01-16 17:31:43 23.60 23.20 23.00 23.30 23.50 23.60 23.50 23.70 23.90 24.00 24.10 24.00 24.00 23.90 24.00 24.10 * 23.50 23.90 25.00 25.00 25.40 26.40 26.00 25.20 25.80 25.10 25.90 26.10 23.90 23.50 23.20 23.10 * 1
2018-01-16 17:31:44 23.60 23.20 23.00 23.30 23.40 23.70 23.50 23.80 23.90 24.00 24.10 24.10 24.00 24.00 24.00 24.20 * 23.60 24.20 25.10 25.00 25.40 26.40 26.00 25.20 25.70 25.00 25.80 26.00 23.90 23.50 23.20 23.10 * 1
2018-01-16 17:31:44 23.50 23.20 23.10 23.30 23.40 23.60 23.40 23.70 23.90 24.00 24.10 24.00 23.90 24.00 24.00 24.10 * 23.60 24.20 25.00 25.00 25.30 26.30 26.00 25.10 25.80 25.10 25.80 26.00 23.90 23.50 23.20 23.10 * 1
2018-01-16 17:31:44 23.50 23.20 23.10 23.30 23.40 23.60 23.50 23.70 23.90 24.00 24.10 24.00 23.90 23.90 24.00 24.10 * 23.50 24.10 25.00 24.90 25.30 26.20 26.00 25.10 25.90 25.10 25.80 26.00 23.90 23.50 23.20 23.00 * 1
2018-01-16 17:31:45 23.60 23.20 23.10 23.30 23.50 23.70 23.60 23.70 24.00 24.00 24.10 24.00 24.00 24.00 24.20 24.20 * 23.50 24.10 25.00 24.80 25.20 26.20 25.90 25.10 25.90 25.10 25.90 26.00 23.90 23.60 23.20 23.10 * 1
2018-01-16 17:31:45 23.60 23.20 23.00 23.30 23.40 23.60 23.50 23.70 23.90 24.00 24.00 24.00 23.90 23.90 24.10 24.10 * 23.50 24.30 25.20 24.90 25.40 26.30 26.00 25.20 26.00 25.10 25.90 26.00 24.00 23.60 23.30 23.20 * 1
2018-01-16 17:31:45 23.60 23.10 23.00 23.20 23.30 23.60 23.50 23.60 23.90 23.90 23.90 23.90 23.80 23.80 24.00 24.00 * 23.60 24.30 25.20 25.00 25.40 26.40 26.10 25.20 26.00 25.20 25.90 26.10 24.00 23.60 23.30 23.20 * 1
2018-01-16 17:31:45 23.60 23.20 23.00 23.30 23.30 23.60 23.50 23.70 23.90 24.00 24.00 24.00 23.90 23.90 24.00 24.00 * 23.50 24.20 25.10 24.90 25.40 26.40 26.00 25.10 26.00 25.10 25.90 26.10 24.00 23.60 23.30 23.20 * 1
2018-01-16 17:31:46 23.60 23.20 23.00 23.30 23.30 23.70 23.60 23.70 23.90 23.90 24.00 24.00 23.90 23.90 24.00 24.10 * 23.70 24.30 25.20 25.00 25.50 26.50 26.20 25.20 26.10 25.20 26.10 26.20 24.00 23.60 23.40 23.20 * 1
2018-01-16 17:31:46 23.60 23.30 23.10 23.40 23.40 23.70 23.70 23.80 24.00 24.00 24.10 24.00 23.90 24.00 24.00 24.10 * 23.60 24.30 25.20 25.00 25.50 26.50 26.20 25.20 26.10 25.10 25.90 26.10 24.00 23.60 23.30 23.20 * 1
2018-01-16 17:31:46 23.40 23.10 23.00 23.20 23.30 23.50 23.40 23.50 23.90 23.90 24.00 23.90 23.80 23.90 23.90 24.00 * 23.50 24.20 25.10 24.90 25.40 26.40 26.10 25.10 26.10 25.20 25.90 26.20 24.00 23.60 23.30 23.20 * 1
2018-01-16 17:31:46 23.50 23.10 23.00 23.30 23.40 23.60 23.50 23.60 23.90 23.90 24.00 23.90 23.90 23.80 24.00 24.00 * 23.50 24.20 25.10 24.80 25.30 26.40 26.00 25.10 26.10 25.20 25.90 26.20 24.00 23.70 23.30 23.20 * 1
2018-01-16 17:31:47 23.50 23.20 23.00 23.30 23.40 23.60 23.50 23.60 23.90 23.90 24.00 23.90 23.90 23.90 24.00 24.00 * 23.40 24.20 25.00 24.80 25.30 26.40 26.00 25.00 26.10 25.10 25.90 26.10 23.90 23.60 23.30 23.20 * 1
2018-01-16 17:31:47 23.50 23.20 23.10 23.30 23.30 23.60 23.60 23.70 23.90 23.90 24.00 23.90 23.90 23.90 24.00 24.10 * 23.40 24.20 25.00 24.90 25.30 26.40 26.00 25.10 26.10 25.20 26.00 26.20 23.90 23.50 23.40 23.20 * 1
2018-01-16 17:31:47 23.50 23.20 23.00 23.20 23.30 23.60 23.50 23.60 23.90 24.00 24.10 24.00 23.90 23.90 24.00 24.10 * 23.40 24.10 24.90 24.80 25.30 26.40 26.00 25.10 26.00 25.10 25.80 26.10 23.90 23.50 23.20 23.10 * 1
2018-01-16 17:31:48 23.50 23.10 23.00 23.20 23.20 23.50 23.40 23.60 23.80 23.90 24.00 24.00 23.90 23.90 23.90 24.10 * 23.30 24.10 24.90 24.70 25.20 26.40 25.90 25.00 26.20 25.10 25.90 26.10 23.90 23.60 23.30 23.20 * 1
2018-01-16 17:31:48 23.50 23.10 23.00 23.20 23.20 23.50 23.40 23.60 23.90 24.00 24.10 24.10 23.90 24.00 24.00 24.10 * 23.50 24.30 25.10 24.90 25.40 26.50 26.10 25.20 26.20 25.20 25.90 26.20 24.00 23.70 23.40 23.30 * 1
2018-01-16 17:31:48 23.50 23.20 23.10 23.30 23.40 23.50 23.50 23.70 24.00 24.00 24.10 24.10 24.00 24.00 24.10 24.10 * 23.50 24.30 25.10 24.90 25.40 26.60 26.10 25.10 26.10 25.10 25.90 26.10 23.90 23.60 23.30 23.20 * 1
2018-01-16 17:31:48 23.60 23.10 23.00 23.20 23.30 23.60 23.40 23.60 23.90 23.90 24.00 24.00 23.90 23.80 24.00 24.00 * 23.50 24.20 25.10 24.80 25.40 26.50 26.10 25.00 26.10 25.00 25.80 26.00 23.80 23.50 23.20 23.10 * 1
2018-01-16 17:31:49 23.50 23.10 23.00 23.20 23.30 23.50 23.40 23.60 23.90 23.90 24.10 24.00 23.90 23.80 24.00 24.10 * 23.50 24.30 25.10 24.80 25.40 26.50 26.20 25.10 26.00 25.00 25.80 26.00 23.80 23.40 23.20 23.00 * 1
2018-01-16 17:31:49 23.50 23.20 23.00 23.30 23.40 23.60 23.50 23.60 23.80 23.90 24.00 24.00 23.80 23.90 24.00 24.10 * 23.40 24.20 25.00 24.70 25.30 26.50 26.10 25.00 26.10 25.10 25.90 26.10 23.90 23.50 23.30 23.10 * 1
2018-01-16 17:31:49 23.60 23.30 23.10 23.30 23.40 23.70 23.60 23.70 23.90 24.00 24.10 24.00 23.90 23.90 24.00 24.10 * 23.40 24.30 25.20 24.90 25.50 26.60 26.10 25.10 26.10 25.10 25.90 26.10 23.80 23.60 23.30 23.10 * 1
2018-01-16 17:31:49 23.60 23.30 23.10 23.30 23.40 23.60 23.60 23.70 23.90 24.00 24.10 24.00 24.00 24.00 24.00 24.10 * 23.40 24.20 25.10 24.80 25.40 26.50 26.10 25.00 26.10 25.10 25.90 26.20 24.00 23.60 23.20 23.00 * 1
2018-01-16 17:31:50 23.40 23.20 23.00 23.20 23.30 23.50 23.40 23.50 23.90 23.90 24.00 23.90 23.90 23.90 24.00 24.00 * 23.60 24.30 25.20 24.90 25.50 26.60 26.20 25.10 26.20 25.20 26.00 26.30 24.10 23.70 23.40 23.20 * 1
2018-01-16 17:31:50 23.50 23.20 23.00 23.20 23.30 23.50 23.50 23.60 23.80 23.90 24.00 23.90 23.80 23.80 23.90 24.00 * 23.60 24.30 25.10 24.90 25.40 26.60 26.10 25.10 26.30 25.20 26.00 26.20 24.10 23.60 23.40 23.20 * 1
2018-01-16 17:31:50 23.60 23.20 23.10 23.30 23.40 23.60 23.60 23.70 24.00 24.10 24.10 24.10 24.00 24.00 24.10 24.20 * 23.60 24.30 25.20 24.90 25.50 26.60 26.10 25.10 26.20 25.10 25.90 26.10 23.90 23.50 23.30 23.10 * 1
2018-01-16 17:31:50 23.60 23.20 23.10 23.30 23.40 23.60 23.50 23.70 23.90 24.00 24.10 23.90 23.90 23.90 24.00 24.00 * 23.30 24.10 25.00 24.70 25.30 26.50 26.00 24.90 26.10 25.10 25.90 26.10 23.90 23.50 23.20 23.10 * 1
2018-01-16 17:31:51 23.60 23.20 23.00 23.30 23.40 23.60 23.50 23.70 24.00 24.00 24.10 24.00 23.90 23.90 24.00 24.00 * 23.40 24.20 25.10 24.80 25.40 26.60 26.00 25.00 25.90 25.00 25.70 26.00 23.80 23.50 23.20 23.00 * 1
2018-01-16 17:31:51 23.60 23.20 23.00 23.30 23.40 23.60 23.40 23.60 24.00 24.00 24.10 24.00 23.90 24.00 24.00 24.00 * 23.40 23.90 24.80 24.80 25.50 26.50 26.00 25.00 26.00 25.10 25.90 26.10 23.80 23.50 23.20 23.10 * 1
2018-01-16 17:31:51 23.60 23.20 23.00 23.30 23.40 23.60 23.50 23.70 23.90 24.00 24.10 24.10 23.90 24.00 24.10 24.20 * 23.40 23.50 24.30 24.60 25.30 26.20 26.00 25.10 26.10 25.30 26.20 26.10 23.80 23.50 23.20 23.10 * 1
2018-01-16 17:31:51 23.50 23.20 23.00 23.30 23.30 23.60 23.50 23.70 23.90 24.00 24.10 24.10 23.90 24.00 24.10 24.20 * 23.40 23.70 24.80 25.30 24.90 25.70 26.20 25.20 26.10 25.20 26.50 26.00 23.80 23.50 23.20 23.00 * 1
2018-01-16 17:31:52 23.50 23.10 23.00 23.20 23.30 23.50 23.50 23.60 24.00 24.00 24.10 24.00 24.00 24.00 24.10 24.10 * 23.50 23.90 25.00 25.40 25.00 25.60 26.30 25.10 26.30 24.90 26.60 26.00 23.90 23.50 23.20 23.10 * 1
2018-01-16 17:31:52 23.60 23.20 23.00 23.20 23.40 23.60 23.50 23.70 24.00 24.00 24.20 24.00 24.00 24.00 24.00 24.10 * 23.80 24.50 25.00 25.40 25.10 25.70 26.40 25.00 26.30 24.80 26.50 25.90 23.90 23.50 23.20 23.10 * 1
2018-01-16 17:31:52 23.70 23.30 23.10 23.30 23.50 23.70 23.60 23.80 24.00 24.00 24.20 24.00 24.00 24.00 24.10 24.10 * 23.90 25.00 25.00 25.40 25.00 25.70 26.30 24.90 26.20 24.60 26.50 25.90 23.80 23.40 23.20 23.10 * 1
2018-01-16 17:31:53 23.60 23.20 23.20 23.40 23.50 23.70 23.60 23.90 23.90 24.00 24.10 24.10 23.90 23.90 24.00 24.10 * 24.10 24.60 25.00 25.40 25.20 25.70 26.60 24.70 26.20 24.40 26.60 25.90 23.80 23.40 23.10 23.00 * 1
2018-01-16 17:31:53 23.60 23.20 23.10 23.30 23.40 23.60 23.60 23.80 24.00 24.10 24.10 24.40 24.10 23.90 24.00 24.10 * 24.20 24.20 25.10 25.20 25.20 25.80 26.80 24.70 26.40 24.40 26.40 26.00 24.00 23.50 23.30 23.00 * 1
2018-01-16 17:31:53 23.40 23.20 23.00 23.20 23.30 23.60 23.60 23.90 24.10 24.20 24.20 25.00 24.60 24.00 24.10 24.20 * 24.40 24.00 25.00 24.70 25.20 25.70 26.90 24.70 26.50 24.50 25.80 25.30 24.00 23.60 23.40 23.20 * 1
2018-01-16 17:31:53 23.60 23.20 23.10 23.30 23.40 23.70 24.60 25.80 27.40 28.40 28.30 29.10 25.20 24.10 24.20 24.20 * 24.40 24.00 25.00 24.60 25.30 25.80 26.90 24.70 26.50 24.20 24.70 24.50 23.80 23.50 23.30 23.10 * 1
2018-01-16 17:31:54 23.60 23.20 23.10 23.30 23.40 24.30 27.30 28.40 29.40 29.40 27.00 25.60 24.00 24.00 24.10 24.10 * 23.70 23.70 24.70 24.40 25.10 25.70 26.70 24.50 26.40 24.10 24.00 24.10 23.60 23.40 23.20 23.00 * 1
2018-01-16 17:31:54 23.50 23.20 23.10 23.30 23.50 26.70 29.20 29.20 30.00 29.40 25.80 24.10 23.90 24.00 24.10 24.10 * 23.40 23.60 24.60 24.30 25.00 25.60 26.60 24.50 26.40 24.20 24.00 24.30 24.30 24.00 23.30 23.00 * 1
2018-01-16 17:31:54 23.70 23.30 23.10 23.40 23.60 24.90 27.90 29.00 29.00 29.50 27.60 25.60 24.50 24.00 24.10 24.20 * 23.40 23.70 24.60 24.40 25.10 25.70 26.60 24.50 25.70 24.10 24.00 25.00 25.70 25.20 23.30 23.10 * 1
2018-01-16 17:31:54 23.70 23.40 23.20 23.50 23.70 25.20 26.10 27.70 27.30 28.50 29.20 28.50 27.40 25.70 24.40 24.30 * 23.50 23.90 24.50 24.30 24.80 25.20 25.60 24.20 24.50 23.90 23.90 24.80 25.60 25.10 23.30 23.10 * 1
2018-01-16 17:31:55 23.60 23.30 23.00 23.30 23.50 24.70 24.70 26.50 24.50 26.80 28.10 28.00 27.80 29.40 25.00 24.30 * 23.50 23.80 24.00 24.00 24.30 24.40 24.30 24.00 23.90 23.80 24.00 24.80 25.60 25.10 23.30 23.00 * 1
2018-01-16 17:31:55 23.50 23.20 22.90 23.20 23.40 23.60 23.60 25.50 24.20 25.10 27.80 27.80 26.50 28.00 24.40 24.20 * 23.40 23.40 23.70 23.90 24.10 24.20 24.10 23.80 23.80 23.70 24.20 24.70 25.00 24.80 23.30 23.00 * 1
