2018-01-16 17:30:03 24.40 23.30 23.10 23.30 23.40 23.60 23.60 23.70 23.80 23.90 23.90 24.00 23.80 23.80 23.90 24.00 * 23.60 23.20 23.20 23.20 23.30 23.30 23.20 23.10 22.90 23.10 23.20 23.10 23.00 23.00 23.00 22.80 * 1
2018-01-16 17:30:03 24.30 23.20 23.10 23.40 23.40 23.60 23.60 23.70 23.70 23.80 24.00 23.80 23.70 23.80 23.90 23.90 * 23.60 23.30 23.30 23.30 23.30 23.30 23.20 23.10 23.10 23.20 23.40 23.30 23.20 23.20 23.20 22.90 * 1
2018-01-16 17:30:03 24.20 23.30 23.10 23.30 23.40 23.60 23.50 23.70 23.80 23.90 24.00 23.80 23.80 23.90 24.00 24.10 * 23.60 23.30 23.30 23.20 23.40 23.40 23.20 23.20 23.10 23.20 23.50 23.30 23.20 23.20 23.20 23.00 * 1
2018-01-16 17:30:03 24.30 23.20 23.10 23.30 23.40 23.60 23.50 23.70 23.80 23.90 24.00 23.90 23.80 23.80 24.00 24.10 * 23.60 23.30 23.30 23.20 23.40 23.40 23.20 23.20 23.10 23.30 23.50 23.30 23.20 23.20 23.20 23.10 * 1
2018-01-16 17:30:04 24.70 23.20 23.10 23.30 23.40 23.60 23.50 23.70 23.90 23.80 24.00 23.90 23.90 23.80 24.00 24.10 * 23.60 23.40 23.30 23.30 23.40 23.40 23.30 23.20 23.00 23.20 23.30 23.30 23.10 23.10 23.10 23.00 * 1
2018-01-16 17:30:04 24.90 23.50 23.10 23.40 23.50 23.70 23.60 23.80 23.70 23.90 24.00 23.90 23.80 23.70 24.00 24.10 * 23.50 23.60 23.40 23.30 23.40 23.40 23.30 23.20 22.90 23.10 23.20 23.20 23.00 23.00 23.00 22.80 * 1
2018-01-16 17:30:04 24.60 24.40 23.20 23.30 23.50 23.70 23.60 23.80 23.80 24.00 24.10 23.90 23.80 23.80 24.00 24.20 * 23.50 23.70 23.50 23.40 23.50 23.50 23.40 23.30 23.10 23.20 23.30 23.20 23.10 23.20 23.10 22.90 * 1
2018-01-16 17:30:04 23.70 24.20 24.40 23.50 23.50 23.70 23.60 23.80 23.80 24.00 24.10 23.90 23.80 23.80 24.00 24.10 * 23.40 23.40 23.60 23.60 23.40 23.40 23.40 23.20 23.20 23.20 23.40 23.30 23.20 23.20 23.20 23.10 * 1
2018-01-16 17:30:05 23.60 23.50 24.30 24.40 23.50 23.60 23.50 23.70 23.90 24.00 24.00 23.90 23.80 23.80 24.00 24.10 * 23.30 23.30 23.40 23.70 23.60 23.50 23.40 23.20 23.20 23.30 23.50 23.30 23.20 23.20 23.20 23.10 * 1
2018-01-16 17:30:05 23.50 23.20 23.30 25.20 24.50 23.70 23.50 23.70 23.80 23.90 24.00 23.90 23.80 23.80 24.00 24.00 * 23.20 23.30 23.30 23.60 23.70 23.50 23.30 23.10 23.20 23.30 23.40 23.40 23.20 23.30 23.20 23.10 * 1
2018-01-16 17:30:05 23.50 23.30 23.20 24.40 25.80 25.10 23.70 23.80 25.40 23.90 24.10 24.00 23.90 23.80 24.00 24.10 * 23.40 23.40 23.30 23.60 23.90 23.80 23.60 23.30 23.40 23.40 23.40 23.40 23.20 23.20 23.20 23.10 * 1
2018-01-16 17:30:05 23.60 23.30 23.10 23.50 24.30 26.10 25.70 24.20 26.40 24.40 24.00 23.90 23.80 23.80 23.90 24.00 * 23.40 23.40 23.40 23.50 23.60 24.30 24.50 23.60 24.40 23.60 23.60 23.40 23.30 23.30 23.20 23.20 * 1
2018-01-16 17:30:06 23.60 23.30 23.10 23.50 23.60 24.40 24.90 24.30 25.60 24.80 24.00 23.90 23.80 23.80 23.90 24.00 * 23.40 23.40 23.40 23.40 23.70 24.40 24.80 23.80 24.60 23.80 23.50 23.30 23.20 23.20 23.20 23.10 * 1
2018-01-16 17:30:06 23.60 23.30 23.10 23.50 23.50 23.80 23.90 24.20 24.40 24.50 24.00 24.00 23.80 23.80 23.90 24.00 * 23.40 23.40 23.40 23.40 23.90 24.50 25.00 24.30 24.90 24.50 23.60 23.40 23.20 23.30 23.20 23.10 * 1
2018-01-16 17:30:06 23.60 23.30 23.10 23.40 23.50 23.70 23.70 23.90 23.90 23.90 24.00 24.10 23.80 23.80 23.90 24.10 * 23.40 23.40 23.40 23.40 23.80 24.60 25.10 25.10 25.00 25.30 23.80 23.40 23.20 23.30 23.20 23.10 * 1
2018-01-16 17:30:06 23.40 23.20 23.00 23.20 23.30 23.60 23.40 23.50 24.00 24.00 24.00 24.10 23.80 23.90 23.90 24.10 * 23.40 23.40 23.40 23.40 23.70 24.40 24.90 25.40 24.90 25.60 23.90 23.40 23.30 23.30 23.30 23.20 * 1
2018-01-16 17:30:07 23.50 23.20 23.00 23.20 23.30 23.60 23.50 23.60 24.00 24.00 24.00 24.00 23.80 23.90 24.00 24.10 * 23.50 23.40 23.30 23.30 23.80 24.50 25.00 25.50 25.10 25.80 23.90 23.50 23.30 23.30 23.30 23.10 * 1
2018-01-16 17:30:07 23.60 23.30 23.10 23.30 23.50 23.70 23.60 23.70 24.00 24.00 24.00 23.90 23.80 23.80 24.00 24.10 * 23.40 23.40 23.30 23.30 23.90 24.50 25.10 25.60 25.10 25.80 23.90 23.50 23.20 23.30 23.20 23.10 * 1
2018-01-16 17:30:07 23.70 23.40 23.20 23.50 23.50 23.80 23.60 23.80 24.00 24.10 24.10 24.00 23.90 23.90 24.00 24.10 * 23.40 23.40 23.40 23.30 24.00 24.50 25.20 25.60 25.10 25.80 23.90 23.60 23.30 23.30 23.20 23.20 * 1
2018-01-16 17:30:08 23.50 23.10 23.00 23.20 23.30 23.50 23.50 23.60 23.80 23.80 23.90 23.90 23.80 23.70 24.00 24.00 * 23.40 23.40 23.40 23.30 24.00 24.50 25.10 25.70 25.10 25.80 23.90 23.50 23.30 23.30 23.30 23.20 * 1
2018-01-16 17:30:08 23.60 23.20 23.10 23.30 23.40 23.70 23.60 23.70 23.70 23.80 23.80 23.90 23.70 23.70 23.90 24.00 * 23.40 23.40 23.30 23.40 24.00 24.50 25.10 25.60 25.10 25.80 23.80 23.40 23.20 23.20 23.30 23.20 * 1
2018-01-16 17:30:08 23.70 23.30 23.20 23.40 23.50 23.70 23.60 23.80 23.80 23.90 23.90 23.90 23.70 23.80 23.90 24.00 * 23.50 23.40 23.40 23.40 24.00 24.50 25.20 25.60 25.20 25.80 23.90 23.50 23.20 23.30 23.30 23.20 * 1
2018-01-16 17:30:08 23.70 23.30 23.20 23.40 23.50 23.70 23.70 23.80 23.80 23.90 23.90 23.90 23.80 23.90 23.90 23.90 * 23.40 23.40 23.40 23.40 24.00 24.50 25.20 25.60 25.10 25.80 23.90 23.40 23.20 23.20 23.20 23.00 * 1
2018-01-16 17:30:09 23.60 23.30 23.10 23.40 23.50 23.70 23.60 23.70 23.80 23.90 24.00 23.90 23.80 23.80 23.90 24.00 * 23.30 23.30 23.30 23.30 24.00 24.50 25.10 25.60 25.10 25.80 23.90 23.50 23.30 23.30 23.30 23.20 * 1
2018-01-16 17:30:09 23.40 23.20 23.10 23.30 23.40 23.60 23.50 23.70 23.90 24.00 24.10 23.90 23.90 23.80 24.00 24.10 * 23.40 23.40 23.40 23.40 24.00 24.50 25.20 25.70 25.20 25.80 24.00 23.60 23.40 23.40 23.40 23.30 * 1
2018-01-16 17:30:09 23.40 23.20 23.00 23.30 23.40 23.60 23.50 23.60 23.90 24.00 24.00 23.90 23.90 23.80 24.00 24.10 * 23.40 23.40 23.40 23.40 24.00 24.50 25.20 25.70 25.20 25.80 24.00 23.50 23.30 23.30 23.30 23.30 * 1
2018-01-16 17:30:09 23.50 23.20 23.10 23.30 23.40 23.60 23.60 23.70 23.90 24.00 24.00 23.90 23.80 23.80 24.00 24.10 * 23.20 23.20 23.20 23.20 23.90 24.40 25.10 25.60 25.20 25.80 24.00 23.50 23.20 23.20 23.20 23.20 * 1
2018-01-16 17:30:10 23.60 23.20 23.10 23.40 23.50 23.70 23.60 23.70 23.90 24.00 24.00 23.90 23.80 23.90 24.00 24.00 * 23.20 23.10 23.10 23.10 23.80 24.30 25.00 25.50 25.20 25.90 23.90 23.50 23.30 23.30 23.20 23.10 * 1
2018-01-16 17:30:10 23.60 23.20 23.10 23.40 23.50 23.70 23.60 23.70 23.80 23.90 23.90 23.90 23.80 23.80 23.90 24.00 * 23.20 23.20 23.20 23.20 23.90 24.40 25.10 25.60 25.00 25.80 23.90 23.40 23.20 23.20 23.20 23.10 * 1
2018-01-16 17:30:10 23.60 23.20 23.10 23.40 23.50 23.70 23.60 23.80 23.80 23.90 23.90 24.00 23.90 23.80 24.00 24.00 * 23.30 23.30 23.30 23.40 24.00 24.50 25.20 25.70 25.10 25.80 23.90 23.40 23.20 23.20 23.30 23.10 * 1
2018-01-16 17:30:11 23.60 23.20 23.10 23.40 23.50 23.70 23.60 23.70 23.90 24.00 24.00 24.00 23.90 23.90 24.10 24.10 * 23.30 23.40 23.40 23.40 24.00 24.50 25.30 25.70 25.10 25.80 23.90 23.40 23.20 23.20 23.20 23.10 * 1
2018-01-16 17:30:11 23.60 23.20 23.10 23.30 23.40 23.70 23.60 23.70 23.70 23.80 23.80 23.80 23.80 23.80 23.90 23.90 * 23.20 23.20 23.20 23.20 23.80 24.40 25.10 25.60 25.00 25.70 23.80 23.30 23.10 23.10 23.10 23.00 * 1
2018-01-16 17:30:11 23.50 23.20 23.00 23.30 23.40 23.60 23.50 23.70 23.70 23.80 23.90 23.90 23.80 23.80 23.90 24.00 * 23.20 23.20 23.10 23.30 23.80 24.40 25.10 25.60 25.20 25.90 24.00 23.50 23.30 23.30 23.30 23.20 * 1
2018-01-16 17:30:11 23.40 23.10 22.90 23.20 23.20 23.50 23.40 23.50 23.80 23.80 24.00 23.90 23.80 23.70 23.90 24.00 * 23.20 23.30 23.30 23.40 23.90 24.50 25.10 25.60 25.20 26.00 24.00 23.50 23.30 23.40 23.40 23.30 * 1
2018-01-16 17:30:12 23.50 23.20 23.10 23.30 23.30 23.60 23.50 23.60 23.80 23.80 24.00 23.90 23.80 23.70 23.90 24.00 * 23.20 23.30 23.20 23.30 23.80 24.40 25.00 25.50 25.20 25.90 24.00 23.50 23.30 23.40 23.30 23.20 * 1
2018-01-16 17:30:12 23.60 23.40 23.20 23.40 23.50 23.80 23.70 23.80 23.80 23.80 24.00 23.90 23.80 23.80 24.00 24.10 * 23.20 23.20 23.20 23.20 23.80 24.40 25.00 25.50 25.20 25.80 24.00 23.50 23.20 23.30 23.30 23.10 * 1
2018-01-16 17:30:12 23.60 23.40 23.20 23.40 23.50 23.80 23.70 23.80 24.00 24.00 24.00 23.90 23.80 23.90 24.00 24.00 * 23.30 23.30 23.30 23.30 24.00 24.50 25.10 25.60 25.10 25.80 24.00 23.40 23.20 23.20 23.30 23.10 * 1
2018-01-16 17:30:12 23.50 23.20 23.10 23.40 23.40 23.70 23.60 23.70 23.80 23.80 23.90 23.90 23.80 23.80 24.00 23.90 * 23.20 23.30 23.20 23.30 23.90 24.40 25.10 25.60 25.20 25.90 24.00 23.50 23.30 23.30 23.30 23.20 * 1
2018-01-16 17:30:13 23.60 23.30 23.20 23.50 23.50 23.70 23.70 23.80 23.90 23.90 24.00 23.90 23.80 23.80 24.00 24.10 * 23.30 23.30 23.30 23.40 24.00 24.50 25.20 25.70 25.20 25.90 24.00 23.50 23.30 23.30 23.30 23.20 * 1
2018-01-16 17:30:13 23.60 23.30 23.10 23.40 23.50 23.60 23.60 23.70 23.90 23.90 24.00 23.90 23.80 23.80 23.90 24.10 * 23.20 23.30 23.30 23.40 23.90 24.50 25.10 25.70 25.20 25.90 24.00 23.50 23.30 23.20 23.30 23.20 * 1
2018-01-16 17:30:13 23.60 23.20 23.10 23.30 23.40 23.70 23.50 23.70 23.80 23.80 23.90 23.80 23.70 23.80 23.90 23.90 * 23.20 23.30 23.20 23.30 23.90 24.50 25.10 25.60 25.20 25.90 23.90 23.40 23.20 23.20 23.30 23.20 * 1
2018-01-16 17:30:13 23.60 23.30 23.20 23.40 23.50 23.80 23.60 23.70 23.90 23.80 24.00 23.90 23.90 23.80 24.00 24.00 * 23.30 23.30 23.20 23.30 24.00 24.50 25.10 25.70 25.20 25.90 24.00 23.50 23.30 23.30 23.20 23.10 * 1
2018-01-16 17:30:14 23.70 23.30 23.20 23.40 23.50 23.70 23.60 23.80 23.80 23.80 23.90 23.90 23.90 23.80 23.90 24.00 * 23.30 23.30 23.30 23.30 24.10 24.60 25.20 25.70 25.10 25.90 24.30 23.50 23.30 23.30 23.30 23.20 * 1
2018-01-16 17:30:14 23.70 23.40 23.20 23.50 23.60 23.70 23.70 23.90 23.70 23.80 23.80 23.90 23.80 23.70 23.80 23.90 * 23.30 23.30 23.30 23.30 23.90 24.60 25.10 25.70 25.10 25.90 24.60 23.50 23.20 23.30 23.30 23.20 * 1
2018-01-16 17:30:14 23.60 23.40 23.20 23.40 23.50 23.70 23.60 23.80 23.80 23.90 23.90 23.90 23.70 23.70 23.80 23.90 * 23.20 23.30 23.30 23.40 23.90 24.50 25.10 25.60 25.10 25.80 24.60 23.50 23.20 23.20 23.20 23.10 * 1
2018-01-16 17:30:14 23.70 23.40 23.30 23.50 23.60 23.80 23.60 23.80 23.90 23.90 23.90 23.90 23.80 23.70 23.90 24.00 * 23.30 23.30 23.30 23.40 23.90 24.50 25.10 25.60 25.30 26.00 24.60 23.60 23.30 23.40 23.40 23.20 * 1
2018-01-16 17:30:15 23.60 23.40 23.20 23.40 23.50 23.70 23.50 23.70 23.80 23.90 24.00 23.90 23.80 23.80 23.90 24.00 * 23.30 23.40 23.30 23.20 24.00 24.50 25.20 25.70 25.20 25.90 24.60 23.50 23.30 23.30 23.30 23.10 * 1
2018-01-16 17:30:15 23.60 23.30 23.10 23.40 23.50 23.70 23.60 23.80 23.90 23.90 24.00 23.90 23.80 23.80 23.90 24.00 * 23.30 23.30 23.20 23.30 24.00 24.60 25.20 25.70 25.30 25.90 24.60 23.50 23.30 23.30 23.30 23.20 * 1
2018-01-16 17:30:15 23.60 23.20 23.10 23.40 23.50 23.70 23.60 23.70 24.00 23.90 24.00 24.00 23.90 23.80 24.00 24.10 * 23.30 23.30 23.30 23.30 23.90 24.50 25.30 25.70 25.20 26.00 24.60 23.60 23.30 23.30 23.30 23.20 * 1
2018-01-16 17:30:16 23.60 23.20 23.10 23.30 23.40 23.70 23.60 23.60 23.90 23.90 24.00 23.90 23.90 23.80 24.00 24.10 * 23.20 23.30 23.30 23.30 23.90 24.50 25.20 25.70 25.10 25.90 24.50 23.50 23.20 23.20 23.20 23.20 * 1
2018-01-16 17:30:16 23.50 23.30 23.10 23.40 23.40 23.70 23.60 23.80 23.90 23.90 24.00 23.90 23.80 23.80 24.00 24.00 * 23.40 23.50 23.30 23.40 24.00 24.50 25.30 25.80 25.30 26.10 24.70 23.60 23.30 23.40 23.40 23.20 * 1
2018-01-16 17:30:16 23.50 23.30 23.10 23.30 23.40 23.70 23.60 23.70 23.80 23.90 24.00 23.90 23.80 23.80 24.00 24.00 * 23.20 23.30 23.30 23.30 23.90 24.40 25.10 25.70 25.10 25.90 24.60 23.60 23.20 23.30 23.30 23.10 * 1
2018-01-16 17:30:16 23.50 23.30 23.10 23.40 23.40 23.70 23.60 23.70 23.90 24.00 24.00 24.00 23.80 23.80 24.00 24.10 * 23.20 23.20 23.20 23.20 23.90 24.40 24.80 25.30 24.90 25.60 24.50 23.50 23.20 23.20 23.30 23.10 * 1
2018-01-16 17:30:17 23.50 23.30 23.10 23.40 23.40 23.70 23.50 23.90 24.10 24.50 24.00 24.00 23.90 23.80 24.00 24.00 * 23.20 23.20 23.20 23.20 24.00 24.40 24.80 24.90 24.90 24.80 24.30 23.50 23.30 23.30 23.30 23.20 * 1
2018-01-16 17:30:17 23.50 23.30 23.20 23.40 23.50 23.80 24.00 24.60 24.70 25.50 24.00 23.90 23.80 23.70 23.90 23.90 * 23.30 23.30 23.30 23.30 24.00 24.70 24.50 24.20 24.60 24.50 23.90 23.40 23.30 23.20 23.20 23.10 * 1
2018-01-16 17:30:17 23.60 23.30 23.20 23.40 23.50 24.00 24.90 25.00 25.70 25.80 24.00 23.90 23.80 23.80 23.90 24.00 * 23.20 23.30 23.30 23.30 23.90 24.70 24.20 23.90 24.30 24.30 23.60 23.40 23.20 23.20 23.20 23.10 * 1
2018-01-16 17:30:17 23.60 23.30 23.10 23.40 23.50 24.30 25.80 24.80 26.60 25.50 23.90 23.90 23.80 23.80 23.90 24.10 * 23.20 23.30 23.30 23.30 23.70 24.40 24.00 23.70 24.20 24.20 23.50 23.40 23.20 23.20 23.20 23.10 * 1
2018-01-16 17:30:18 23.70 23.30 23.10 23.40 23.50 24.60 26.40 24.70 27.00 24.90 23.90 23.80 23.70 23.80 23.90 24.00 * 23.20 23.20 23.20 23.20 23.40 24.20 23.90 23.70 24.20 24.20 23.50 23.40 23.20 23.30 23.20 23.10 * 1
2018-01-16 17:30:18 23.60 23.40 23.20 23.50 23.60 24.70 26.70 24.60 27.30 24.80 23.90 23.90 23.80 23.80 24.00 24.10 * 23.40 23.40 23.40 23.40 23.50 24.50 24.20 23.80 24.30 24.10 23.60 23.40 23.30 23.30 23.20 23.20 * 1
2018-01-16 17:30:18 23.60 23.40 23.20 23.50 23.60 25.10 27.20 24.40 27.40 24.30 23.90 23.80 23.70 23.80 23.90 24.00 * 23.40 23.40 23.30 23.30 23.50 24.50 24.00 23.70 24.20 23.90 23.60 23.40 23.30 23.30 23.20 23.10 * 1
2018-01-16 17:30:19 23.60 23.40 23.20 23.50 23.60 25.90 27.00 24.20 25.80 23.80 23.90 23.90 23.80 23.70 23.80 24.00 * 23.40 23.40 23.30 23.30 23.50 24.50 23.90 23.50 24.10 23.50 23.50 23.40 23.20 23.20 23.20 23.10 * 1
