2018-01-16 17:12:01 23.70 23.70 23.40 23.30 23.40 23.60 24.20 25.70 24.50 26.20 24.00 24.00 23.90 23.80 23.90 23.90 * 23.20 23.20 23.30 23.30 23.40 23.50 23.50 23.60 23.40 23.90 23.60 23.50 23.30 23.20 23.20 23.00 * 1
2018-01-16 17:12:01 23.70 23.70 23.40 23.20 23.20 23.50 23.70 25.00 24.10 25.50 24.00 24.00 23.80 23.80 23.80 23.80 * 23.10 23.20 23.20 23.20 23.40 23.40 23.40 23.60 23.50 24.00 23.70 23.50 23.30 23.30 23.30 23.20 * 1
2018-01-16 17:12:01 23.70 23.60 23.40 23.20 23.20 23.60 23.80 25.30 24.20 25.90 24.10 24.10 23.90 23.90 23.90 23.90 * 23.10 23.20 23.30 23.20 23.50 23.50 23.50 23.60 23.50 23.90 23.70 23.50 23.30 23.30 23.30 23.20 * 1
2018-01-16 17:12:01 23.60 23.60 23.40 23.20 23.20 23.50 23.80 25.60 24.10 26.10 24.00 24.10 23.90 23.90 23.80 23.90 * 23.10 23.20 23.20 23.20 23.40 23.40 23.40 23.50 23.50 23.80 23.70 23.50 23.30 23.20 23.20 23.10 * 1
2018-01-16 17:12:02 23.60 23.60 23.40 23.20 23.30 23.50 23.60 25.60 24.20 25.70 24.20 24.10 23.90 23.80 23.90 24.00 * 23.20 23.20 23.20 23.30 23.40 23.50 23.40 23.50 23.50 23.80 23.70 23.60 23.40 23.30 23.30 23.10 * 1
2018-01-16 17:12:02 23.60 23.70 23.40 23.20 23.20 23.50 23.60 25.40 24.20 25.50 24.20 24.10 23.90 23.80 23.90 24.00 * 23.20 23.20 23.30 23.30 23.50 23.50 23.40 23.40 23.50 23.60 23.70 23.60 23.30 23.30 23.30 23.10 * 1
2018-01-16 17:12:02 23.70 23.70 23.50 23.30 23.30 23.60 23.60 25.30 24.10 25.40 24.10 24.10 23.90 23.80 23.80 23.80 * 23.10 23.20 23.30 23.30 23.40 23.50 23.40 23.30 23.50 23.60 23.70 23.60 23.40 23.30 23.30 23.20 * 1
2018-01-16 17:12:02 23.70 23.70 23.40 23.30 23.30 23.50 23.60 25.30 24.10 25.50 24.20 24.00 23.80 23.80 23.80 23.80 * 23.10 23.10 23.20 23.20 23.40 23.50 23.40 23.30 23.50 23.50 23.70 23.50 23.30 23.20 23.20 23.10 * 1
2018-01-16 17:12:03 23.60 23.70 23.40 23.20 23.30 23.50 23.60 25.40 24.10 25.50 24.60 24.00 23.90 23.90 23.90 24.00 * 23.10 23.10 23.20 23.20 23.40 23.40 23.30 23.30 23.40 23.50 24.00 23.60 23.30 23.20 23.30 23.10 * 1
2018-01-16 17:12:03 23.70 23.70 23.40 23.20 23.30 23.50 23.60 25.20 24.00 25.10 25.60 24.00 23.90 23.80 23.80 23.90 * 23.20 23.30 23.20 23.30 23.40 23.40 23.40 23.30 23.40 23.50 24.00 23.60 23.40 23.30 23.30 23.10 * 1
2018-01-16 17:12:03 23.70 23.70 23.40 23.20 23.30 23.50 23.60 25.10 24.00 25.10 26.10 24.10 23.90 23.90 23.90 23.90 * 23.20 23.20 23.20 23.30 23.40 23.40 23.40 23.30 23.40 23.50 24.10 23.60 23.30 23.30 23.20 23.10 * 1
2018-01-16 17:12:04 23.60 23.60 23.40 23.20 23.30 23.50 23.50 25.10 24.00 25.10 26.00 24.10 23.90 23.80 23.80 23.80 * 23.00 23.10 23.10 23.20 23.40 23.40 23.30 23.20 23.30 23.50 24.10 23.50 23.30 23.30 23.20 23.10 * 1
2018-01-16 17:12:04 23.60 23.60 23.40 23.20 23.30 23.40 23.80 25.10 24.30 25.40 25.70 24.20 23.90 23.90 23.80 23.80 * 23.00 23.10 23.20 23.20 23.40 23.50 23.30 23.40 23.50 23.90 24.00 23.60 23.40 23.30 23.40 23.20 * 1
2018-01-16 17:12:04 23.70 23.60 23.30 23.20 23.30 23.50 24.00 25.90 24.70 26.60 25.40 24.10 23.90 23.90 23.90 23.90 * 23.10 23.10 23.20 23.10 23.30 23.50 23.40 23.50 23.70 24.00 24.10 23.70 23.50 23.40 23.40 23.20 * 1
2018-01-16 17:12:04 23.70 23.70 23.40 23.20 23.30 23.50 24.20 26.50 24.80 27.10 26.20 24.00 23.80 23.80 23.90 23.90 * 23.10 23.20 23.20 23.20 23.40 23.60 23.90 23.80 24.00 24.10 24.30 23.70 23.40 23.30 23.30 23.20 * 1
2018-01-16 17:12:05 23.60 23.70 23.50 23.20 23.30 23.50 24.20 26.40 25.00 26.70 25.80 24.00 23.80 23.90 23.90 23.80 * 23.10 23.20 23.30 23.30 23.50 23.60 24.00 24.20 24.10 24.60 24.80 23.60 23.30 23.20 23.20 23.10 * 1
2018-01-16 17:12:05 23.60 23.70 23.50 23.20 23.20 23.60 24.70 24.90 25.20 24.80 24.00 24.00 23.70 23.90 23.80 23.80 * 23.20 23.30 23.40 23.30 23.60 23.70 24.10 24.40 24.20 24.60 24.50 23.60 23.40 23.30 23.30 23.20 * 1
2018-01-16 17:12:05 23.60 23.70 23.50 23.20 23.30 24.10 24.30 23.70 24.70 23.70 23.90 23.90 23.90 23.80 23.70 23.80 * 23.20 23.30 23.40 23.40 23.60 23.80 24.40 24.30 24.40 24.60 24.20 23.80 23.50 23.50 23.40 23.30 * 1
2018-01-16 17:12:05 23.70 23.80 23.50 23.20 23.40 24.00 24.40 23.80 24.80 23.70 24.00 23.90 23.80 23.80 23.80 23.80 * 23.30 23.30 23.40 23.40 23.60 23.70 24.30 24.20 24.30 24.50 24.30 23.70 23.50 23.50 23.40 23.30 * 1
2018-01-16 17:12:06 23.80 23.70 23.50 23.30 23.40 23.70 24.40 23.80 24.60 23.90 23.90 23.90 23.80 23.70 23.80 23.80 * 23.30 23.20 23.40 23.30 23.60 23.70 24.20 24.10 24.00 24.30 24.40 23.70 23.30 23.30 23.20 23.10 * 1
2018-01-16 17:12:06 23.70 23.70 23.50 23.20 23.30 23.60 23.90 23.80 24.10 24.00 23.90 23.90 23.80 23.90 23.80 23.90 * 23.10 23.10 23.30 23.30 23.50 23.60 24.00 24.10 24.00 24.50 24.70 24.20 23.40 23.30 23.40 23.20 * 1
2018-01-16 17:12:06 23.60 23.70 23.40 23.20 23.30 23.60 23.50 23.60 23.90 23.80 24.00 24.00 23.90 23.80 23.80 23.90 * 23.10 23.20 23.30 23.30 23.60 23.60 23.80 24.10 24.00 24.50 24.70 24.30 23.50 23.50 23.40 23.30 * 1
2018-01-16 17:12:06 23.60 23.60 23.40 23.10 23.30 23.50 23.50 23.60 23.80 23.80 24.00 24.00 23.90 23.90 23.80 23.90 * 23.20 23.20 23.30 23.30 23.60 23.60 23.90 24.10 24.00 24.50 24.70 24.30 23.50 23.50 23.40 23.30 * 1
2018-01-16 17:12:07 23.70 23.60 23.40 23.10 23.30 23.50 23.50 23.60 23.80 23.70 24.00 24.00 23.90 23.90 23.80 23.80 * 23.20 23.20 23.30 23.30 23.60 23.60 23.90 24.10 23.90 24.50 24.70 24.20 23.40 23.40 23.30 23.20 * 1
2018-01-16 17:12:07 23.60 23.60 23.40 23.20 23.20 23.50 23.50 23.60 23.80 23.70 24.00 24.00 23.90 23.90 23.80 23.80 * 23.10 23.20 23.20 23.20 23.50 23.60 23.80 24.00 24.00 24.50 24.70 24.20 23.40 23.40 23.30 23.30 * 1
2018-01-16 17:12:07 23.60 23.60 23.40 23.20 23.20 23.40 23.50 23.60 23.80 23.70 24.00 24.00 23.80 23.90 23.80 23.80 * 23.20 23.30 23.30 23.30 23.60 23.60 23.80 24.00 24.00 24.50 24.80 24.40 23.50 23.50 23.50 23.30 * 1
2018-01-16 17:12:07 23.70 23.70 23.40 23.20 23.30 23.50 23.60 23.60 23.90 23.70 23.90 24.00 23.90 23.90 23.90 23.90 * 23.40 23.40 23.40 23.50 23.60 23.70 24.00 24.20 23.90 24.40 24.70 24.30 23.50 23.40 23.40 23.20 * 1
2018-01-16 17:12:08 23.60 23.60 23.40 23.20 23.30 23.50 23.50 23.60 23.80 23.70 23.90 23.90 23.80 23.80 23.80 23.80 * 23.30 23.30 23.30 23.30 23.50 23.70 23.80 24.10 23.80 24.30 24.70 24.20 23.40 23.30 23.30 23.10 * 1
2018-01-16 17:12:08 23.60 23.70 23.40 23.20 23.30 23.50 23.50 23.60 23.80 23.70 23.90 23.90 23.80 23.80 23.80 23.80 * 23.20 23.30 23.30 23.20 23.50 23.60 23.80 24.00 24.00 24.50 24.70 24.30 23.50 23.50 23.50 23.30 * 1
2018-01-16 17:12:08 23.60 23.60 23.40 23.20 23.30 23.50 23.60 23.60 23.80 23.80 24.00 23.90 23.90 23.90 23.90 23.90 * 23.20 23.30 23.40 23.30 23.60 23.70 23.90 24.00 24.00 24.40 24.80 24.40 23.50 23.50 23.40 23.40 * 1
2018-01-16 17:12:09 23.60 23.70 23.40 23.20 23.30 23.60 23.60 23.70 23.90 23.80 24.00 24.00 24.00 24.00 23.90 23.90 * 23.20 23.20 23.30 23.30 23.50 23.50 23.80 23.90 23.90 24.40 24.70 24.30 23.50 23.50 23.40 23.30 * 1
2018-01-16 17:12:09 23.60 23.70 23.40 23.20 23.30 23.50 23.60 23.60 23.80 23.80 24.00 24.00 23.90 23.90 23.90 23.90 * 23.10 23.20 23.20 23.20 23.50 23.50 23.70 24.00 24.00 24.50 24.70 24.30 23.40 23.40 23.40 23.20 * 1
2018-01-16 17:12:09 23.70 23.70 23.40 23.20 23.30 23.50 23.50 23.60 23.80 23.70 23.90 24.00 23.80 23.80 23.90 23.90 * 23.20 23.20 23.30 23.30 23.50 23.50 23.80 24.10 24.00 24.60 24.70 24.30 23.40 23.40 23.40 23.20 * 1
2018-01-16 17:12:09 23.70 23.70 23.40 23.30 23.30 23.60 23.60 23.70 23.80 23.70 23.90 24.00 23.80 23.80 23.80 23.90 * 23.20 23.20 23.30 23.30 23.50 23.60 23.90 24.10 24.00 24.40 24.60 24.10 23.40 23.40 23.30 23.20 * 1
2018-01-16 17:12:10 23.70 23.80 23.50 23.30 23.30 23.60 23.60 23.60 23.80 23.70 24.00 24.00 23.90 23.90 23.80 23.90 * 23.30 23.30 23.40 23.30 23.60 23.60 24.00 24.10 24.10 24.40 24.70 24.10 23.50 23.40 23.30 23.20 * 1
2018-01-16 17:12:10 23.70 23.70 23.40 23.20 23.30 23.60 23.60 23.60 23.80 23.70 24.00 24.00 23.90 23.90 23.80 23.80 * 23.30 23.30 23.40 23.40 23.60 23.60 23.90 24.10 24.10 24.40 24.80 24.20 23.50 23.40 23.40 23.30 * 1
2018-01-16 17:12:10 23.70 23.70 23.50 23.20 23.30 23.60 23.60 23.60 23.90 23.80 24.10 24.10 23.90 24.00 23.90 24.00 * 23.30 23.40 23.40 23.40 23.60 23.60 23.90 24.10 24.10 24.40 24.80 24.20 23.50 23.40 23.40 23.30 * 1
2018-01-16 17:12:10 23.60 23.70 23.40 23.20 23.20 23.50 23.60 23.70 24.10 23.90 24.20 24.20 24.10 24.10 24.10 24.10 * 23.20 23.40 23.40 23.30 23.60 23.60 23.90 24.10 24.10 24.50 24.70 24.20 23.50 23.40 23.40 23.30 * 1
2018-01-16 17:12:11 23.60 23.70 23.40 23.20 23.30 23.50 23.60 23.70 24.00 23.90 24.10 24.10 24.00 24.00 24.00 24.00 * 23.30 23.30 23.30 23.30 23.50 23.60 23.90 24.00 24.00 24.40 24.70 24.20 23.40 23.30 23.30 23.30 * 1
2018-01-16 17:12:11 23.60 23.60 23.40 23.20 23.20 23.50 23.50 23.60 23.80 23.80 24.00 24.00 23.90 23.90 23.90 23.90 * 23.20 23.20 23.30 23.20 23.50 23.50 23.80 23.90 24.00 24.40 24.70 24.20 23.30 23.30 23.30 23.20 * 1
2018-01-16 17:12:11 23.60 23.70 23.40 23.20 23.20 23.50 23.60 23.60 23.90 23.80 24.10 24.00 23.90 23.90 23.90 24.00 * 23.30 23.30 23.40 23.40 23.60 23.60 23.90 24.10 24.10 24.40 24.70 24.20 23.30 23.30 23.30 23.20 * 1
2018-01-16 17:12:12 23.60 23.70 23.40 23.20 23.30 23.50 23.60 23.70 23.90 23.80 24.10 24.00 23.90 23.90 23.90 24.00 * 23.30 23.30 23.30 23.40 23.60 23.60 23.90 24.10 24.00 24.40 24.70 24.20 23.40 23.30 23.40 23.30 * 1
2018-01-16 17:12:12 23.70 23.70 23.50 23.20 23.30 23.60 23.60 23.70 24.00 23.80 24.10 24.10 24.00 24.00 23.90 24.00 * 23.20 23.40 23.40 23.40 23.60 23.70 24.00 24.10 24.10 24.40 24.70 24.20 23.40 23.40 23.50 23.30 * 1
2018-01-16 17:12:12 23.70 23.70 23.40 23.20 23.30 23.60 23.60 23.60 23.90 23.80 24.10 24.10 24.00 24.00 24.00 24.00 * 23.20 23.40 23.40 23.40 23.60 23.60 24.00 24.10 24.00 24.40 24.70 24.20 23.40 23.40 23.40 23.30 * 1
2018-01-16 17:12:12 23.70 23.70 23.40 23.20 23.30 23.60 23.60 23.60 23.90 23.70 24.00 24.00 23.90 23.90 23.90 23.90 * 23.20 23.30 23.30 23.40 23.50 23.60 23.90 24.00 23.90 24.40 24.70 24.20 23.30 23.40 23.30 23.20 * 1
2018-01-16 17:12:13 23.70 23.70 23.40 23.20 23.30 23.60 23.60 23.70 23.90 23.80 24.10 24.10 23.90 23.90 23.90 23.90 * 23.20 23.30 23.40 23.30 23.50 23.60 23.80 24.00 24.00 24.40 24.70 24.30 23.40 23.40 23.30 23.20 * 1
2018-01-16 17:12:13 23.60 23.70 23.40 23.20 23.30 23.50 23.50 23.60 23.90 23.80 24.00 24.00 23.90 23.90 23.80 24.00 * 23.20 23.30 23.30 23.30 23.60 23.60 23.90 24.10 24.00 24.40 24.60 24.30 23.40 23.40 23.30 23.20 * 1
2018-01-16 17:12:13 23.60 23.70 23.40 23.20 23.30 23.50 23.50 23.60 23.90 23.80 24.00 23.90 23.90 23.90 23.80 23.90 * 23.10 23.20 23.20 23.20 23.50 23.60 23.80 24.00 24.00 24.50 24.60 24.30 23.40 23.40 23.30 23.20 * 1
2018-01-16 17:12:13 23.60 23.60 23.40 23.20 23.30 23.50 23.50 23.60 23.90 23.80 24.00 23.90 23.90 23.90 23.90 23.90 * 23.20 23.20 23.30 23.30 23.50 23.60 23.80 24.10 23.90 24.40 24.60 24.20 23.30 23.40 23.30 23.20 * 1
2018-01-16 17:12:14 23.60 23.60 23.40 23.20 23.20 23.50 23.50 23.60 23.90 23.80 24.00 24.00 23.90 23.90 23.90 23.90 * 23.20 23.20 23.30 23.30 23.50 23.60 23.80 24.10 24.00 24.40 24.70 24.20 23.40 23.50 23.40 23.20 * 1
2018-01-16 17:12:14 23.70 23.70 23.40 23.20 23.30 23.50 23.50 23.60 23.90 23.80 24.00 24.10 24.00 23.90 23.90 24.00 * 23.20 23.30 23.30 23.30 23.50 23.60 23.80 24.10 23.90 24.40 24.60 24.20 23.40 23.30 23.40 23.20 * 1
2018-01-16 17:12:14 23.70 23.70 23.50 23.20 23.30 23.50 23.50 23.60 23.90 23.80 24.00 24.10 24.00 23.90 23.90 24.00 * 23.40 23.50 23.50 23.50 23.70 23.70 24.00 24.30 23.80 24.30 24.50 24.10 23.30 23.30 23.30 23.10 * 1
2018-01-16 17:12:14 23.70 23.70 23.50 23.20 23.20 23.50 23.50 23.60 23.90 23.70 24.10 24.00 23.90 23.90 23.90 23.90 * 23.30 23.40 23.40 23.40 23.60 23.70 24.00 24.20 23.90 24.40 24.60 24.20 23.40 23.30 23.30 23.20 * 1
2018-01-16 17:12:15 23.60 23.70 23.40 23.20 23.20 23.50 23.50 23.60 23.90 23.70 24.00 24.00 23.80 23.90 23.90 23.90 * 23.30 23.40 23.40 23.40 23.60 23.70 24.00 24.20 23.90 24.40 24.60 24.20 23.30 23.30 23.30 23.20 * 1
2018-01-16 17:12:15 23.60 23.70 23.40 23.20 23.30 23.50 23.60 23.70 23.90 23.80 24.00 24.00 23.90 23.90 23.90 23.90 * 23.40 23.40 23.50 23.50 23.70 23.80 24.00 24.30 23.90 24.40 24.70 24.30 23.30 23.30 23.30 23.20 * 1
2018-01-16 17:12:15 23.70 23.70 23.40 23.10 23.20 23.50 23.50 23.50 24.00 23.80 24.00 24.00 23.90 24.00 23.80 23.90 * 23.30 23.30 23.40 23.40 23.60 23.70 23.90 24.20 24.00 24.40 24.70 24.20 23.40 23.40 23.40 23.20 * 1
2018-01-16 17:12:16 23.70 23.70 23.40 23.20 23.20 23.50 23.50 23.60 23.90 23.70 24.00 24.00 23.80 23.80 23.80 23.90 * 23.30 23.40 23.40 23.40 23.60 23.60 23.90 24.20 24.00 24.40 24.70 24.10 23.40 23.30 23.30 23.20 * 1
2018-01-16 17:12:16 23.70 23.70 23.40 23.10 23.30 23.50 23.50 23.60 23.90 23.80 24.00 24.00 23.80 23.90 23.90 23.90 * 23.30 23.30 23.40 23.30 23.60 23.60 23.90 24.30 24.00 24.60 24.80 24.00 23.40 23.40 23.30 23.20 * 1
2018-01-16 17:12:16 23.80 23.80 23.50 23.20 23.40 23.50 23.60 23.70 24.10 24.10 24.20 24.10 24.00 24.10 24.10 24.10 * 23.30 23.30 23.40 23.40 23.60 23.70 24.00 24.50 24.10 25.00 25.20 24.00 23.40 23.40 23.40 23.20 * 1
2018-01-16 17:12:16 23.60 23.60 23.40 23.10 23.20 23.40 23.60 24.40 24.30 25.60 24.30 24.10 24.00 24.10 24.00 24.00 * 23.20 23.20 23.40 23.30 23.60 23.60 23.80 24.50 24.00 25.10 25.30 23.90 23.40 23.40 23.40 23.20 * 1
2018-01-16 17:12:17 23.60 23.70 23.50 23.10 23.30 23.50 23.60 24.70 24.10 25.20 25.60 24.10 23.90 24.00 23.90 23.90 * 23.20 23.20 23.40 23.30 23.60 23.60 23.70 24.40 23.90 25.10 25.10 24.00 23.40 23.30 23.40 23.20 * 1
