2018-01-16 17:08:38 26.50 26.50 23.90 23.30 23.20 23.40 23.40 23.40 23.90 23.80 24.10 24.10 23.90 23.90 24.00 24.00 * 25.00 23.70 24.10 24.10 24.00 23.70 23.60 23.50 23.40 23.60 23.80 23.70 23.20 23.10 23.10 22.90 * 1
2018-01-16 17:08:38 25.60 27.80 25.10 23.90 23.80 23.50 23.50 23.60 23.90 23.80 24.10 24.10 23.90 23.90 24.00 24.00 * 24.30 23.50 24.20 25.00 24.80 23.80 23.60 23.50 23.50 23.60 23.90 23.70 23.30 23.20 23.10 23.00 * 1
2018-01-16 17:08:38 24.30 26.10 26.00 25.80 25.20 24.00 23.60 23.70 23.90 23.80 24.10 24.10 23.90 23.90 24.00 24.00 * 23.60 23.50 24.10 25.40 25.40 24.10 23.80 23.70 23.60 23.80 23.90 23.70 23.40 23.30 23.20 23.10 * 1
2018-01-16 17:08:38 23.80 24.00 24.90 25.50 26.10 25.60 24.40 24.10 26.30 25.30 24.70 24.30 24.10 24.10 24.20 24.20 * 23.40 23.50 24.00 25.10 25.50 24.10 23.90 23.90 23.50 23.80 24.40 24.70 23.40 23.20 23.10 23.00 * 1
2018-01-16 17:08:39 23.70 23.70 23.30 23.20 23.40 25.00 25.60 26.00 25.90 26.40 25.60 24.90 24.00 24.00 24.00 24.00 * 23.20 23.30 23.50 23.60 24.00 23.80 23.70 23.60 23.50 23.70 24.10 24.80 23.50 23.60 23.10 23.00 * 1
2018-01-16 17:08:39 23.70 23.70 23.30 23.20 23.20 23.50 24.40 26.70 24.90 27.30 27.30 26.50 24.40 24.00 24.00 24.00 * 23.30 23.30 23.50 23.60 23.80 23.90 23.80 23.70 23.60 23.90 24.00 24.40 24.10 24.00 23.30 23.10 * 1
2018-01-16 17:08:39 23.70 23.70 23.30 23.20 23.20 23.50 23.80 26.90 24.80 27.70 28.30 27.50 24.50 24.00 24.10 24.10 * 23.30 23.30 23.40 23.50 23.70 23.90 24.10 24.30 24.10 24.90 24.70 25.00 24.60 24.00 23.40 23.10 * 1
2018-01-16 17:08:39 23.70 23.70 23.30 23.20 23.20 23.50 23.70 25.30 24.10 23.90 24.60 24.20 24.20 24.00 24.10 24.10 * 23.20 23.30 23.40 23.50 23.80 25.00 25.60 25.80 27.60 27.30 26.50 25.50 23.80 23.40 23.30 23.20 * 1
2018-01-16 17:08:40 23.60 23.60 23.30 23.10 23.20 23.40 23.50 23.50 23.80 23.70 24.00 24.10 24.60 24.00 23.90 24.00 * 23.30 23.30 23.40 23.80 24.40 27.80 27.80 27.10 28.00 27.50 26.60 25.30 23.80 23.50 23.30 23.20 * 1
2018-01-16 17:08:40 23.70 23.70 23.40 23.20 23.30 23.50 23.50 23.60 23.80 23.80 23.90 24.10 24.40 23.90 23.90 23.90 * 23.30 23.40 23.50 23.90 24.70 27.60 28.00 27.30 28.20 27.70 26.90 25.50 24.00 23.50 23.40 23.30 * 1
2018-01-16 17:08:40 23.70 23.70 23.40 23.20 23.30 23.50 23.50 23.60 24.00 23.90 24.10 24.10 24.00 24.00 24.00 24.00 * 23.40 23.40 23.50 24.10 25.20 27.50 28.10 27.40 28.30 27.80 26.90 25.60 24.40 23.60 23.50 23.30 * 1
2018-01-16 17:08:40 23.60 23.60 23.30 23.10 23.20 23.40 23.50 23.50 23.90 23.80 24.10 24.10 24.00 24.00 24.00 23.90 * 23.20 23.30 23.40 24.00 24.90 27.50 28.00 27.50 28.10 27.70 26.90 25.50 24.60 23.60 23.50 23.20 * 1
2018-01-16 17:08:41 23.70 23.60 23.30 23.10 23.20 23.50 23.50 23.50 23.80 23.80 24.00 24.00 23.90 23.80 23.90 24.00 * 23.20 23.40 23.40 23.70 24.30 27.50 27.90 27.50 27.90 27.90 27.20 25.70 25.00 23.80 23.80 23.10 * 1
2018-01-16 17:08:41 23.60 23.60 23.40 23.10 23.10 23.50 23.50 23.50 23.80 23.80 24.00 24.00 23.90 23.90 23.90 24.00 * 23.30 23.30 23.40 23.60 24.10 27.60 27.80 27.70 27.80 28.10 27.30 25.90 25.10 24.00 24.00 23.20 * 1
2018-01-16 17:08:41 23.70 23.70 23.40 23.20 23.20 23.50 23.50 23.60 23.90 23.90 24.10 24.10 24.00 24.00 24.00 24.10 * 23.20 23.20 23.30 23.50 24.00 27.60 27.70 27.70 27.80 28.20 27.30 25.90 25.20 23.90 24.20 23.20 * 1
2018-01-16 17:08:42 23.70 23.70 23.40 23.30 23.20 23.60 23.60 23.60 23.80 23.70 23.90 24.00 23.80 23.80 23.80 23.90 * 23.10 23.20 23.30 23.50 24.00 27.60 27.70 27.80 27.80 28.20 27.40 26.10 25.20 23.80 24.30 23.20 * 1
2018-01-16 17:08:42 23.70 23.70 23.40 23.20 23.20 23.50 23.50 23.60 23.80 23.70 23.90 24.00 23.80 23.90 23.80 23.90 * 23.00 23.20 23.30 23.40 23.80 27.10 27.80 27.80 27.90 28.30 27.60 26.30 25.30 23.70 24.40 23.20 * 1
2018-01-16 17:08:42 23.60 23.70 23.40 23.10 23.30 23.50 23.50 23.60 23.90 23.80 24.00 24.00 24.00 24.00 23.90 24.00 * 23.10 23.30 23.30 23.50 23.90 27.00 27.80 27.80 28.10 28.40 27.80 26.50 25.40 23.80 24.40 23.30 * 1
2018-01-16 17:08:42 23.60 23.60 23.30 23.20 23.30 23.40 23.50 23.50 23.90 23.80 24.00 24.10 24.00 23.90 23.90 24.00 * 23.10 23.30 23.30 23.40 23.90 26.90 27.80 27.80 28.00 28.40 27.70 26.50 25.40 23.80 24.40 23.30 * 1
2018-01-16 17:08:43 23.50 23.60 23.20 23.10 23.20 23.40 23.40 23.40 23.70 23.70 24.00 24.00 23.80 23.90 23.80 23.90 * 23.00 23.10 23.20 23.40 23.80 26.90 27.80 27.80 27.90 28.30 27.60 26.30 25.30 23.70 24.30 23.20 * 1
2018-01-16 17:08:43 23.50 23.60 23.30 23.10 23.10 23.40 23.40 23.40 23.90 23.80 24.00 24.00 23.90 23.90 23.90 23.90 * 23.00 23.10 23.20 23.40 23.90 27.20 27.80 27.90 28.10 28.40 27.70 26.40 25.40 24.00 24.50 23.40 * 1
2018-01-16 17:08:43 23.50 23.50 23.20 23.00 23.10 23.30 23.40 23.40 23.90 23.90 24.10 24.10 24.00 24.00 24.00 23.90 * 23.10 23.20 23.30 23.50 23.90 27.60 27.90 27.80 28.20 28.30 27.50 26.30 25.40 24.00 24.50 23.40 * 1
2018-01-16 17:08:43 23.60 23.60 23.30 23.10 23.10 23.40 23.50 23.50 24.00 23.90 24.10 24.10 24.00 24.00 24.10 24.00 * 23.10 23.20 23.30 23.50 24.00 27.60 27.90 27.80 28.10 28.20 27.40 26.20 25.30 24.00 24.40 23.30 * 1
2018-01-16 17:08:44 23.70 23.60 23.30 23.10 23.20 23.40 23.40 23.50 23.80 23.70 24.00 24.00 23.90 23.90 23.80 23.90 * 23.10 23.20 23.30 23.50 24.00 27.50 27.90 27.70 28.20 28.10 27.30 26.00 25.20 24.00 24.30 23.30 * 1
2018-01-16 17:08:44 23.60 23.60 23.30 23.10 23.20 23.50 23.40 23.50 23.80 23.80 24.10 24.10 23.90 23.90 23.90 24.00 * 23.10 23.20 23.30 23.50 24.20 27.60 27.90 27.60 28.20 28.20 27.30 25.90 25.10 24.00 24.30 23.30 * 1
2018-01-16 17:08:44 23.60 23.70 23.30 23.10 23.20 23.40 23.40 23.60 23.90 23.80 24.10 24.10 23.90 23.90 24.00 24.10 * 23.10 23.30 23.30 23.60 25.20 27.90 28.00 27.80 28.10 28.20 27.30 25.80 25.10 24.00 24.30 23.30 * 1
2018-01-16 17:08:45 23.60 23.70 23.40 23.20 23.20 23.50 23.50 23.60 23.90 23.80 24.10 24.10 23.90 23.90 24.00 24.00 * 23.10 23.20 23.30 23.60 25.20 27.80 28.00 27.70 28.10 28.10 27.30 25.80 25.10 24.00 24.30 23.30 * 1
2018-01-16 17:08:45 23.60 23.70 23.40 23.20 23.30 23.50 23.50 23.60 23.80 23.80 23.90 24.00 23.90 23.90 23.80 23.80 * 23.10 23.20 23.30 23.50 25.20 27.60 27.90 27.50 28.10 28.00 27.30 25.70 25.10 24.00 24.20 23.30 * 1
2018-01-16 17:08:45 23.60 23.60 23.40 23.20 23.30 23.50 23.40 23.50 23.90 23.80 24.10 24.10 23.90 23.90 24.00 24.00 * 23.10 23.20 23.20 23.50 25.10 27.60 27.90 27.60 28.10 28.00 27.30 25.70 25.00 24.00 24.20 23.30 * 1
2018-01-16 17:08:45 23.60 23.60 23.40 23.10 23.20 23.40 23.50 23.50 23.90 23.80 24.10 24.10 24.00 24.00 24.00 24.00 * 23.20 23.20 23.40 23.60 25.20 27.50 28.10 27.70 28.40 28.20 27.40 25.80 25.20 24.20 24.50 23.50 * 1
2018-01-16 17:08:46 23.70 23.70 23.40 23.20 23.30 23.50 23.60 23.60 23.90 23.80 24.10 24.10 24.00 24.00 24.00 24.00 * 23.20 23.20 23.40 23.60 25.20 27.50 28.10 27.60 28.30 28.10 27.30 25.70 25.10 24.10 24.40 23.40 * 1
2018-01-16 17:08:46 23.70 23.70 23.40 23.20 23.30 23.50 23.60 23.50 23.90 23.80 24.00 24.10 23.90 23.90 23.90 24.00 * 23.10 23.20 23.20 23.50 25.20 27.40 28.00 27.50 28.10 28.00 27.10 25.60 25.00 24.00 24.20 23.20 * 1
2018-01-16 17:08:46 23.50 23.60 23.40 23.10 23.20 23.30 23.40 23.50 23.90 23.80 24.10 24.00 23.90 23.90 24.00 24.00 * 23.20 23.30 23.40 23.60 25.40 27.50 28.00 27.50 28.20 27.90 27.10 25.60 25.00 24.10 24.20 23.30 * 1
2018-01-16 17:08:46 23.60 23.70 23.30 23.20 23.20 23.40 23.50 23.60 23.80 23.80 24.00 24.00 23.90 23.90 23.90 23.90 * 23.30 23.30 23.40 23.60 25.40 27.50 28.00 27.60 28.10 27.90 27.10 25.70 25.10 24.10 24.30 23.30 * 1
2018-01-16 17:08:47 23.60 23.70 23.40 23.20 23.30 23.50 23.60 23.70 23.80 23.80 24.00 24.00 23.90 23.90 23.90 23.90 * 23.40 23.30 23.50 23.70 25.40 27.60 28.10 27.60 28.00 27.90 27.10 25.70 25.10 24.00 24.30 23.30 * 1
2018-01-16 17:08:47 23.60 23.70 23.30 23.20 23.20 23.50 23.60 23.60 23.90 23.80 24.00 24.10 23.90 24.00 23.90 24.00 * 23.30 23.20 23.50 23.70 25.40 27.60 28.10 27.50 28.00 27.80 27.00 25.60 25.00 24.00 24.20 23.20 * 1
2018-01-16 17:08:47 23.60 23.60 23.30 23.10 23.20 23.50 23.50 23.50 23.70 23.80 23.90 24.00 23.80 23.80 23.90 23.90 * 23.20 23.20 23.50 23.60 25.40 27.60 28.10 27.50 28.20 27.70 27.10 25.80 25.10 24.10 24.40 23.40 * 1
2018-01-16 17:08:48 23.60 23.60 23.30 23.20 23.20 23.50 23.50 23.50 23.80 23.80 24.00 24.00 23.80 23.90 23.90 23.90 * 23.20 23.30 23.40 23.60 25.30 27.50 28.10 27.40 28.30 27.80 27.10 25.90 25.10 24.10 24.40 23.40 * 1
2018-01-16 17:08:48 23.60 23.60 23.30 23.20 23.20 23.40 23.40 23.50 23.90 23.80 24.10 24.10 23.90 24.00 24.00 24.00 * 23.10 23.20 23.40 23.60 25.30 27.50 28.00 27.40 28.30 27.80 27.10 25.90 25.20 24.10 24.40 23.40 * 1
2018-01-16 17:08:48 23.50 23.60 23.40 23.20 23.20 23.40 23.50 23.40 23.80 23.80 24.00 24.00 23.80 23.80 23.90 24.00 * 23.00 23.10 23.30 23.50 25.30 27.40 27.90 27.30 28.20 27.70 27.00 25.80 25.10 24.00 24.30 23.30 * 1
2018-01-16 17:08:48 23.50 23.60 23.30 23.10 23.20 23.40 23.50 23.40 23.80 23.80 24.00 24.00 23.90 23.80 23.90 23.90 * 23.10 23.20 23.30 23.50 25.30 27.50 28.00 27.30 28.10 27.60 27.00 25.70 25.10 24.00 24.30 23.30 * 1
2018-01-16 17:08:49 23.60 23.70 23.30 23.10 23.20 23.50 23.50 23.50 23.90 23.80 24.00 24.10 23.90 23.90 23.90 23.90 * 23.10 23.20 23.30 23.40 25.30 27.40 27.90 27.20 28.10 27.60 27.00 25.70 25.10 24.10 24.40 23.30 * 1
2018-01-16 17:08:49 23.60 23.60 23.30 23.10 23.20 23.50 23.50 23.50 24.00 23.90 24.10 24.10 24.00 23.90 24.00 24.10 * 23.10 23.20 23.30 23.50 25.40 27.40 27.90 27.20 28.00 27.60 26.90 25.60 25.10 24.00 24.30 23.40 * 1
2018-01-16 17:08:49 23.60 23.70 23.40 23.20 23.30 23.50 23.60 23.60 24.00 23.90 24.10 24.10 24.00 23.90 24.00 24.10 * 23.10 23.20 23.20 23.50 25.40 27.40 27.80 27.10 28.00 27.50 26.90 25.60 25.10 24.00 24.20 23.30 * 1
2018-01-16 17:08:49 23.60 23.60 23.30 23.10 23.20 23.40 23.50 23.50 23.90 23.80 24.00 24.10 23.90 23.90 24.00 24.00 * 23.20 23.20 23.30 23.60 25.50 27.40 27.90 27.20 27.90 27.50 27.00 25.60 25.10 24.10 24.30 23.20 * 1
2018-01-16 17:08:50 23.40 23.50 23.20 23.10 23.10 23.40 23.30 23.40 23.90 24.00 24.20 24.10 24.00 24.00 24.10 24.10 * 23.30 23.30 23.40 23.70 25.50 27.50 27.80 27.20 27.90 27.50 27.00 25.70 25.20 24.10 24.40 23.30 * 1
2018-01-16 17:08:50 23.40 23.50 23.20 23.10 23.20 23.40 23.30 23.40 24.00 24.00 24.10 24.10 24.00 24.00 24.00 24.00 * 23.20 23.30 23.40 23.60 25.20 27.40 27.70 27.20 27.90 27.70 27.20 25.80 25.30 24.10 24.50 23.40 * 1
2018-01-16 17:08:50 23.50 23.60 23.20 23.10 23.20 23.40 23.40 23.50 23.90 23.80 24.10 24.10 23.90 23.90 23.90 23.90 * 23.10 23.20 23.30 23.50 24.90 27.30 27.70 27.30 27.90 27.90 27.50 25.80 25.20 24.00 24.40 23.40 * 1
2018-01-16 17:08:50 23.60 23.60 23.30 23.20 23.20 23.50 23.40 23.50 23.90 23.80 24.20 24.10 23.90 24.00 23.90 24.00 * 23.10 23.10 23.20 23.40 24.40 27.20 27.60 27.60 28.10 28.80 29.60 26.90 25.30 24.00 24.60 23.40 * 1
2018-01-16 17:08:51 23.60 23.60 23.30 23.10 23.20 23.40 23.50 23.50 23.80 23.80 24.10 24.10 23.90 23.90 23.90 24.00 * 23.30 23.30 23.40 23.50 24.00 27.30 27.80 28.30 28.30 29.10 30.00 27.10 25.50 24.10 24.70 23.50 * 1
2018-01-16 17:08:51 23.60 23.60 23.30 23.10 23.20 23.50 23.50 23.50 23.80 23.80 24.10 24.10 23.90 23.90 23.90 24.00 * 23.30 23.20 23.40 23.60 24.10 27.50 27.80 28.40 28.20 29.10 29.90 26.90 25.50 24.00 24.70 23.50 * 1
2018-01-16 17:08:51 23.70 23.70 23.40 23.10 23.30 23.50 23.50 23.50 23.90 23.80 24.10 24.10 23.90 23.90 24.00 24.10 * 23.20 23.20 23.40 23.60 24.10 27.50 27.80 28.30 28.00 28.90 29.50 26.70 25.40 23.80 24.50 23.40 * 1
2018-01-16 17:08:52 23.60 23.70 23.40 23.20 23.20 23.40 23.50 23.50 24.00 23.80 24.00 24.20 24.00 24.00 24.00 24.00 * 23.20 23.20 23.30 23.60 24.10 27.50 27.80 28.30 28.10 29.20 30.00 26.90 25.70 23.90 24.60 23.30 * 1
2018-01-16 17:08:52 23.70 23.60 23.40 23.20 23.20 23.50 23.50 23.50 24.00 23.80 24.00 24.10 24.00 23.90 24.00 24.00 * 23.20 23.30 23.50 23.60 24.10 27.30 27.80 28.60 28.20 29.20 30.10 27.20 26.00 23.90 24.70 23.40 * 1
2018-01-16 17:08:52 23.70 23.70 23.50 23.20 23.30 23.60 23.50 23.60 23.90 23.80 24.00 24.10 24.00 23.90 23.90 24.00 * 23.20 23.30 23.40 23.50 24.00 27.10 27.90 28.40 28.10 29.10 29.90 27.60 26.10 23.90 24.70 23.40 * 1
2018-01-16 17:08:52 23.60 23.70 23.40 23.20 23.20 23.50 23.50 23.50 23.90 23.90 24.10 24.10 24.10 24.00 24.00 24.10 * 23.10 23.20 23.20 23.40 23.80 26.70 27.80 28.20 28.20 29.00 29.80 28.30 26.30 24.00 24.70 23.40 * 1
2018-01-16 17:08:53 23.50 23.60 23.30 23.10 23.20 23.40 23.40 23.40 23.80 23.80 24.10 24.00 23.90 23.80 23.90 24.00 * 23.10 23.10 23.20 23.40 23.80 26.60 27.80 28.00 28.30 28.80 29.70 28.90 26.30 24.10 24.80 23.60 * 1
2018-01-16 17:08:53 23.70 23.60 23.30 23.20 23.20 23.50 23.50 23.50 23.90 23.80 24.10 24.10 23.90 23.90 23.90 24.00 * 23.20 23.30 23.30 23.60 23.90 26.60 27.90 28.00 28.20 28.60 29.50 29.10 26.20 24.00 24.90 23.60 * 1
2018-01-16 17:08:53 23.60 23.60 23.30 23.20 23.20 23.50 23.50 23.50 23.90 23.90 24.10 24.10 24.00 24.00 24.00 24.00 * 23.20 23.30 23.40 23.60 23.90 26.50 28.00 28.00 28.20 28.60 29.20 28.50 26.20 24.00 24.90 23.50 * 1
2018-01-16 17:08:53 23.60 23.70 23.30 23.20 23.20 23.40 23.40 23.50 23.90 23.90 24.10 24.10 24.00 24.00 24.00 23.90 * 23.10 23.20 23.30 23.50 23.80 26.40 27.90 27.90 28.10 28.50 28.90 27.90 26.10 23.90 24.80 23.40 * 1
2018-01-16 17:08:54 23.70 23.70 23.30 23.20 23.20 23.50 23.50 23.50 23.80 23.70 24.00 24.00 23.90 23.90 23.90 24.00 * 23.10 23.10 23.20 23.40 23.80 26.40 27.80 27.90 28.00 28.40 28.70 27.80 26.00 23.90 24.60 23.40 * 1
