2018-01-16 17:08:05 23.60 23.60 23.30 23.10 23.20 23.40 23.50 24.20 24.10 24.20 25.70 26.40 24.60 25.00 24.00 24.10 * 23.10 23.20 23.40 23.40 23.50 23.50 23.40 23.20 23.50 23.60 23.90 24.20 24.10 23.40 23.40 23.20 * 1
2018-01-16 17:08:05 23.60 23.60 23.30 23.10 23.20 23.50 23.40 23.60 24.10 24.00 25.50 25.80 26.50 25.40 24.20 24.20 * 23.10 23.20 23.40 23.40 23.50 23.50 23.40 23.30 23.60 23.70 23.80 24.10 24.20 23.70 23.40 23.30 * 1
2018-01-16 17:08:05 23.80 23.70 23.40 23.20 23.30 23.60 23.60 23.80 24.10 24.00 25.00 25.30 26.60 25.90 24.40 24.20 * 23.30 23.30 23.50 23.60 23.70 23.60 23.60 23.50 23.60 23.60 23.80 24.00 24.10 24.00 23.40 23.30 * 1
2018-01-16 17:08:05 23.70 23.70 23.40 23.30 23.30 23.60 23.60 23.80 24.10 24.10 24.30 25.60 26.50 26.50 24.50 24.20 * 23.30 23.30 23.50 23.60 23.60 23.60 23.60 23.40 23.50 23.60 23.70 23.80 24.00 23.90 23.50 23.30 * 1
2018-01-16 17:08:06 23.60 23.70 23.30 23.20 23.20 23.60 23.60 23.60 24.00 24.20 25.30 26.10 26.20 26.30 24.40 24.10 * 23.20 23.20 23.50 23.50 23.60 23.60 23.50 23.40 23.60 23.60 23.80 24.90 24.10 24.00 23.40 23.20 * 1
2018-01-16 17:08:06 23.80 23.80 23.40 23.20 23.30 23.60 24.10 24.50 24.50 24.80 25.60 26.00 26.40 26.10 24.30 24.90 * 23.30 23.30 23.50 23.60 23.70 23.70 23.60 23.60 23.60 23.80 24.40 25.40 24.10 23.60 23.30 23.10 * 1
2018-01-16 17:08:06 23.80 23.80 23.50 23.30 23.40 23.70 24.20 24.60 24.40 24.70 25.80 26.90 27.00 26.70 26.10 25.30 * 23.30 23.30 23.50 23.60 23.70 23.70 24.20 24.80 24.60 25.30 26.00 25.80 23.80 23.30 23.20 23.10 * 1
2018-01-16 17:08:06 23.70 23.70 23.50 23.20 23.60 23.90 24.10 24.80 24.50 25.50 28.00 29.10 29.20 28.70 26.90 24.60 * 23.70 23.80 23.90 24.00 24.20 24.40 24.80 25.70 25.00 25.80 26.30 25.90 24.10 24.20 26.00 24.10 * 1
2018-01-16 17:08:07 23.60 23.60 23.40 23.10 23.50 23.80 24.00 24.80 24.00 24.30 25.40 25.70 25.10 24.50 24.10 24.00 * 24.00 24.10 24.50 24.30 24.80 25.10 25.40 25.00 25.50 25.40 25.90 26.10 24.40 23.90 24.90 23.70 * 1
2018-01-16 17:08:07 23.70 23.70 23.40 23.20 23.20 23.50 23.60 23.80 24.00 23.90 24.10 24.10 24.00 24.00 24.00 24.00 * 23.40 23.70 24.20 24.40 25.50 25.80 25.90 25.30 26.00 25.50 26.00 26.10 24.10 23.30 23.40 23.20 * 1
2018-01-16 17:08:07 23.80 23.80 23.50 23.30 23.30 23.60 23.60 23.80 24.00 23.90 24.10 24.10 24.00 24.00 24.00 24.10 * 23.80 24.10 24.20 24.40 25.60 25.90 26.00 25.40 26.00 25.40 25.90 25.70 23.90 23.30 23.40 23.20 * 1
2018-01-16 17:08:08 23.80 23.80 23.50 23.30 23.40 23.60 23.60 23.70 24.00 23.90 24.20 24.20 24.00 24.00 24.00 24.10 * 24.30 24.50 24.30 24.30 25.60 25.90 26.10 25.40 26.20 25.60 26.10 26.40 24.10 23.40 23.40 23.30 * 1
2018-01-16 17:08:08 23.70 23.80 23.40 23.20 23.30 23.60 23.70 23.80 24.00 23.90 24.20 24.20 24.10 24.10 24.10 24.20 * 24.90 25.00 24.90 24.90 25.10 24.90 25.30 25.40 25.60 25.70 26.20 26.80 24.30 23.40 23.40 23.30 * 1
2018-01-16 17:08:08 23.70 23.80 23.50 23.30 23.30 23.60 23.70 23.80 24.10 23.90 24.20 24.20 24.10 24.00 24.10 24.10 * 24.80 25.00 25.10 25.40 25.50 25.40 25.30 25.50 25.50 25.80 26.20 27.00 24.80 23.40 23.30 23.30 * 1
2018-01-16 17:08:08 23.80 23.70 23.50 23.20 23.30 23.60 23.60 23.80 24.10 24.00 24.20 24.20 24.10 24.00 24.10 24.10 * 25.30 25.60 26.10 26.60 26.60 26.10 26.00 25.70 26.10 25.80 26.20 27.00 25.20 23.50 23.40 23.30 * 1
2018-01-16 17:08:09 23.80 23.70 23.40 23.10 23.30 23.50 23.60 23.80 24.10 24.00 24.20 24.20 24.10 24.00 24.10 24.10 * 26.00 26.50 27.00 27.40 26.90 26.30 26.20 25.70 26.20 25.80 26.20 26.90 25.40 24.20 23.50 23.30 * 1
2018-01-16 17:08:09 23.70 23.70 23.40 23.20 23.30 23.50 23.60 23.70 24.00 23.90 24.10 24.10 24.00 24.00 24.10 24.10 * 26.40 27.00 27.30 27.60 26.90 26.40 26.20 25.80 26.30 25.80 26.30 27.00 25.50 24.20 23.50 23.30 * 1
2018-01-16 17:08:09 23.70 23.70 23.40 23.20 23.30 23.50 23.60 23.70 24.00 24.00 24.20 24.10 24.10 24.10 24.10 24.20 * 26.30 26.60 27.10 27.40 26.80 26.30 26.20 25.70 26.30 25.80 26.20 27.10 25.30 23.70 23.50 23.30 * 1
2018-01-16 17:08:09 23.80 23.80 23.50 23.30 23.30 23.60 23.70 23.80 24.10 24.00 24.10 24.10 24.10 24.00 24.10 24.30 * 25.80 26.00 26.60 26.90 26.60 26.10 26.00 25.70 26.30 25.80 26.10 26.70 24.90 23.40 23.40 23.20 * 1
2018-01-16 17:08:10 23.80 23.80 23.50 23.20 23.30 23.50 23.60 23.80 24.10 24.00 24.10 24.10 24.00 24.00 24.10 24.20 * 25.30 25.40 25.70 25.80 25.60 25.40 25.40 25.50 25.90 25.70 26.10 26.00 24.40 23.30 23.40 23.20 * 1
2018-01-16 17:08:10 23.80 23.80 23.50 23.20 23.30 23.50 23.60 23.70 24.10 24.00 24.20 24.20 24.00 24.10 24.10 24.10 * 24.80 24.80 24.80 24.80 25.10 25.30 25.50 25.40 26.20 25.60 26.20 25.20 23.60 23.40 23.30 23.20 * 1
2018-01-16 17:08:10 23.80 23.80 23.40 23.20 23.30 23.50 23.60 23.70 24.10 24.00 24.10 24.20 24.00 24.10 24.00 24.10 * 24.80 24.80 24.50 24.90 25.50 26.10 26.20 25.60 26.30 25.70 26.50 25.00 23.60 23.40 23.40 23.40 * 1
2018-01-16 17:08:10 23.70 23.70 23.50 23.20 23.30 23.50 23.60 23.60 24.00 23.90 24.20 24.30 24.00 24.10 24.10 24.10 * 24.80 24.80 24.50 24.70 25.40 26.00 26.20 25.60 26.20 25.70 26.50 24.90 23.60 23.40 23.40 23.30 * 1
2018-01-16 17:08:11 23.60 23.60 23.30 23.10 23.10 23.40 23.50 23.60 24.00 23.90 24.20 24.20 24.00 24.00 24.10 24.10 * 24.60 24.60 24.40 24.50 25.20 25.80 26.10 25.50 26.10 25.60 26.30 25.00 23.50 23.30 23.30 23.20 * 1
2018-01-16 17:08:11 23.50 23.60 23.20 23.00 23.10 23.30 23.50 23.50 24.00 23.80 24.10 24.10 24.00 24.00 24.00 24.10 * 24.50 24.60 24.40 24.50 25.20 25.70 26.10 25.40 26.10 25.70 26.30 25.00 23.50 23.30 23.30 23.20 * 1
2018-01-16 17:08:11 23.60 23.80 23.40 23.10 23.20 23.50 23.60 23.60 24.00 23.90 24.10 24.10 24.00 24.00 24.00 24.10 * 24.60 24.60 24.40 24.50 25.30 25.70 26.10 25.40 26.20 25.70 26.30 25.00 23.60 23.40 23.40 23.30 * 1
2018-01-16 17:08:11 23.80 23.80 23.50 23.20 23.30 23.60 23.60 23.70 24.10 24.00 24.10 24.10 24.10 24.10 24.00 24.10 * 24.80 24.70 24.50 24.60 25.40 25.80 26.10 25.60 26.20 25.70 26.30 25.00 23.60 23.30 23.30 23.30 * 1
2018-01-16 17:08:12 23.50 23.60 23.30 23.10 23.20 23.40 23.40 23.50 24.00 23.90 24.10 24.10 24.00 24.00 24.00 24.10 * 24.80 24.70 24.50 24.60 25.40 25.70 26.10 25.60 26.20 25.70 26.30 25.00 23.60 23.30 23.30 23.20 * 1
2018-01-16 17:08:12 23.60 23.70 23.40 23.20 23.30 23.50 23.50 23.60 24.00 24.00 24.20 24.20 24.00 24.10 24.10 24.10 * 24.80 24.70 24.50 24.60 25.40 25.70 26.20 25.50 26.20 25.70 26.40 25.10 23.60 23.30 23.40 23.20 * 1
2018-01-16 17:08:12 23.70 23.70 23.40 23.20 23.30 23.50 23.60 23.60 24.00 23.90 24.20 24.10 23.90 24.00 24.00 24.10 * 24.70 24.70 24.50 24.60 25.30 25.70 26.10 25.50 26.30 25.80 26.40 25.10 23.60 23.40 23.40 23.30 * 1
2018-01-16 17:08:13 23.60 23.60 23.30 23.10 23.20 23.40 23.40 23.50 24.00 24.00 24.20 24.10 24.10 24.00 24.10 24.20 * 24.60 24.50 24.40 24.50 25.30 25.60 26.10 25.50 26.20 25.80 26.40 25.10 23.60 23.30 23.30 23.20 * 1
2018-01-16 17:08:13 23.60 23.60 23.30 23.10 23.20 23.40 23.40 23.60 24.00 23.90 24.10 24.10 24.00 23.90 24.00 24.10 * 24.60 24.50 24.40 24.40 25.10 25.40 26.10 25.50 26.20 25.80 26.40 25.40 23.60 23.30 23.20 23.10 * 1
2018-01-16 17:08:13 23.60 23.60 23.30 23.10 23.20 23.40 23.40 23.60 23.90 23.80 24.00 24.10 24.00 23.90 23.90 24.00 * 24.70 24.60 24.50 24.40 25.00 25.10 26.10 25.60 26.20 25.80 26.30 25.80 23.60 23.30 23.30 23.20 * 1
2018-01-16 17:08:13 23.50 23.60 23.30 23.10 23.10 23.40 23.40 23.40 23.90 23.80 24.00 24.10 24.00 23.90 23.90 24.00 * 24.70 24.60 24.50 24.40 24.70 24.70 26.10 25.70 26.20 25.70 26.30 25.90 23.70 23.30 23.30 23.10 * 1
2018-01-16 17:08:14 23.50 23.60 23.30 23.10 23.10 23.40 23.40 23.50 24.00 23.90 24.00 24.10 24.00 23.90 24.00 24.10 * 24.70 24.80 24.60 24.60 25.30 25.80 26.20 25.70 26.20 25.70 26.40 25.80 23.70 23.30 23.30 23.20 * 1
2018-01-16 17:08:14 23.40 23.50 23.20 23.00 23.10 23.30 23.30 23.40 24.00 23.80 24.10 24.10 24.00 23.90 24.00 24.00 * 24.30 24.80 24.60 24.50 25.50 26.00 26.20 25.60 26.10 25.70 26.40 25.60 23.50 23.30 23.30 23.10 * 1
2018-01-16 17:08:14 23.50 23.60 23.30 23.10 23.20 23.30 23.40 23.50 23.90 23.80 24.10 24.10 24.00 23.90 24.00 24.00 * 23.90 24.70 24.40 24.40 25.80 26.10 26.20 25.60 26.10 25.70 26.40 25.50 23.50 23.30 23.30 23.20 * 1
2018-01-16 17:08:14 23.50 23.60 23.30 23.10 23.20 23.40 23.40 23.50 23.90 23.70 24.00 24.10 24.00 23.90 23.90 23.90 * 24.00 24.70 24.40 24.40 25.80 26.20 26.20 25.60 26.20 25.80 26.40 25.30 23.50 23.30 23.30 23.10 * 1
2018-01-16 17:08:15 23.50 23.60 23.30 23.10 23.10 23.40 23.40 23.40 24.00 23.80 24.10 24.10 24.00 23.90 23.90 24.00 * 24.10 24.70 24.50 24.40 25.80 26.20 26.20 25.60 26.30 25.90 26.50 25.40 23.60 23.40 23.40 23.30 * 1
2018-01-16 17:08:15 23.40 23.50 23.10 22.90 23.10 23.30 23.30 23.30 23.90 23.90 24.10 24.10 23.90 24.00 24.00 23.90 * 24.10 24.70 24.40 24.40 25.80 26.20 26.20 25.70 26.30 25.90 26.50 25.60 23.60 23.30 23.40 23.30 * 1
2018-01-16 17:08:15 23.40 23.50 23.20 22.90 23.10 23.30 23.30 23.30 23.90 23.80 24.10 24.10 23.90 23.90 24.00 24.00 * 24.00 24.60 24.40 24.40 25.70 26.20 26.30 25.60 26.20 25.90 26.40 25.60 23.60 23.30 23.40 23.20 * 1
2018-01-16 17:08:15 23.40 23.60 23.20 23.00 23.10 23.40 23.30 23.40 23.90 23.80 24.00 24.00 23.90 23.90 23.90 23.90 * 24.00 24.60 24.40 24.40 25.70 26.20 26.30 25.60 26.20 25.80 26.40 25.60 23.60 23.30 23.30 23.20 * 1
2018-01-16 17:08:16 23.50 23.60 23.30 23.10 23.10 23.40 23.40 23.50 23.90 23.80 24.00 24.10 24.00 24.00 23.90 24.00 * 24.10 24.70 24.40 24.40 25.80 26.10 26.30 25.70 26.20 25.90 26.40 25.90 23.60 23.40 23.30 23.20 * 1
2018-01-16 17:08:16 23.50 23.50 23.20 23.00 23.10 23.30 23.30 23.40 24.00 23.80 24.20 24.10 24.00 24.00 24.00 24.10 * 24.30 24.70 24.50 24.40 25.70 25.80 26.00 25.70 26.20 25.90 26.40 25.90 23.60 23.30 23.40 23.20 * 1
2018-01-16 17:08:16 23.40 23.50 23.20 23.00 23.10 23.30 23.30 23.40 23.80 23.80 24.10 24.00 23.90 23.90 24.00 24.00 * 24.70 24.90 24.90 24.90 25.20 25.10 25.60 25.70 26.10 25.90 26.40 26.00 23.60 23.20 23.30 23.10 * 1
2018-01-16 17:08:17 23.50 23.50 23.20 23.10 23.10 23.30 23.40 23.40 23.80 23.80 24.00 24.00 23.90 23.90 24.00 24.00 * 24.70 25.00 25.10 25.30 25.20 24.90 25.50 25.70 26.30 26.00 26.50 26.00 23.60 23.30 23.40 23.20 * 1
2018-01-16 17:08:17 23.60 23.60 23.30 23.10 23.10 23.30 23.30 23.40 23.90 23.80 24.10 24.10 24.00 24.00 24.00 23.90 * 24.80 25.00 25.20 25.40 25.30 25.10 25.70 25.80 26.20 26.00 26.40 26.00 23.60 23.30 23.40 23.20 * 1
2018-01-16 17:08:17 23.40 23.50 23.20 23.00 23.10 23.30 23.30 23.40 23.80 23.80 24.10 24.00 24.00 24.00 23.90 24.00 * 24.90 25.20 25.40 25.60 25.50 25.20 25.70 25.80 26.20 26.00 26.40 26.00 23.60 23.30 23.40 23.30 * 1
2018-01-16 17:08:17 23.50 23.60 23.30 23.10 23.20 23.40 23.40 23.40 23.80 23.80 24.10 24.10 24.00 23.90 23.90 24.00 * 24.90 25.20 25.50 25.70 25.60 25.20 25.70 25.80 26.30 26.00 26.50 26.10 23.60 23.30 23.30 23.30 * 1
2018-01-16 17:08:18 23.50 23.60 23.30 23.10 23.10 23.40 23.40 23.50 23.80 23.80 24.00 24.10 23.90 23.90 23.90 23.90 * 25.10 25.40 25.90 26.10 25.80 25.40 25.80 25.80 26.30 26.10 26.50 26.30 23.70 23.30 23.30 23.20 * 1
2018-01-16 17:08:18 23.50 23.60 23.30 23.10 23.10 23.40 23.40 23.50 23.90 23.90 24.10 24.10 24.00 24.00 24.00 24.10 * 26.00 26.50 27.00 27.00 26.50 26.10 26.10 25.90 26.60 26.30 26.70 26.90 24.30 23.40 23.50 23.20 * 1
2018-01-16 17:08:18 23.40 23.50 23.20 23.00 23.10 23.30 23.30 23.40 23.90 23.80 24.00 24.00 23.90 24.00 24.00 24.00 * 25.80 26.90 27.40 27.40 26.70 26.40 26.30 26.00 26.50 26.30 26.70 27.00 24.50 23.40 23.50 23.20 * 1
2018-01-16 17:08:19 23.50 23.60 23.30 23.10 23.10 23.40 23.40 23.50 23.80 23.80 24.00 24.00 23.90 23.90 23.90 23.80 * 25.70 26.80 27.40 27.30 26.70 26.30 26.30 26.00 26.50 26.30 26.80 27.10 24.80 23.50 23.50 23.30 * 1
2018-01-16 17:08:19 23.60 23.70 23.40 23.20 23.20 23.50 23.50 23.60 23.90 23.80 24.00 24.10 24.00 23.90 23.90 23.90 * 25.70 26.70 27.30 27.30 26.60 26.30 26.30 26.00 26.60 26.30 26.80 27.10 25.20 23.50 23.40 23.30 * 1
2018-01-16 17:08:19 23.60 23.70 23.40 23.20 23.20 23.50 23.60 23.60 23.90 24.00 24.10 24.10 24.00 23.90 23.90 24.00 * 25.90 26.80 27.40 27.40 26.60 26.40 26.30 26.00 26.70 26.40 26.80 27.10 25.30 23.50 23.40 23.30 * 1
2018-01-16 17:08:19 23.60 23.70 23.40 23.20 23.20 23.50 23.50 23.60 23.90 23.90 24.10 24.10 23.90 24.00 24.00 24.10 * 26.50 27.20 27.70 27.60 26.70 26.60 26.40 26.10 26.60 26.30 26.80 27.00 25.30 23.50 23.40 23.20 * 1
2018-01-16 17:08:20 23.60 23.70 23.40 23.20 23.20 23.50 23.50 23.50 23.90 23.80 24.10 24.00 23.90 23.90 24.00 24.00 * 26.80 27.30 27.80 27.70 26.80 26.60 26.40 26.10 26.60 26.30 26.70 26.90 25.30 23.50 23.30 23.10 * 1
2018-01-16 17:08:20 23.60 23.70 23.40 23.20 23.20 23.50 23.40 23.50 23.80 23.80 24.00 24.00 23.90 23.90 23.90 23.90 * 26.90 27.40 27.80 27.70 26.90 26.60 26.40 26.10 26.70 26.30 26.70 26.90 25.30 23.50 23.40 23.20 * 1
2018-01-16 17:08:20 23.60 23.60 23.30 23.10 23.10 23.40 23.30 23.40 24.00 24.00 24.10 24.20 24.00 24.10 24.00 24.00 * 26.80 27.20 27.80 27.60 26.90 26.50 26.40 26.20 26.60 26.40 26.70 26.90 25.40 23.50 23.50 23.20 * 1
2018-01-16 17:08:20 23.60 23.70 23.30 23.20 23.20 23.50 23.50 23.60 23.90 23.80 24.10 24.10 24.00 24.00 24.00 24.00 * 26.60 27.00 27.60 27.50 26.90 26.50 26.40 26.10 26.60 26.40 26.70 26.90 25.50 23.60 23.50 23.30 * 1
2018-01-16 17:08:21 23.60 23.70 23.40 23.20 23.20 23.50 23.50 23.60 23.80 23.80 24.10 24.10 23.90 24.00 24.00 24.00 * 26.50 26.80 27.50 27.50 26.80 26.40 26.40 26.10 26.50 26.30 26.60 26.90 25.50 23.50 23.40 23.20 * 1
