2018-01-16 17:48:50 24.30 26.20 25.40 23.80 23.20 23.40 23.30 23.50 23.70 23.80 23.90 23.90 23.90 24.00 24.00 24.00 * 23.70 23.30 23.20 23.30 23.40 23.40 23.30 23.10 23.00 23.10 23.20 23.20 23.00 23.00 23.00 22.80 * 1
2018-01-16 17:48:50 24.50 26.20 25.50 23.60 23.30 23.50 23.50 23.60 23.70 23.80 23.90 23.90 23.90 24.00 24.00 24.00 * 23.30 23.30 23.10 23.30 23.50 23.40 23.30 23.10 23.10 23.30 23.40 23.40 23.20 23.10 23.10 23.00 * 1
2018-01-16 17:48:50 24.80 26.10 25.20 23.70 23.40 23.60 23.60 23.70 23.70 23.80 24.10 24.00 24.00 24.10 24.10 24.10 * 23.40 23.30 23.20 23.40 23.50 23.50 23.40 23.20 23.30 23.40 23.50 23.40 23.20 23.20 23.20 23.00 * 1
2018-01-16 17:48:50 24.70 25.80 24.60 23.80 23.50 23.70 23.60 23.80 23.80 23.90 24.10 24.10 24.10 24.10 24.20 24.20 * 23.60 23.20 23.20 23.30 23.40 23.40 23.30 23.10 23.20 23.30 23.50 23.40 23.20 23.20 23.20 22.90 * 1
2018-01-16 17:48:51 24.00 24.60 25.40 23.70 23.30 23.50 23.40 23.50 23.80 23.80 24.00 24.00 24.00 24.10 24.10 24.00 * 24.00 23.50 23.30 23.40 23.50 23.50 23.40 23.20 23.10 23.20 23.40 23.30 23.20 23.10 23.10 23.00 * 1
2018-01-16 17:48:51 24.00 24.20 26.20 23.90 23.30 23.50 23.50 23.60 23.80 23.80 23.90 24.00 24.00 24.10 24.00 23.90 * 24.00 23.90 23.30 23.40 23.50 23.60 23.50 23.30 23.20 23.30 23.40 23.30 23.20 23.10 23.20 23.00 * 1
2018-01-16 17:48:51 24.00 24.00 25.80 24.90 23.40 23.60 23.50 23.70 23.80 23.80 23.90 24.00 24.00 24.10 24.00 24.00 * 23.70 23.90 23.30 23.30 23.50 23.50 23.40 23.20 23.10 23.20 23.30 23.30 23.10 23.10 23.10 22.90 * 1
2018-01-16 17:48:52 23.70 23.60 23.80 26.00 24.70 23.50 23.20 23.40 23.80 23.80 24.00 24.00 24.00 24.10 24.10 24.10 * 23.40 23.90 23.30 23.30 23.50 23.40 23.20 23.10 23.10 23.20 23.40 23.30 23.10 23.10 23.10 22.90 * 1
2018-01-16 17:48:52 23.80 23.70 23.80 25.30 26.20 23.60 23.30 23.50 23.80 23.90 24.00 24.00 24.00 24.10 24.10 24.00 * 23.40 24.00 24.20 23.70 23.50 23.50 23.30 23.20 23.20 23.20 23.50 23.40 23.20 23.20 23.20 23.00 * 1
2018-01-16 17:48:52 23.90 23.80 23.90 24.30 26.00 25.00 23.60 23.70 24.30 23.80 23.90 24.00 23.90 24.10 24.00 24.10 * 23.40 23.80 24.40 24.00 24.00 23.50 23.40 23.20 23.20 23.30 23.50 23.40 23.20 23.20 23.10 23.00 * 1
2018-01-16 17:48:52 24.00 23.80 23.90 23.80 24.50 25.30 23.90 23.80 24.50 24.00 24.00 24.00 24.00 24.10 24.10 24.20 * 23.30 23.50 24.30 24.30 24.60 23.60 23.30 23.20 23.20 23.30 23.50 23.40 23.20 23.10 23.10 23.00 * 1
2018-01-16 17:48:53 23.80 23.70 23.70 23.60 23.30 23.50 23.40 23.60 23.90 23.90 24.00 24.10 24.00 24.10 24.10 24.10 * 23.20 23.40 24.20 24.40 24.80 23.60 23.30 23.10 23.10 23.30 23.40 23.30 23.10 23.10 23.20 22.90 * 1
2018-01-16 17:48:53 23.80 23.70 23.70 23.60 23.30 23.50 23.40 23.60 23.70 23.70 23.90 24.00 23.90 23.90 24.00 24.00 * 23.40 23.60 24.30 24.60 25.20 23.90 23.50 23.30 23.30 23.30 23.50 23.40 23.20 23.20 23.30 23.10 * 1
2018-01-16 17:48:53 23.90 23.70 23.70 23.60 23.40 23.60 23.50 23.60 23.60 23.80 23.90 23.80 23.90 23.90 24.00 24.00 * 23.40 23.70 24.30 24.70 25.40 23.90 23.50 23.40 23.30 23.40 23.60 23.40 23.20 23.30 23.20 23.10 * 1
2018-01-16 17:48:53 23.80 23.70 23.80 23.60 23.40 23.60 23.40 23.60 23.70 23.80 23.90 23.90 23.90 24.00 24.00 24.00 * 23.40 23.70 24.20 24.60 25.50 23.80 23.50 23.30 23.20 23.40 23.50 23.30 23.20 23.20 23.20 23.00 * 1
2018-01-16 17:48:54 23.70 23.60 23.60 23.50 23.20 23.40 23.40 23.40 23.70 23.70 23.90 23.90 23.90 24.00 24.00 23.90 * 23.40 23.70 24.20 24.60 25.50 23.80 23.40 23.20 23.10 23.30 23.40 23.30 23.10 23.10 23.10 22.90 * 1
2018-01-16 17:48:54 23.80 23.70 23.70 23.60 23.30 23.50 23.40 23.50 23.60 23.70 23.80 23.90 23.90 24.00 23.90 23.90 * 23.30 23.90 24.40 24.50 25.40 23.80 23.40 23.30 23.20 23.30 23.40 23.30 23.10 23.10 23.20 23.00 * 1
2018-01-16 17:48:54 23.90 23.80 23.80 23.60 23.40 23.60 23.50 23.60 23.60 23.70 23.80 23.90 23.90 24.00 23.90 23.90 * 23.30 23.90 24.40 24.50 25.40 23.70 23.40 23.20 23.20 23.20 23.40 23.20 23.10 23.10 23.10 23.00 * 1
2018-01-16 17:48:54 23.90 23.90 23.80 23.70 23.40 23.60 23.50 23.70 23.70 23.80 23.90 23.90 23.90 24.00 24.00 23.90 * 23.40 24.00 24.60 24.50 25.40 23.80 23.40 23.30 23.30 23.30 23.50 23.40 23.10 23.20 23.10 23.00 * 1
2018-01-16 17:48:55 23.90 23.80 23.80 23.70 23.40 23.60 23.50 23.60 23.70 23.70 23.90 23.90 23.90 24.00 24.00 23.90 * 23.40 24.00 24.70 24.50 25.30 23.70 23.40 23.30 23.30 23.30 23.50 23.40 23.20 23.20 23.20 23.00 * 1
2018-01-16 17:48:55 23.70 23.70 23.70 23.60 23.30 23.50 23.40 23.50 23.80 23.80 23.90 24.00 23.90 24.10 24.10 24.00 * 23.50 24.00 24.70 24.70 25.40 23.80 23.50 23.30 23.30 23.40 23.60 23.40 23.20 23.20 23.30 23.10 * 1
2018-01-16 17:48:55 23.80 23.70 23.70 23.60 23.40 23.60 23.50 23.60 23.70 23.80 23.90 24.00 23.90 23.90 24.00 23.90 * 23.60 24.10 24.90 24.80 25.60 24.00 23.60 23.50 23.40 23.40 23.50 23.50 23.20 23.30 23.30 23.20 * 1
2018-01-16 17:48:56 23.90 23.70 23.70 23.70 23.40 23.60 23.50 23.60 23.70 23.80 23.90 24.00 23.90 24.00 23.90 24.00 * 23.50 23.90 24.80 24.60 25.50 23.90 23.50 23.30 23.30 23.50 23.60 23.50 23.30 23.30 23.30 23.20 * 1
2018-01-16 17:48:56 23.70 23.60 23.60 23.50 23.20 23.40 23.30 23.50 23.70 23.80 23.90 23.90 23.90 24.00 24.00 24.00 * 23.30 23.80 24.60 24.50 25.40 23.70 23.40 23.10 23.30 23.40 23.50 23.50 23.30 23.30 23.30 23.20 * 1
2018-01-16 17:48:56 23.70 23.60 23.60 23.50 23.20 23.40 23.30 23.40 23.70 23.70 23.80 23.90 23.90 24.00 24.00 24.00 * 23.40 23.90 24.60 24.60 25.40 23.80 23.40 23.20 23.30 23.40 23.50 23.50 23.30 23.20 23.30 23.20 * 1
2018-01-16 17:48:56 23.80 23.70 23.70 23.60 23.30 23.50 23.40 23.50 23.70 23.70 23.80 23.90 23.90 24.00 24.00 24.00 * 23.40 24.00 24.80 24.60 25.40 23.70 23.40 23.20 23.40 23.50 23.60 23.50 23.30 23.20 23.30 23.20 * 1
2018-01-16 17:48:57 24.00 23.90 23.80 23.70 23.40 23.70 23.50 23.60 23.70 23.80 23.90 23.90 23.90 24.00 24.00 23.90 * 23.30 24.10 24.80 24.50 25.40 23.70 23.30 23.10 23.40 23.40 23.50 23.40 23.20 23.20 23.30 23.10 * 1
2018-01-16 17:48:57 24.00 23.90 23.90 23.80 23.40 23.70 23.50 23.70 23.60 23.80 23.90 23.90 23.80 24.00 24.00 23.90 * 23.30 24.10 24.80 24.50 25.40 23.70 23.30 23.10 23.30 23.30 23.50 23.40 23.20 23.20 23.30 23.10 * 1
2018-01-16 17:48:57 23.90 23.80 23.80 23.60 23.40 23.60 23.40 23.60 23.80 23.90 24.00 24.00 24.00 24.10 24.10 24.10 * 23.30 24.10 24.80 24.50 25.40 23.70 23.30 23.30 23.40 23.40 23.50 23.50 23.30 23.20 23.30 23.20 * 1
2018-01-16 17:48:57 23.80 23.70 23.70 23.60 23.40 23.50 23.40 23.60 23.70 23.80 24.00 24.00 23.90 24.00 24.10 24.00 * 23.50 24.20 24.90 24.60 25.40 23.80 23.40 23.40 23.30 23.40 23.50 23.40 23.30 23.20 23.20 23.10 * 1
2018-01-16 17:48:58 23.90 23.70 23.70 23.60 23.40 23.50 23.40 23.60 23.70 23.70 23.90 23.90 23.80 23.90 24.00 23.90 * 23.50 24.20 24.90 24.70 25.40 23.80 23.50 23.30 23.20 23.40 23.50 23.40 23.30 23.20 23.20 23.00 * 1
2018-01-16 17:48:58 23.90 23.70 23.70 23.60 23.40 23.60 23.50 23.60 23.60 23.70 23.90 23.90 23.80 24.00 24.00 23.90 * 23.40 24.10 24.90 24.60 25.30 23.70 23.40 23.20 23.20 23.30 23.50 23.40 23.20 23.20 23.20 23.00 * 1
2018-01-16 17:48:58 23.70 23.60 23.50 23.50 23.20 23.40 23.30 23.50 23.70 23.70 24.00 23.90 23.90 24.00 24.10 23.90 * 23.40 24.10 24.90 24.50 25.30 23.70 23.40 23.20 23.20 23.30 23.40 23.40 23.20 23.20 23.20 23.00 * 1
2018-01-16 17:48:59 23.70 23.60 23.70 23.60 23.30 23.50 23.40 23.50 23.70 23.70 23.90 23.90 23.90 23.90 24.00 23.80 * 23.40 24.10 24.80 24.60 25.40 23.80 23.40 23.30 23.30 23.30 23.40 23.40 23.20 23.20 23.20 23.10 * 1
2018-01-16 17:48:59 23.90 23.80 23.80 23.70 23.40 23.60 23.50 23.70 23.60 23.70 23.90 23.90 23.90 23.90 24.00 23.90 * 23.30 24.00 24.70 24.50 25.30 23.70 23.40 23.20 23.30 23.30 23.50 23.50 23.20 23.10 23.20 23.10 * 1
2018-01-16 17:48:59 24.10 23.90 23.90 23.70 23.40 23.70 23.50 23.70 23.50 23.60 23.80 23.80 23.80 23.90 24.00 23.90 * 23.30 23.90 24.70 24.50 25.30 23.60 23.30 23.10 23.20 23.30 23.50 23.50 23.20 23.10 23.20 23.10 * 1
2018-01-16 17:48:59 23.80 23.70 23.70 23.60 23.40 23.60 23.40 23.50 23.70 23.70 23.90 23.90 23.90 24.00 24.00 24.00 * 23.40 24.00 24.70 24.50 25.30 23.70 23.30 23.10 23.20 23.30 23.40 23.40 23.10 23.10 23.20 23.10 * 1
2018-01-16 17:49:00 23.80 23.70 23.70 23.60 23.30 23.50 23.40 23.50 23.80 23.70 23.90 23.90 24.00 24.00 24.10 24.00 * 23.30 24.00 24.90 24.50 25.30 23.70 23.40 23.10 23.30 23.30 23.50 23.30 23.10 23.20 23.20 23.00 * 1
2018-01-16 17:49:00 23.80 23.70 23.70 23.60 23.30 23.50 23.40 23.50 23.70 23.70 23.70 23.80 23.80 23.90 24.00 23.80 * 23.50 24.20 25.00 24.70 25.40 23.90 23.50 23.40 23.30 23.30 23.50 23.40 23.20 23.20 23.20 23.10 * 1
2018-01-16 17:49:00 23.90 23.70 23.70 23.60 23.40 23.60 23.40 23.50 23.50 23.60 23.70 23.80 23.70 23.90 23.90 23.80 * 23.50 24.20 24.90 24.70 25.40 23.90 23.50 23.30 23.20 23.20 23.50 23.40 23.20 23.10 23.10 23.00 * 1
2018-01-16 17:49:00 23.70 23.60 23.60 23.50 23.30 23.50 23.30 23.50 23.60 23.70 23.90 23.90 23.80 24.00 24.00 23.90 * 23.50 24.20 24.90 24.60 25.40 23.80 23.50 23.30 23.20 23.20 23.40 23.30 23.10 23.10 23.10 22.90 * 1
2018-01-16 17:49:01 23.60 23.60 23.60 23.50 23.20 23.50 23.30 23.40 23.70 23.80 23.90 23.90 23.90 24.00 24.10 24.00 * 23.50 24.20 24.90 24.60 25.40 23.80 23.50 23.30 23.20 23.30 23.40 23.40 23.20 23.20 23.10 23.00 * 1
2018-01-16 17:49:01 23.70 23.60 23.60 23.60 23.20 23.50 23.30 23.50 23.70 23.90 24.00 24.00 23.90 24.10 24.10 24.00 * 23.50 24.20 24.90 24.60 25.40 23.80 23.40 23.20 23.20 23.30 23.50 23.40 23.20 23.10 23.20 23.10 * 1
2018-01-16 17:49:01 23.80 23.70 23.60 23.60 23.30 23.50 23.40 23.50 23.70 23.70 24.00 23.90 23.90 24.00 24.00 24.00 * 23.30 24.00 24.80 24.50 25.30 23.60 23.30 23.10 23.20 23.30 23.40 23.40 23.20 23.20 23.20 23.10 * 1
2018-01-16 17:49:01 23.80 23.70 23.70 23.60 23.40 23.60 23.50 23.50 23.70 23.70 23.90 23.90 23.80 24.00 24.10 23.90 * 23.20 24.00 24.70 24.50 25.20 23.60 23.30 23.10 23.30 23.30 23.50 23.50 23.30 23.30 23.30 23.10 * 1
2018-01-16 17:49:02 23.80 23.70 23.80 23.70 23.30 23.60 23.50 23.60 23.70 23.70 23.90 23.90 23.80 24.00 24.00 23.90 * 23.40 24.10 24.70 24.50 25.30 23.70 23.40 23.20 23.40 23.40 23.60 23.50 23.30 23.30 23.30 23.20 * 1
2018-01-16 17:49:02 23.80 23.70 23.80 23.70 23.40 23.60 23.50 23.60 24.20 23.70 23.90 24.00 23.90 24.00 24.00 24.00 * 23.40 24.10 24.60 24.30 24.90 23.70 23.40 23.20 23.40 23.50 23.60 23.50 23.30 23.30 23.30 23.20 * 1
2018-01-16 17:49:02 23.80 23.70 23.80 23.70 23.40 23.80 24.00 23.70 25.70 23.80 23.90 24.00 23.90 24.00 24.00 23.90 * 23.40 24.10 24.80 24.30 24.00 23.60 23.30 23.20 23.30 23.40 23.60 23.50 23.30 23.30 23.40 23.20 * 1
2018-01-16 17:49:03 23.60 23.60 23.60 23.60 23.50 26.50 24.80 23.60 25.70 23.80 23.90 24.00 23.90 24.00 24.10 23.90 * 23.40 24.10 24.90 24.30 23.60 23.60 23.40 23.20 23.30 23.40 23.60 23.50 23.30 23.30 23.40 23.20 * 1
2018-01-16 17:49:03 23.60 23.60 23.60 23.50 24.50 26.70 23.70 23.40 24.20 23.80 23.90 23.90 23.90 24.00 24.00 23.90 * 23.40 24.10 24.90 24.20 23.60 23.60 23.40 23.20 23.30 23.50 23.60 23.50 23.30 23.30 23.40 23.20 * 1
2018-01-16 17:49:03 23.80 23.70 23.70 23.70 26.30 25.30 23.50 23.50 23.80 23.80 24.00 24.00 24.00 24.10 24.00 24.00 * 23.50 24.20 25.10 24.00 23.60 23.60 23.50 23.40 23.40 23.40 23.60 23.50 23.30 23.30 23.40 23.20 * 1
2018-01-16 17:49:03 23.90 23.70 23.80 24.00 27.70 24.30 23.50 23.60 23.70 23.80 23.90 24.00 24.00 24.10 24.10 24.00 * 23.30 24.10 25.00 23.80 23.50 23.50 23.30 23.20 23.30 23.40 23.60 23.50 23.30 23.30 23.30 23.20 * 1
2018-01-16 17:49:04 23.90 23.70 23.90 24.00 28.10 24.80 23.50 23.60 23.80 23.80 24.00 24.00 24.00 24.10 24.10 24.00 * 23.30 24.10 25.00 23.90 23.50 23.40 23.30 23.10 23.20 23.30 23.60 23.40 23.20 23.20 23.30 23.20 * 1
2018-01-16 17:49:04 23.90 23.70 23.90 23.80 27.20 25.90 23.50 23.60 23.80 23.80 24.00 24.10 24.00 24.10 24.10 23.90 * 23.30 24.00 25.00 24.20 23.70 23.40 23.20 23.20 23.20 23.40 23.50 23.40 23.20 23.20 23.20 23.10 * 1
2018-01-16 17:49:04 23.80 23.80 23.90 23.70 25.20 26.60 23.70 23.70 24.00 23.90 24.00 24.00 23.90 24.00 24.10 24.00 * 23.20 23.90 25.00 24.70 24.20 23.50 23.20 23.20 23.30 23.40 23.60 23.50 23.20 23.20 23.20 23.10 * 1
2018-01-16 17:49:04 23.80 23.70 23.80 23.60 23.60 25.00 23.60 23.70 23.80 23.70 24.00 24.00 23.90 24.00 24.00 23.90 * 23.20 23.80 24.90 25.10 24.40 23.40 23.30 23.10 23.30 23.40 23.60 23.50 23.30 23.30 23.30 23.10 * 1
2018-01-16 17:49:05 23.80 23.80 23.80 23.60 23.40 23.60 23.40 23.60 23.70 23.80 24.10 24.00 24.00 24.10 24.10 24.00 * 23.20 23.80 24.90 25.20 24.50 23.40 23.30 23.10 23.20 23.30 23.50 23.40 23.20 23.20 23.20 23.10 * 1
2018-01-16 17:49:05 23.80 23.70 23.80 23.60 23.40 23.50 23.40 23.60 23.70 23.80 24.10 24.00 24.00 24.10 24.10 24.00 * 23.30 23.70 24.80 25.30 24.60 23.50 23.30 23.20 23.20 23.40 23.50 23.40 23.20 23.20 23.20 23.10 * 1
2018-01-16 17:49:05 23.80 23.80 23.80 23.60 23.40 23.60 23.50 23.60 23.80 23.80 24.10 24.00 23.90 24.20 24.20 24.00 * 23.40 23.60 24.70 25.20 24.70 23.60 23.40 23.20 23.30 23.40 23.60 23.60 23.30 23.20 23.30 23.20 * 1
2018-01-16 17:49:06 23.80 23.70 23.70 23.60 23.30 23.50 23.40 23.60 23.80 23.80 23.90 24.00 24.00 24.10 24.00 24.00 * 23.40 23.60 24.80 25.30 24.70 23.60 23.40 23.30 23.40 23.50 23.60 23.60 23.30 23.30 23.30 23.20 * 1
2018-01-16 17:49:06 23.70 23.60 23.70 23.50 23.30 23.40 23.40 23.40 23.80 23.80 24.00 23.90 24.00 24.00 24.10 24.00 * 23.40 23.60 24.80 25.30 24.70 23.50 23.40 23.30 23.40 23.40 23.50 23.50 23.20 23.20 23.20 23.10 * 1
