2018-01-16 17:20:23 26.10 24.40 23.50 23.30 23.30 23.50 23.50 23.60 23.80 23.70 23.90 24.00 23.80 23.80 23.80 23.90 * 24.30 23.30 23.20 23.20 23.30 23.40 23.30 23.10 23.20 23.30 23.40 23.40 23.20 23.20 23.10 23.00 * 1
2018-01-16 17:20:23 26.20 24.20 23.40 23.20 23.30 23.50 23.50 23.60 23.90 23.80 24.00 24.00 23.90 23.90 23.90 23.90 * 24.10 23.30 23.20 23.10 23.20 23.30 23.30 23.10 23.30 23.40 23.60 23.50 23.30 23.30 23.20 23.10 * 1
2018-01-16 17:20:23 26.30 24.30 23.50 23.30 23.30 23.60 23.60 23.70 23.90 23.80 24.10 24.10 24.00 24.00 24.00 24.00 * 23.90 23.50 23.30 23.20 23.30 23.50 23.30 23.20 23.40 23.40 23.60 23.60 23.30 23.30 23.30 23.20 * 1
2018-01-16 17:20:23 25.50 24.60 23.50 23.30 23.30 23.60 23.60 23.80 24.10 23.90 24.20 24.10 24.00 24.00 24.00 24.10 * 23.60 23.80 23.30 23.20 23.30 23.40 23.30 23.10 23.30 23.30 23.50 23.50 23.20 23.20 23.20 23.10 * 1
2018-01-16 17:20:24 24.30 25.20 24.40 23.30 23.30 23.50 23.60 23.70 24.00 23.80 24.00 24.00 24.00 23.90 23.90 24.00 * 23.40 24.00 23.30 23.10 23.30 23.30 23.20 23.00 23.30 23.30 23.50 23.50 23.30 23.20 23.20 23.00 * 1
2018-01-16 17:20:24 23.90 24.60 25.60 23.50 23.30 23.50 23.50 23.50 23.90 23.80 24.00 24.00 24.00 23.90 23.80 23.90 * 23.30 23.70 23.60 23.30 23.40 23.40 23.30 23.10 23.40 23.40 23.50 23.60 23.30 23.30 23.20 23.10 * 1
2018-01-16 17:20:24 23.90 24.00 25.10 25.30 23.60 23.60 23.60 23.60 24.00 24.00 24.10 24.10 24.00 24.00 23.90 24.10 * 23.20 23.20 23.40 24.00 24.00 23.60 23.40 23.10 23.50 23.40 23.60 23.60 23.40 23.30 23.30 23.20 * 1
2018-01-16 17:20:25 23.80 23.80 23.80 25.70 25.30 24.50 23.70 23.70 25.20 24.00 24.00 24.10 24.00 23.90 23.90 24.00 * 23.20 23.20 23.30 23.90 24.20 23.90 23.60 23.40 23.40 23.50 23.50 23.50 23.30 23.20 23.20 23.10 * 1
2018-01-16 17:20:25 23.60 23.60 23.40 23.20 23.40 24.40 24.70 24.00 25.40 24.40 24.10 24.00 24.00 23.90 23.90 24.00 * 23.10 23.20 23.20 23.70 24.00 24.00 23.60 23.70 23.80 24.20 23.60 23.60 23.30 23.20 23.20 23.00 * 1
2018-01-16 17:20:25 23.70 23.60 23.30 23.20 23.20 23.60 23.60 23.90 24.30 24.50 24.20 24.00 24.00 23.90 23.90 24.00 * 23.20 23.20 23.20 23.60 23.90 24.20 23.70 23.90 24.10 24.40 23.60 23.50 23.30 23.20 23.20 23.10 * 1
2018-01-16 17:20:25 23.60 23.70 23.30 23.20 23.20 23.50 23.60 23.80 24.10 24.30 24.20 24.10 24.00 24.00 23.90 24.00 * 23.20 23.30 23.30 23.70 24.00 24.20 24.20 24.20 24.40 24.70 23.70 23.60 23.30 23.30 23.30 23.20 * 1
2018-01-16 17:20:26 23.60 23.60 23.40 23.20 23.30 23.50 23.50 23.90 24.00 24.40 24.20 24.10 24.00 23.90 23.90 24.00 * 23.20 23.20 23.20 23.70 24.00 24.10 24.10 24.00 24.20 24.50 23.60 23.50 23.20 23.20 23.20 23.20 * 1
2018-01-16 17:20:26 23.70 23.60 23.40 23.20 23.30 23.50 23.50 24.50 24.40 26.50 24.30 24.00 24.00 23.90 23.90 24.00 * 23.20 23.30 23.30 23.90 24.20 24.20 24.00 23.90 24.00 24.30 23.60 23.50 23.20 23.20 23.20 23.10 * 1
2018-01-16 17:20:26 23.60 23.60 23.30 23.20 23.30 23.50 23.90 25.50 24.60 26.80 24.20 24.00 24.00 23.90 23.80 24.00 * 23.20 23.30 23.30 24.00 24.20 24.20 23.90 23.80 23.90 24.30 23.70 23.60 23.40 23.30 23.30 23.20 * 1
2018-01-16 17:20:26 23.80 23.70 23.40 23.20 23.30 23.70 24.40 25.40 25.20 26.80 24.20 24.10 24.00 24.00 24.00 24.10 * 23.10 23.20 23.30 24.00 24.10 24.10 23.80 23.80 23.80 24.30 23.60 23.50 23.40 23.30 23.20 23.20 * 1
2018-01-16 17:20:27 23.80 23.70 23.50 23.20 23.30 23.80 24.70 25.30 25.60 26.50 24.10 24.10 24.10 24.00 24.00 24.00 * 23.10 23.20 23.30 23.90 24.20 24.30 23.80 23.80 23.80 24.30 23.60 23.50 23.30 23.30 23.30 23.20 * 1
2018-01-16 17:20:27 23.70 23.60 23.40 23.10 23.30 23.70 24.80 25.10 25.70 26.20 24.00 24.00 24.00 23.90 23.90 23.80 * 23.10 23.10 23.20 23.70 24.00 24.30 23.80 23.70 23.90 24.20 23.60 23.60 23.30 23.30 23.30 23.20 * 1
2018-01-16 17:20:27 23.70 23.60 23.40 23.20 23.30 23.70 24.80 25.10 25.60 26.00 24.10 24.10 24.00 24.00 24.00 24.00 * 23.10 23.20 23.20 23.60 24.00 24.30 23.80 23.80 23.90 24.20 23.60 23.50 23.30 23.20 23.20 23.20 * 1
2018-01-16 17:20:27 23.70 23.70 23.40 23.30 23.30 23.80 24.30 24.80 25.20 25.70 24.00 24.00 23.90 23.90 23.90 24.00 * 23.20 23.20 23.40 23.70 24.10 24.40 23.90 23.90 23.80 24.10 23.60 23.50 23.20 23.20 23.20 23.10 * 1
2018-01-16 17:20:28 23.80 23.70 23.40 23.30 23.30 23.80 24.30 24.60 25.00 25.60 24.00 23.90 23.90 23.80 23.80 23.90 * 23.20 23.10 23.30 23.70 24.10 24.30 23.80 23.80 23.80 24.20 23.50 23.50 23.30 23.20 23.20 23.10 * 1
2018-01-16 17:20:28 23.80 23.80 23.40 23.20 23.30 23.80 24.40 24.70 25.20 25.60 24.10 24.00 24.00 23.90 23.90 24.00 * 23.10 23.20 23.20 23.50 24.00 24.30 23.90 23.80 24.00 24.30 23.70 23.60 23.50 23.30 23.30 23.20 * 1
2018-01-16 17:20:28 23.60 23.70 23.40 23.20 23.30 23.70 24.40 24.70 25.60 25.80 24.10 24.00 24.00 23.90 24.00 24.00 * 23.20 23.20 23.30 23.60 24.20 24.50 23.90 23.90 24.00 24.40 23.70 23.70 23.50 23.40 23.30 23.20 * 1
2018-01-16 17:20:28 23.80 23.80 23.50 23.40 23.40 23.90 24.70 25.00 25.80 25.90 24.20 24.20 24.10 24.10 24.10 24.10 * 23.20 23.30 23.30 23.50 24.10 24.40 23.90 23.90 24.10 24.30 23.70 23.70 23.50 23.40 23.50 23.30 * 1
2018-01-16 17:20:29 23.70 23.70 23.40 23.20 23.30 23.70 24.60 24.70 25.70 25.80 24.10 24.10 24.10 23.90 24.00 24.00 * 23.20 23.30 23.20 23.40 24.10 24.30 23.90 23.80 24.00 24.20 23.70 23.60 23.40 23.30 23.40 23.20 * 1
2018-01-16 17:20:29 23.60 23.70 23.30 23.20 23.20 23.70 24.50 24.50 25.40 25.60 24.00 24.00 24.00 23.80 23.80 23.90 * 23.20 23.20 23.20 23.40 24.00 24.30 23.80 23.80 23.90 24.20 23.60 23.50 23.30 23.30 23.30 23.20 * 1
2018-01-16 17:20:29 23.70 23.70 23.40 23.20 23.30 23.70 24.50 24.60 25.50 25.60 24.10 24.00 24.00 23.90 23.90 24.00 * 23.20 23.30 23.30 23.50 24.00 24.40 23.90 23.90 24.00 24.40 23.70 23.60 23.40 23.40 23.30 23.30 * 1
2018-01-16 17:20:30 23.70 23.70 23.50 23.20 23.30 23.70 24.60 24.70 25.60 25.70 24.00 24.00 24.00 23.90 23.90 24.00 * 23.20 23.30 23.30 23.60 24.10 24.50 23.90 24.00 23.90 24.30 23.70 23.60 23.40 23.30 23.30 23.30 * 1
2018-01-16 17:20:30 23.60 23.60 23.40 23.20 23.30 23.80 24.60 24.50 25.60 25.50 24.00 24.00 24.00 23.90 23.90 24.00 * 23.10 23.10 23.20 23.50 24.10 24.40 23.80 23.80 23.90 24.20 23.60 23.60 23.30 23.20 23.20 23.20 * 1
2018-01-16 17:20:30 23.60 23.60 23.30 23.20 23.20 23.70 24.50 24.30 25.60 25.30 24.00 24.00 24.00 23.90 23.90 23.90 * 23.00 23.10 23.20 23.50 24.10 24.30 23.80 23.70 23.90 24.20 23.60 23.50 23.30 23.20 23.20 23.10 * 1
2018-01-16 17:20:30 23.70 23.70 23.40 23.20 23.30 23.80 24.50 24.30 25.50 25.20 24.10 24.10 24.00 23.90 23.90 23.90 * 23.20 23.20 23.30 23.50 24.10 24.40 23.90 24.00 24.00 24.30 23.60 23.50 23.40 23.30 23.20 23.10 * 1
2018-01-16 17:20:31 23.70 23.80 23.50 23.30 23.30 23.90 24.60 24.40 25.60 25.20 24.10 24.10 24.00 24.00 24.00 24.10 * 23.20 23.30 23.30 23.60 24.10 24.40 24.00 23.90 23.90 24.20 23.60 23.60 23.30 23.30 23.30 23.20 * 1
2018-01-16 17:20:31 23.70 23.70 23.50 23.30 23.30 23.80 24.60 24.40 25.60 25.20 24.10 24.00 24.00 24.00 24.00 24.00 * 23.20 23.30 23.30 23.60 24.10 24.40 23.90 23.90 23.90 24.20 23.60 23.60 23.40 23.30 23.30 23.20 * 1
2018-01-16 17:20:31 23.70 23.70 23.50 23.30 23.30 23.90 24.70 24.40 25.60 25.10 24.10 24.00 24.00 23.90 23.90 23.90 * 23.20 23.30 23.40 23.70 24.10 24.50 24.00 24.00 23.90 24.30 23.60 23.60 23.40 23.30 23.30 23.20 * 1
2018-01-16 17:20:31 23.70 23.70 23.50 23.30 23.40 24.00 24.70 24.40 25.90 25.20 24.00 24.00 24.00 23.90 23.90 24.00 * 23.20 23.20 23.30 23.60 23.90 24.40 23.90 23.90 23.90 24.30 23.70 23.60 23.40 23.30 23.30 23.20 * 1
2018-01-16 17:20:32 23.80 23.70 23.40 23.30 23.30 24.00 25.00 24.50 25.90 25.20 24.00 24.00 24.00 23.90 23.90 23.90 * 23.20 23.30 23.30 23.40 23.80 24.30 23.90 23.90 23.90 24.30 23.60 23.60 23.30 23.20 23.20 23.20 * 1
2018-01-16 17:20:32 23.70 23.60 23.40 23.20 23.30 24.00 24.90 24.40 25.90 25.10 24.00 24.00 23.90 23.80 23.80 23.80 * 23.20 23.20 23.20 23.30 23.80 24.20 23.90 23.80 24.10 24.30 23.60 23.60 23.40 23.30 23.30 23.20 * 1
2018-01-16 17:20:32 23.60 23.70 23.50 23.20 23.30 24.00 24.90 24.30 26.10 25.20 24.00 24.00 24.00 23.80 23.90 24.00 * 23.10 23.20 23.20 23.20 23.90 24.20 23.90 23.80 24.10 24.30 23.60 23.50 23.40 23.20 23.30 23.10 * 1
2018-01-16 17:20:33 23.70 23.80 23.60 23.30 23.30 24.10 25.00 24.40 26.00 25.20 24.00 24.00 24.00 23.90 23.90 23.90 * 23.30 23.30 23.30 23.30 24.10 24.50 24.00 24.00 24.20 24.30 23.70 23.60 23.40 23.40 23.40 23.30 * 1
2018-01-16 17:20:33 23.70 23.70 23.40 23.20 23.30 24.00 24.90 24.40 26.00 25.30 24.10 24.10 24.00 23.90 24.00 23.90 * 23.20 23.20 23.30 23.30 24.10 24.40 24.00 24.00 24.00 24.30 23.60 23.60 23.40 23.30 23.20 23.20 * 1
2018-01-16 17:20:33 23.70 23.70 23.40 23.30 23.30 24.00 24.90 24.50 26.00 25.30 24.10 24.10 24.00 23.90 23.90 23.90 * 23.10 23.10 23.20 23.20 24.00 24.30 23.90 23.80 24.10 24.30 23.60 23.60 23.40 23.30 23.20 23.20 * 1
2018-01-16 17:20:33 23.70 23.70 23.40 23.30 23.30 24.00 24.90 24.50 26.00 25.30 24.00 24.00 24.00 23.80 23.90 23.90 * 23.20 23.20 23.20 23.20 24.00 24.40 23.90 23.90 24.10 24.30 23.70 23.60 23.40 23.30 23.30 23.20 * 1
2018-01-16 17:20:34 23.60 23.60 23.30 23.20 23.20 24.00 24.90 24.40 26.10 25.40 24.10 24.10 24.00 24.00 23.90 24.10 * 23.20 23.20 23.20 23.20 24.00 24.40 23.90 23.80 24.10 24.30 23.70 23.60 23.40 23.30 23.30 23.20 * 1
2018-01-16 17:20:34 23.80 23.70 23.50 23.20 23.40 24.10 24.80 24.40 26.00 25.10 24.10 24.00 24.00 23.90 23.90 23.90 * 23.20 23.20 23.20 23.20 24.00 24.40 23.90 23.90 24.10 24.30 23.70 23.70 23.40 23.30 23.40 23.20 * 1
2018-01-16 17:20:34 23.60 23.60 23.40 23.20 23.30 24.10 24.50 24.10 25.80 24.70 24.00 23.90 23.90 23.80 23.80 23.80 * 23.20 23.20 23.20 23.30 24.10 24.50 23.90 23.90 24.10 24.30 23.60 23.60 23.40 23.30 23.40 23.20 * 1
2018-01-16 17:20:34 23.60 23.70 23.40 23.20 23.30 24.50 25.00 24.10 26.20 24.50 24.10 24.00 24.00 23.90 23.90 23.90 * 23.10 23.20 23.20 23.20 24.20 24.60 23.90 23.80 24.10 24.20 23.70 23.60 23.40 23.40 23.40 23.20 * 1
2018-01-16 17:20:35 23.70 23.70 23.50 23.30 23.50 26.10 28.00 24.50 28.30 24.40 24.00 24.00 24.00 23.90 23.90 24.00 * 23.30 23.30 23.30 23.40 24.30 24.70 24.20 23.60 24.20 23.90 23.70 23.70 23.40 23.40 23.30 23.20 * 1
2018-01-16 17:20:35 23.70 23.70 23.50 23.30 23.50 26.10 28.00 24.70 28.20 24.80 24.00 24.00 24.00 24.00 23.90 24.00 * 23.30 23.30 23.40 23.50 24.40 24.80 24.40 23.50 24.20 23.60 23.50 23.50 23.30 23.30 23.30 23.20 * 1
2018-01-16 17:20:35 23.60 23.70 23.40 23.20 23.40 25.80 27.50 24.90 28.00 25.50 24.10 24.00 23.90 24.00 24.00 24.00 * 23.20 23.20 23.20 23.30 24.30 24.60 24.20 23.40 24.20 23.60 23.50 23.50 23.30 23.30 23.20 23.20 * 1
2018-01-16 17:20:36 23.60 23.70 23.40 23.10 23.40 25.50 27.20 25.40 28.00 26.20 24.10 24.00 23.90 24.00 23.90 23.90 * 23.20 23.30 23.30 23.30 24.20 24.60 24.30 23.50 24.30 23.70 23.60 23.60 23.40 23.30 23.30 23.20 * 1
2018-01-16 17:20:36 23.50 23.70 23.40 23.10 23.30 25.30 27.20 25.80 28.10 27.20 24.10 24.10 24.10 24.10 23.90 24.00 * 23.20 23.30 23.30 23.30 24.10 24.50 24.20 23.40 24.20 23.70 23.60 23.60 23.30 23.30 23.30 23.20 * 1
2018-01-16 17:20:36 23.70 23.70 23.50 23.30 23.30 25.00 27.20 26.30 28.00 27.40 24.20 24.10 24.00 24.00 23.90 23.90 * 23.20 23.20 23.20 23.20 24.00 24.50 24.20 23.30 24.30 23.80 23.70 23.60 23.40 23.50 23.50 23.30 * 1
2018-01-16 17:20:36 23.60 23.60 23.40 23.20 23.30 24.90 27.20 26.30 27.90 27.40 24.00 24.00 23.90 23.90 23.80 23.80 * 23.20 23.20 23.20 23.20 24.10 24.60 24.20 23.30 24.20 23.60 23.60 23.60 23.30 23.30 23.30 23.20 * 1
2018-01-16 17:20:37 23.60 23.70 23.40 23.30 23.30 25.00 27.20 26.40 27.90 27.50 24.00 24.00 24.00 23.90 23.90 23.90 * 23.20 23.20 23.20 23.20 24.00 24.60 24.20 23.40 24.30 23.70 23.60 23.60 23.30 23.30 23.30 23.30 * 1
2018-01-16 17:20:37 23.70 23.70 23.40 23.20 23.40 25.00 27.20 26.50 28.10 27.50 24.00 24.00 24.00 23.90 23.90 24.00 * 23.10 23.20 23.30 23.30 24.20 24.60 24.30 23.50 24.40 23.70 23.70 23.60 23.40 23.40 23.40 23.30 * 1
2018-01-16 17:20:37 23.70 23.70 23.40 23.20 23.40 25.10 27.20 26.50 28.10 27.50 24.00 24.00 24.00 24.00 23.90 24.00 * 23.20 23.30 23.30 23.40 24.20 24.70 24.50 23.70 24.30 23.60 23.60 23.60 23.40 23.20 23.30 23.20 * 1
2018-01-16 17:20:37 23.60 23.70 23.40 23.20 23.40 25.10 27.20 26.40 28.00 27.40 24.00 24.00 23.90 23.90 23.90 23.90 * 23.10 23.20 23.20 23.30 24.10 24.60 24.30 23.40 24.20 23.60 23.60 23.50 23.30 23.20 23.20 23.10 * 1
2018-01-16 17:20:38 23.60 23.70 23.50 23.20 23.40 25.20 27.20 26.40 28.10 27.30 24.10 24.00 24.00 23.90 24.00 23.80 * 23.30 23.30 23.30 23.40 24.20 24.70 24.40 23.50 24.20 23.60 23.60 23.50 23.30 23.20 23.20 23.10 * 1
2018-01-16 17:20:38 23.60 23.70 23.40 23.20 23.30 25.20 27.30 26.10 28.10 26.90 24.00 24.00 24.00 23.90 23.90 23.90 * 23.30 23.30 23.30 23.30 24.20 24.70 24.30 23.60 24.30 23.70 23.60 23.60 23.40 23.30 23.30 23.20 * 1
2018-01-16 17:20:38 23.70 23.70 23.40 23.30 23.40 25.40 27.40 26.00 28.20 26.70 24.10 24.10 24.00 24.00 24.00 24.00 * 23.20 23.30 23.20 23.30 24.10 24.60 24.30 23.50 24.30 23.70 23.60 23.50 23.30 23.30 23.30 23.20 * 1
2018-01-16 17:20:38 23.60 23.60 23.30 23.10 23.30 25.40 27.40 25.80 28.10 26.40 24.00 24.00 23.90 23.90 23.80 23.90 * 23.20 23.30 23.20 23.30 24.10 24.60 24.30 23.50 24.30 23.60 23.60 23.60 23.40 23.30 23.30 23.20 * 1
2018-01-16 17:20:39 23.70 23.70 23.30 23.20 23.40 25.50 27.40 25.70 28.10 26.30 24.00 23.90 23.90 23.90 23.80 23.80 * 23.20 23.20 23.30 23.30 24.10 24.60 24.30 23.50 24.30 23.60 23.60 23.60 23.40 23.30 23.30 23.20 * 1
