2018-01-16 17:13:26 23.70 23.70 23.40 23.20 23.80 25.80 26.30 27.20 26.40 27.60 26.50 25.10 23.90 23.90 23.90 23.90 * 23.30 23.40 23.30 23.30 23.30 23.40 24.00 23.60 23.40 23.50 25.00 23.80 23.20 23.20 23.20 23.10 * 1
2018-01-16 17:13:27 23.60 23.70 23.40 23.10 23.20 24.40 25.40 27.00 25.40 27.00 27.10 25.80 24.20 23.90 23.90 23.90 * 23.40 23.40 23.40 23.30 23.30 23.40 23.50 23.40 23.20 23.50 24.90 24.30 23.40 23.30 23.30 23.20 * 1
2018-01-16 17:13:27 23.70 23.70 23.50 23.20 23.20 23.50 24.30 26.00 24.40 25.80 27.70 25.80 24.50 24.00 24.00 24.00 * 23.30 23.30 23.40 23.20 23.30 23.40 23.40 23.30 23.30 23.50 24.50 24.40 23.40 23.30 23.30 23.20 * 1
2018-01-16 17:13:27 23.80 23.80 23.60 23.30 23.30 23.60 23.60 24.80 24.10 24.80 27.70 26.30 24.20 24.00 24.00 24.00 * 23.20 23.30 23.30 23.20 23.30 23.30 23.30 23.20 23.20 23.40 24.10 24.40 23.30 23.20 23.30 23.10 * 1
2018-01-16 17:13:28 23.60 23.60 23.30 23.10 23.20 23.40 23.40 25.00 24.10 25.30 27.20 24.90 23.90 24.00 23.90 23.90 * 23.20 23.30 23.20 23.20 23.30 23.30 23.30 23.30 23.20 23.40 24.10 23.80 23.30 23.20 23.20 23.10 * 1
2018-01-16 17:13:28 23.70 23.70 23.40 23.10 23.20 23.40 23.50 25.40 24.10 25.50 26.60 24.20 24.00 24.00 23.90 23.90 * 23.20 23.20 23.20 23.10 23.20 23.30 23.30 23.30 23.20 23.50 24.20 23.60 23.40 23.20 23.20 23.10 * 1
2018-01-16 17:13:28 23.70 23.70 23.40 23.20 23.30 23.50 23.60 25.40 24.10 25.20 25.90 24.10 24.00 23.90 23.90 23.80 * 23.20 23.20 23.20 23.10 23.20 23.20 23.20 23.20 23.20 23.50 24.30 23.60 23.40 23.20 23.20 23.10 * 1
2018-01-16 17:13:28 23.60 23.60 23.30 23.20 23.30 23.50 23.60 25.30 24.10 25.40 25.60 24.10 24.00 23.80 23.80 23.80 * 23.10 23.10 23.20 23.10 23.20 23.10 23.20 23.20 23.10 23.40 24.10 23.50 23.20 23.20 23.20 23.00 * 1
2018-01-16 17:13:29 23.60 23.60 23.30 23.10 23.20 23.40 23.50 26.60 24.30 27.20 25.20 24.00 23.90 23.90 23.80 23.90 * 23.10 23.20 23.30 23.10 23.20 23.30 23.30 23.80 23.20 23.60 24.10 23.50 23.20 23.20 23.20 23.00 * 1
2018-01-16 17:13:29 23.60 23.60 23.30 23.10 23.20 23.40 23.50 26.50 24.30 27.20 24.90 24.10 24.00 23.90 23.90 24.00 * 23.30 23.30 23.40 23.30 23.30 23.40 23.40 24.60 23.50 25.20 25.00 23.60 23.40 23.30 23.30 23.20 * 1
2018-01-16 17:13:29 23.70 23.70 23.40 23.30 23.30 23.50 23.60 25.10 24.10 25.40 25.00 24.10 24.00 24.00 23.90 24.00 * 23.20 23.20 23.30 23.20 23.20 23.30 23.40 25.00 23.60 25.70 25.90 23.70 23.40 23.40 23.30 23.20 * 1
2018-01-16 17:13:30 23.80 23.70 23.40 23.30 23.30 23.60 23.60 24.30 23.90 24.60 24.80 24.00 24.00 24.00 23.90 24.00 * 23.10 23.20 23.20 23.10 23.20 23.20 23.60 25.30 23.60 25.70 26.50 23.60 23.30 23.20 23.20 23.10 * 1
2018-01-16 17:13:30 23.50 23.60 23.30 23.10 23.20 23.50 23.40 23.70 23.90 23.90 24.10 24.00 24.00 23.90 23.90 23.90 * 23.10 23.20 23.20 23.10 23.20 23.20 23.70 25.30 23.90 25.90 26.40 23.60 23.30 23.40 23.30 23.20 * 1
2018-01-16 17:13:30 23.60 23.60 23.30 23.10 23.20 23.50 23.50 23.50 23.80 23.80 24.00 24.00 23.90 23.80 23.80 23.90 * 23.20 23.20 23.30 23.20 23.20 23.20 23.90 25.40 23.90 25.90 26.40 23.70 23.30 23.40 23.30 23.20 * 1
2018-01-16 17:13:30 23.70 23.70 23.40 23.20 23.20 23.50 23.60 23.60 23.80 23.80 24.00 24.00 23.90 23.90 23.90 24.00 * 23.20 23.20 23.20 23.20 23.20 23.20 23.80 25.40 23.90 26.10 26.50 23.80 23.40 23.40 23.30 23.20 * 1
2018-01-16 17:13:31 23.60 23.70 23.40 23.20 23.20 23.50 23.50 23.70 23.80 23.70 24.00 23.90 23.80 23.80 23.80 23.90 * 23.20 23.20 23.20 23.10 23.20 23.20 23.70 25.40 23.80 26.00 26.60 23.70 23.40 23.30 23.20 23.10 * 1
2018-01-16 17:13:31 23.60 23.60 23.30 23.10 23.20 23.40 23.40 23.50 23.80 23.70 23.90 24.00 23.80 23.90 23.80 23.90 * 23.20 23.30 23.30 23.20 23.30 23.30 23.90 25.50 23.80 26.00 26.70 23.80 23.40 23.40 23.30 23.20 * 1
2018-01-16 17:13:31 23.50 23.60 23.30 23.10 23.20 23.40 23.40 23.40 23.80 23.80 24.00 24.00 23.90 23.90 23.90 23.90 * 23.20 23.20 23.20 23.20 23.20 23.20 23.80 25.40 23.90 26.10 26.70 23.80 23.40 23.40 23.30 23.20 * 1
2018-01-16 17:13:31 23.60 23.60 23.30 23.10 23.30 23.50 23.50 23.50 23.90 23.80 24.00 24.00 24.00 23.90 24.00 23.90 * 23.30 23.30 23.30 23.20 23.30 23.40 23.90 25.60 23.90 26.00 26.70 23.70 23.40 23.30 23.20 23.20 * 1
2018-01-16 17:13:32 23.50 23.50 23.20 22.90 23.10 23.30 23.40 23.50 23.90 23.80 24.00 24.00 24.00 23.90 23.90 23.90 * 23.10 23.10 23.20 23.10 23.10 23.20 23.70 25.50 23.90 26.00 26.60 23.70 23.40 23.30 23.20 23.20 * 1
2018-01-16 17:13:32 23.40 23.50 23.20 23.00 23.00 23.30 23.30 23.40 23.80 23.80 24.10 24.00 23.90 23.80 23.90 23.90 * 23.10 23.10 23.20 23.10 23.00 23.20 23.70 25.50 23.90 26.00 26.50 23.60 23.30 23.30 23.20 23.10 * 1
2018-01-16 17:13:32 23.50 23.60 23.20 23.00 23.10 23.40 23.40 23.40 23.90 23.90 24.10 24.00 23.90 23.90 23.90 23.90 * 23.20 23.20 23.20 23.20 23.20 23.20 23.90 25.60 24.00 26.10 26.50 23.70 23.40 23.30 23.30 23.20 * 1
2018-01-16 17:13:32 23.50 23.60 23.30 23.10 23.10 23.40 23.40 23.50 24.00 23.90 24.00 24.00 23.90 23.90 24.00 23.90 * 23.20 23.20 23.20 23.10 23.20 23.20 23.80 25.50 23.90 26.00 26.40 23.60 23.30 23.20 23.30 23.10 * 1
2018-01-16 17:13:33 23.50 23.50 23.30 23.10 23.20 23.40 23.40 23.50 23.90 23.80 24.00 24.00 23.90 23.90 23.90 23.90 * 23.10 23.10 23.10 23.00 23.10 23.10 23.70 25.40 23.90 26.00 26.30 23.60 23.30 23.30 23.30 23.10 * 1
2018-01-16 17:13:33 23.60 23.50 23.30 23.20 23.20 23.40 23.40 23.50 23.80 23.70 23.90 23.90 24.00 23.80 23.80 23.90 * 23.20 23.20 23.20 23.10 23.20 23.20 23.80 25.50 23.90 26.00 26.30 23.60 23.30 23.30 23.30 23.20 * 1
2018-01-16 17:13:33 23.60 23.60 23.30 23.20 23.20 23.40 23.40 23.50 23.90 23.80 24.10 24.00 24.00 23.90 23.90 23.90 * 23.20 23.20 23.20 23.20 23.20 23.20 23.80 25.50 24.10 26.20 26.50 23.80 23.50 23.50 23.50 23.40 * 1
2018-01-16 17:13:34 23.70 23.70 23.40 23.20 23.30 23.50 23.60 23.60 23.90 23.80 24.10 24.00 23.90 23.90 23.90 23.90 * 23.30 23.30 23.30 23.20 23.20 23.30 23.90 25.60 24.00 26.10 26.40 23.70 23.50 23.40 23.40 23.30 * 1
2018-01-16 17:13:34 23.70 23.70 23.40 23.20 23.30 23.50 23.60 23.60 23.80 23.70 23.90 23.90 23.80 23.80 23.80 23.80 * 23.20 23.20 23.30 23.20 23.20 23.20 23.90 25.60 23.90 26.00 26.30 23.60 23.40 23.40 23.30 23.20 * 1
2018-01-16 17:13:34 23.60 23.50 23.30 23.10 23.10 23.40 23.40 23.60 23.80 23.70 24.00 23.90 23.80 23.80 23.80 23.80 * 23.10 23.10 23.10 23.10 23.10 23.20 23.80 25.50 24.00 26.00 26.40 23.70 23.50 23.40 23.30 23.30 * 1
2018-01-16 17:13:34 23.60 23.70 23.40 23.10 23.20 23.50 23.50 23.60 23.80 23.70 23.90 24.00 23.90 23.80 23.80 23.90 * 23.10 23.20 23.20 23.20 23.20 23.20 23.80 25.60 24.00 26.00 26.30 23.60 23.40 23.30 23.30 23.20 * 1
2018-01-16 17:13:35 23.50 23.60 23.40 23.20 23.20 23.50 23.40 23.60 23.80 23.70 24.00 24.00 23.90 23.90 23.80 23.90 * 23.10 23.20 23.20 23.10 23.20 23.20 23.90 25.60 24.00 26.10 26.30 23.70 23.50 23.40 23.40 23.20 * 1
2018-01-16 17:13:35 23.50 23.60 23.30 23.20 23.20 23.50 23.40 23.60 23.80 23.70 24.00 23.90 23.80 23.80 23.80 23.90 * 23.10 23.10 23.20 23.10 23.10 23.10 23.80 25.50 23.90 26.10 26.30 23.70 23.40 23.30 23.30 23.20 * 1
2018-01-16 17:13:35 23.50 23.50 23.30 23.10 23.20 23.40 23.40 23.50 23.80 23.70 23.90 23.90 23.80 23.80 23.80 23.80 * 23.10 23.10 23.20 23.10 23.10 23.10 23.80 25.50 23.90 26.10 26.40 23.70 23.40 23.40 23.30 23.20 * 1
2018-01-16 17:13:35 23.70 23.60 23.30 23.10 23.20 23.50 23.50 23.60 23.90 23.80 24.00 24.00 23.90 23.90 23.90 23.90 * 23.20 23.20 23.30 23.20 23.10 23.20 23.90 25.60 24.10 26.20 26.70 23.80 23.50 23.50 23.40 23.30 * 1
2018-01-16 17:13:36 23.70 23.60 23.40 23.20 23.20 23.50 23.50 23.70 23.70 23.70 23.90 24.00 23.80 23.90 23.80 23.80 * 23.20 23.20 23.20 23.10 23.10 23.20 23.80 25.50 24.00 26.10 26.70 23.80 23.50 23.50 23.50 23.30 * 1
2018-01-16 17:13:36 23.50 23.60 23.40 23.20 23.20 23.50 23.50 23.60 23.60 23.70 23.90 23.90 23.80 23.80 23.70 23.70 * 23.10 23.10 23.10 23.00 23.10 23.20 23.80 25.50 23.80 26.00 26.90 23.80 23.50 23.40 23.40 23.20 * 1
2018-01-16 17:13:36 23.50 23.50 23.30 23.10 23.10 23.40 23.40 23.50 23.80 23.80 24.00 24.00 23.80 23.80 23.80 23.80 * 23.10 23.10 23.10 23.10 23.10 23.10 23.30 25.20 23.80 25.90 27.30 23.90 23.50 23.40 23.40 23.30 * 1
2018-01-16 17:13:36 23.50 23.50 23.30 23.10 23.10 23.40 23.40 23.50 23.80 23.70 24.00 23.90 23.80 23.80 23.80 23.80 * 23.20 23.20 23.20 23.10 23.20 23.20 23.30 25.10 23.70 25.50 27.50 24.20 23.50 23.40 23.40 23.30 * 1
2018-01-16 17:13:37 23.50 23.50 23.30 23.20 23.20 23.50 23.50 23.60 23.80 23.70 24.00 23.90 23.80 23.80 23.80 23.80 * 23.20 23.20 23.20 23.20 23.20 23.20 23.30 25.10 23.70 25.40 27.50 24.30 23.50 23.40 23.40 23.30 * 1
2018-01-16 17:13:37 23.50 23.50 23.30 23.10 23.20 23.40 23.40 23.50 23.80 23.70 24.00 23.90 23.90 23.80 23.80 23.80 * 23.10 23.10 23.10 23.10 23.10 23.10 23.20 24.90 23.60 25.30 27.40 24.20 23.40 23.30 23.20 23.20 * 1
2018-01-16 17:13:37 23.60 23.50 23.30 23.10 23.20 23.40 23.40 23.50 23.80 23.80 24.00 23.90 23.90 23.80 23.80 23.90 * 23.00 23.10 23.10 23.00 23.00 23.00 23.30 24.70 23.60 25.10 27.50 24.40 23.40 23.40 23.30 23.20 * 1
2018-01-16 17:13:38 23.50 23.60 23.30 23.10 23.20 23.50 23.50 23.50 23.80 23.80 24.10 24.00 23.90 23.90 23.90 24.00 * 23.20 23.10 23.20 23.10 23.20 23.20 23.40 24.80 23.50 25.20 27.40 24.40 23.40 23.40 23.30 23.20 * 1
2018-01-16 17:13:38 23.60 23.60 23.40 23.20 23.20 23.50 23.50 23.60 23.80 23.80 24.10 24.00 23.90 23.90 23.90 24.00 * 23.10 23.10 23.20 23.10 23.20 23.20 23.40 24.80 23.60 25.20 27.50 24.50 23.40 23.40 23.40 23.30 * 1
2018-01-16 17:13:38 23.50 23.60 23.30 23.10 23.20 23.40 23.50 23.50 23.80 23.80 24.00 23.90 23.80 23.80 23.80 23.80 * 23.10 23.10 23.20 23.10 23.10 23.20 23.40 24.70 23.60 25.10 27.50 24.40 23.40 23.40 23.30 23.20 * 1
2018-01-16 17:13:38 23.50 23.60 23.30 23.10 23.20 23.40 23.40 23.50 23.90 23.80 24.10 24.00 23.90 23.90 23.80 23.70 * 23.10 23.20 23.20 23.10 23.20 23.20 23.30 24.60 23.50 25.10 27.50 24.40 23.40 23.40 23.20 23.20 * 1
2018-01-16 17:13:39 23.50 23.50 23.30 23.10 23.10 23.40 23.30 23.50 23.90 23.90 24.10 24.10 23.90 24.00 23.90 23.90 * 23.20 23.20 23.30 23.10 23.20 23.20 23.40 24.70 23.60 25.20 27.50 24.50 23.50 23.40 23.40 23.30 * 1
2018-01-16 17:13:39 23.70 23.60 23.40 23.20 23.20 23.50 23.50 23.60 23.90 23.80 24.10 24.10 23.90 23.90 23.80 24.00 * 23.10 23.10 23.20 23.10 23.10 23.10 23.30 24.60 23.60 25.20 27.50 24.50 23.50 23.30 23.40 23.20 * 1
2018-01-16 17:13:39 23.70 23.60 23.40 23.20 23.30 23.60 23.50 23.60 23.80 23.80 24.00 24.00 23.80 23.80 23.80 23.90 * 22.90 23.00 23.10 23.00 23.00 23.10 23.20 24.50 23.50 25.20 27.50 24.50 23.50 23.30 23.30 23.20 * 1
2018-01-16 17:13:39 23.60 23.60 23.30 23.10 23.20 23.50 23.50 23.50 23.90 23.90 24.10 24.00 23.90 23.90 23.90 23.90 * 23.10 23.20 23.20 23.20 23.20 23.20 23.40 24.60 23.50 25.10 27.50 24.50 23.50 23.40 23.30 23.20 * 1
2018-01-16 17:13:40 23.60 23.60 23.30 23.10 23.20 23.40 23.40 23.50 23.70 23.80 24.00 24.00 23.90 23.80 23.90 23.90 * 23.20 23.20 23.20 23.20 23.20 23.20 23.50 24.70 23.70 25.20 27.60 24.50 23.50 23.40 23.30 23.20 * 1
2018-01-16 17:13:40 23.60 23.60 23.40 23.20 23.20 23.40 23.50 23.50 23.80 23.90 24.00 24.00 23.90 23.80 23.90 23.90 * 23.20 23.20 23.20 23.20 23.20 23.20 23.40 24.70 23.60 25.20 27.50 24.50 23.50 23.30 23.30 23.20 * 1
2018-01-16 17:13:40 23.60 23.70 23.40 23.20 23.20 23.50 23.50 23.60 23.80 23.80 24.00 24.00 23.80 23.70 23.80 23.80 * 23.10 23.10 23.10 23.10 23.10 23.10 23.30 24.60 23.60 25.10 27.50 24.50 23.50 23.30 23.30 23.20 * 1
2018-01-16 17:13:41 23.50 23.60 23.30 23.10 23.20 23.40 23.40 23.50 23.80 23.80 24.00 23.90 23.80 23.70 23.80 23.70 * 23.10 23.10 23.10 23.10 23.20 23.10 23.30 24.60 23.50 25.10 27.50 24.50 23.40 23.30 23.30 23.20 * 1
2018-01-16 17:13:41 23.60 23.60 23.30 23.10 23.20 23.40 23.40 23.50 23.80 23.80 24.00 24.00 23.80 23.80 23.80 23.80 * 23.10 23.10 23.20 23.10 23.20 23.20 23.20 24.50 23.50 24.40 27.50 25.10 23.50 23.40 23.40 23.30 * 1
2018-01-16 17:13:41 23.60 23.60 23.30 23.10 23.20 23.40 23.40 23.50 23.80 23.80 24.00 24.00 23.80 23.80 23.80 23.80 * 23.20 23.20 23.30 23.20 23.20 23.30 23.30 24.10 23.40 24.00 27.40 26.00 23.50 23.40 23.40 23.30 * 1
2018-01-16 17:13:41 23.60 23.60 23.30 23.10 23.20 23.40 23.50 23.60 23.80 23.70 24.00 24.00 23.80 23.80 23.80 23.80 * 23.20 23.20 23.20 23.10 23.20 23.20 23.20 23.60 23.30 23.70 26.80 26.50 23.60 23.40 23.30 23.20 * 1
2018-01-16 17:13:42 23.60 23.60 23.30 23.10 23.20 23.40 23.40 23.60 23.70 23.70 24.00 24.00 23.80 23.80 23.80 23.90 * 23.20 23.20 23.20 23.10 23.20 23.20 23.20 23.40 23.30 23.60 26.30 26.70 23.80 23.40 23.30 23.20 * 1
2018-01-16 17:13:42 23.60 23.60 23.30 23.10 23.20 23.40 23.40 23.60 23.70 23.70 24.00 24.00 23.90 23.80 23.90 23.90 * 23.30 23.30 23.30 23.20 23.30 23.40 23.30 23.30 23.40 23.60 25.90 26.80 23.90 23.50 23.50 23.30 * 1
2018-01-16 17:13:42 23.60 23.70 23.40 23.20 23.20 23.50 23.50 23.70 23.80 23.80 24.00 24.00 23.90 23.90 23.90 23.90 * 23.20 23.20 23.20 23.20 23.10 23.30 23.20 23.10 23.50 23.60 24.90 27.00 24.50 23.60 23.50 23.40 * 1
2018-01-16 17:13:42 23.50 23.60 23.40 23.20 23.20 23.40 23.40 23.60 23.70 23.60 23.90 23.90 23.80 23.80 23.70 23.80 * 23.10 23.30 23.20 23.10 23.10 23.20 23.20 23.10 23.40 23.50 24.60 27.00 24.90 23.50 23.40 23.30 * 1
2018-01-16 17:13:43 23.50 23.60 23.30 23.10 23.20 23.40 23.40 23.50 23.70 23.60 23.90 23.90 23.80 23.80 23.70 23.70 * 23.20 23.30 23.20 23.10 23.10 23.20 23.20 23.20 23.30 23.50 24.40 27.00 24.90 23.40 23.30 23.20 * 1
