2018-01-16 15:49:54 24.30 24.50 27.80 26.20 26.40 26.40 24.60 23.70 25.20 24.00 23.80 23.90 23.90 23.90 23.80 23.70 * 23.30 24.90 23.80 25.00 23.70 23.20 23.10 22.80 23.30 23.30 23.50 23.50 23.30 23.20 23.20 23.10 * 0
2018-01-16 15:49:54 24.30 24.20 27.70 27.20 26.30 25.10 25.00 23.90 25.20 24.10 23.90 24.00 24.00 24.00 24.00 23.90 * 23.40 24.50 23.60 25.20 23.80 23.30 23.20 23.00 23.40 23.40 23.60 23.50 23.30 23.20 23.20 23.10 * 0
2018-01-16 15:49:54 24.40 24.20 26.50 28.10 27.00 24.80 24.20 23.90 24.20 24.10 24.00 24.00 24.00 24.00 24.00 23.90 * 23.70 24.50 23.90 25.00 23.90 23.40 23.30 23.10 23.40 23.40 23.60 23.60 23.40 23.30 23.30 23.10 * 0
2018-01-16 15:49:55 24.50 24.50 26.10 27.80 26.80 24.00 23.60 23.70 23.90 24.10 23.90 23.90 23.90 23.90 24.00 23.90 * 23.70 24.60 24.60 24.20 23.60 23.40 23.20 23.10 23.20 23.30 23.50 23.50 23.40 23.10 23.20 23.00 * 0
2018-01-16 15:49:55 24.40 24.70 26.10 27.10 25.70 23.70 23.50 23.60 23.90 24.00 23.90 23.90 23.90 23.90 23.90 23.90 * 23.60 24.60 24.90 23.80 23.50 23.30 23.20 23.00 23.30 23.30 23.50 23.50 23.30 23.20 23.20 23.00 * 0
2018-01-16 15:49:55 24.20 24.10 26.10 26.20 23.60 24.50 23.40 23.60 23.90 24.10 23.90 23.90 23.90 23.90 24.00 23.90 * 23.60 24.50 24.50 24.40 23.50 23.40 23.20 23.00 23.40 23.30 23.50 23.50 23.30 23.30 23.20 23.10 * 0
2018-01-16 15:49:56 24.10 23.90 25.00 26.10 25.00 25.00 23.50 23.60 23.90 24.00 23.90 23.90 23.90 23.90 23.90 24.00 * 23.50 24.20 24.20 24.90 23.60 23.40 23.20 23.00 23.30 23.20 23.40 23.50 23.30 23.20 23.20 23.10 * 0
2018-01-16 15:49:56 24.10 23.80 24.00 25.80 26.90 24.80 23.50 23.60 23.90 24.00 23.90 23.90 23.90 24.00 23.90 23.90 * 23.20 23.40 24.00 24.80 23.70 23.60 23.20 23.00 23.20 23.30 23.40 23.50 23.30 23.10 23.10 23.10 * 0
2018-01-16 15:49:56 24.10 23.80 23.90 25.10 27.60 25.60 23.90 23.70 24.70 24.10 23.80 23.90 23.90 24.00 23.90 23.80 * 23.20 23.40 23.90 25.00 23.70 24.00 23.60 23.10 23.90 23.20 23.40 23.40 23.30 23.20 23.10 22.90 * 0
2018-01-16 15:49:56 24.10 23.80 23.90 23.80 24.10 26.00 26.60 24.80 26.70 24.90 24.40 23.90 24.00 23.90 24.00 23.90 * 23.00 23.30 23.50 24.30 23.50 23.90 23.90 23.00 24.10 23.20 23.30 23.40 23.20 23.10 23.10 22.90 * 0
2018-01-16 15:49:57 24.10 23.70 23.80 23.70 23.20 24.20 25.90 25.30 25.70 25.80 24.60 24.40 23.90 23.80 23.90 23.80 * 23.00 23.20 23.30 23.50 23.40 23.80 24.00 23.00 24.20 23.40 23.30 23.40 23.20 23.10 23.10 23.00 * 0
2018-01-16 15:49:57 24.10 23.70 23.70 23.70 23.20 23.50 24.90 25.60 24.90 26.40 24.60 25.10 24.00 23.80 23.90 23.70 * 23.10 23.30 23.40 23.30 23.40 23.80 24.20 23.40 24.30 23.60 23.90 23.50 23.20 23.10 23.10 23.00 * 0
2018-01-16 15:49:57 24.10 23.70 23.80 23.80 23.20 23.50 24.00 26.10 24.40 26.50 26.00 25.60 24.30 23.90 23.90 23.90 * 23.20 23.40 23.50 23.40 23.40 23.60 23.70 23.30 23.80 23.60 25.20 23.80 23.40 23.30 23.30 23.10 * 0
2018-01-16 15:49:57 24.10 23.60 23.70 23.80 23.20 23.40 23.40 23.70 23.80 24.00 24.50 27.30 25.70 24.10 23.80 23.70 * 23.20 23.40 23.50 23.40 23.40 23.30 23.30 23.20 23.40 23.50 25.20 24.00 23.70 23.20 23.20 23.10 * 0
2018-01-16 15:49:58 24.10 23.70 23.70 23.80 23.30 23.50 23.40 23.60 23.80 23.90 23.90 25.90 27.00 25.00 23.90 23.80 * 23.10 23.30 23.40 23.30 23.30 23.30 23.20 23.10 23.30 23.50 25.10 23.90 24.30 23.30 23.20 23.00 * 0
2018-01-16 15:49:58 24.10 23.70 23.70 23.70 23.20 23.50 23.40 23.60 23.80 24.00 23.90 24.50 26.80 26.20 24.60 24.00 * 23.10 23.30 23.40 23.30 23.40 23.30 23.10 23.10 23.40 23.40 24.60 23.80 24.50 23.50 23.30 23.10 * 0
2018-01-16 15:49:58 24.10 23.80 23.70 23.70 23.20 23.50 23.40 23.60 23.80 24.00 23.80 24.00 26.00 26.40 25.40 24.10 * 23.20 23.40 23.40 23.40 23.40 23.30 23.10 23.00 23.30 23.30 23.40 23.60 24.50 23.50 23.10 23.00 * 0
2018-01-16 15:49:58 24.10 23.70 23.70 23.80 23.20 23.40 23.40 23.60 23.70 24.00 23.80 23.90 23.90 26.60 25.90 24.20 * 23.20 23.40 23.50 23.40 23.40 23.30 23.10 23.00 23.20 23.20 23.40 23.40 24.50 23.70 23.20 23.00 * 0
2018-01-16 15:49:59 24.10 23.70 23.60 23.80 23.20 23.40 23.40 23.60 23.70 24.00 23.80 23.80 24.00 26.90 25.50 24.50 * 23.10 23.30 23.40 23.30 23.40 23.20 23.00 22.90 23.20 23.30 23.50 23.50 24.60 23.90 23.20 23.00 * 0
2018-01-16 15:49:59 24.10 23.70 23.70 23.80 23.20 23.50 23.40 23.60 23.60 23.90 23.70 23.80 24.00 26.60 25.40 24.50 * 23.10 23.30 23.40 23.30 23.40 23.30 23.10 23.00 23.20 23.30 23.50 23.50 24.40 23.90 23.20 23.00 * 0
2018-01-16 15:49:59 24.10 23.70 23.80 23.70 23.20 23.50 23.40 23.60 23.60 23.90 23.80 23.90 24.10 26.30 26.10 24.30 * 23.20 23.40 23.40 23.30 23.40 23.20 23.20 23.00 23.30 23.30 23.50 23.60 24.30 23.90 23.20 23.00 * 0
2018-01-16 15:50:00 24.20 23.70 23.70 23.70 23.30 23.50 23.40 23.70 23.70 24.00 23.90 24.00 24.70 26.00 26.50 24.20 * 23.10 23.40 23.40 23.30 23.40 23.20 23.10 23.00 23.20 23.20 23.40 23.60 24.20 23.80 23.10 22.90 * 0
2018-01-16 15:50:00 24.00 23.70 23.70 23.70 23.20 23.40 23.30 23.60 23.80 23.90 23.80 23.90 26.10 26.40 25.20 24.00 * 23.10 23.40 23.40 23.30 23.40 23.30 23.10 22.90 23.20 23.20 23.40 23.70 24.20 23.70 23.20 23.00 * 0
2018-01-16 15:50:00 24.00 23.70 23.70 23.70 23.20 23.40 23.30 23.60 23.80 24.00 23.80 24.00 26.40 26.60 25.00 24.10 * 23.10 23.30 23.30 23.30 23.40 23.30 23.10 22.90 23.30 23.30 23.40 23.80 24.30 23.40 23.20 23.00 * 0
2018-01-16 15:50:00 24.10 23.70 23.60 23.70 23.20 23.40 23.40 23.70 23.80 24.00 23.80 24.10 26.30 26.90 24.70 24.00 * 23.30 23.40 23.50 23.40 23.40 23.40 23.30 23.00 23.30 23.30 24.00 24.50 24.10 23.20 23.20 23.10 * 0
2018-01-16 15:50:01 24.10 23.70 23.70 23.80 23.20 23.40 23.40 23.70 23.80 24.00 23.90 25.50 26.40 26.10 24.00 23.90 * 23.20 23.40 23.40 23.30 23.40 23.30 23.20 23.00 23.30 23.30 24.60 24.20 23.80 23.20 23.20 23.10 * 0
2018-01-16 15:50:01 24.10 23.70 23.70 23.70 23.20 23.40 23.30 23.60 23.90 24.10 24.20 26.30 27.40 24.60 23.90 23.90 * 23.00 23.20 23.30 23.20 23.30 23.20 23.10 22.90 23.20 23.30 24.80 24.10 23.40 23.10 23.10 23.00 * 0
2018-01-16 15:50:01 24.00 23.70 23.70 23.70 23.20 23.40 23.30 23.60 23.80 24.00 24.40 27.00 26.90 24.10 23.90 23.80 * 23.10 23.30 23.40 23.40 23.30 23.30 23.20 23.10 23.30 23.60 24.90 23.90 23.20 23.10 23.10 22.90 * 0
2018-01-16 15:50:01 24.10 23.70 23.70 23.80 23.20 23.50 23.40 23.60 23.80 24.10 24.90 27.60 25.20 24.00 23.90 23.80 * 23.10 23.40 23.40 23.30 23.40 23.40 24.20 23.30 24.30 23.50 24.90 23.70 23.30 23.20 23.10 23.00 * 0
2018-01-16 15:50:02 24.10 23.70 23.60 23.70 23.20 23.50 23.40 23.60 24.00 24.40 26.70 26.50 24.30 24.00 24.00 23.90 * 23.20 23.40 23.40 23.30 23.40 23.40 24.40 23.30 24.30 23.50 24.20 23.40 23.20 23.10 23.10 22.90 * 0
2018-01-16 15:50:02 24.10 23.70 23.70 23.70 23.20 23.50 24.40 26.40 25.10 27.20 25.60 24.00 24.00 24.00 23.90 23.80 * 23.10 23.40 23.40 23.30 23.40 23.50 24.40 23.20 24.40 23.50 23.50 23.40 23.30 23.10 23.10 23.00 * 0
2018-01-16 15:50:02 24.10 23.70 23.70 23.70 23.20 24.10 25.10 26.90 25.60 27.30 24.60 24.00 24.00 24.00 23.90 23.90 * 23.30 23.40 23.50 24.00 24.30 23.80 24.50 23.20 24.40 23.30 23.40 23.40 23.30 23.20 23.20 23.10 * 0
2018-01-16 15:50:03 24.10 23.70 23.70 23.70 23.20 25.30 25.40 26.60 26.10 26.50 24.10 24.00 24.00 24.00 24.00 23.90 * 23.30 23.40 23.60 24.40 24.30 23.60 24.10 23.20 23.80 23.20 23.40 23.50 23.30 23.10 23.20 23.00 * 0
2018-01-16 15:50:03 24.10 23.80 23.90 23.80 25.00 26.90 25.40 23.90 26.20 24.80 23.90 23.90 23.90 24.00 23.90 23.80 * 23.20 23.40 23.50 24.40 24.30 23.50 23.50 23.10 23.40 23.30 23.50 23.60 23.40 23.20 23.30 23.10 * 0
2018-01-16 15:50:03 24.10 23.70 23.90 24.40 26.30 26.40 23.90 23.60 24.00 24.00 23.70 23.90 23.90 23.90 23.90 23.90 * 23.20 23.50 23.80 24.50 24.30 23.40 23.20 23.00 23.40 23.40 23.60 23.60 23.40 23.30 23.30 23.20 * 0
2018-01-16 15:50:03 24.10 23.70 23.90 25.50 26.40 25.30 23.50 23.60 23.80 23.90 23.70 23.90 23.90 23.80 23.90 23.80 * 23.20 23.60 24.30 24.60 24.30 23.40 23.20 23.00 23.30 23.40 23.50 23.50 23.30 23.30 23.20 23.10 * 0
2018-01-16 15:50:04 24.10 23.80 23.90 26.20 26.20 24.10 23.40 23.60 23.60 23.80 23.70 23.80 23.80 23.80 23.80 23.80 * 23.30 23.80 24.50 24.00 23.60 23.30 23.20 23.00 23.20 23.20 23.40 23.40 23.20 23.10 23.10 23.00 * 0
2018-01-16 15:50:04 24.10 23.80 24.50 26.90 25.20 23.50 23.40 23.60 23.70 23.80 23.70 23.80 23.80 23.80 23.80 23.80 * 23.30 24.10 24.50 23.50 23.40 23.30 23.10 23.00 23.40 23.30 23.50 23.60 23.30 23.20 23.20 23.10 * 0
2018-01-16 15:50:04 24.20 23.90 26.00 27.60 23.60 23.50 23.40 23.70 23.80 23.90 23.70 23.80 23.90 23.90 23.90 23.70 * 23.50 24.40 24.50 23.40 23.40 23.30 23.10 23.00 23.40 23.30 23.60 23.60 23.40 23.30 23.20 23.20 * 0
2018-01-16 15:50:04 24.10 23.80 25.60 27.20 23.40 23.40 23.40 23.60 23.70 23.80 23.70 23.80 23.90 23.80 23.90 23.60 * 23.60 24.50 24.60 23.40 23.50 23.30 23.20 23.00 23.40 23.40 23.60 23.60 23.40 23.30 23.20 23.20 * 0
2018-01-16 15:50:05 24.10 23.80 25.30 27.00 23.40 23.50 23.50 23.60 23.70 23.90 23.80 23.80 23.90 23.80 23.90 23.80 * 23.50 24.50 24.60 23.40 23.50 23.40 23.30 23.00 23.40 23.40 23.50 23.50 23.40 23.30 23.20 23.10 * 0
2018-01-16 15:50:05 24.20 23.90 25.80 27.40 23.50 23.50 23.40 23.60 23.80 23.90 23.70 23.90 23.90 23.90 24.00 23.80 * 23.50 24.50 24.40 23.40 23.50 23.40 23.20 23.10 23.40 23.40 23.50 23.50 23.40 23.30 23.30 23.10 * 0
2018-01-16 15:50:05 24.30 24.50 26.20 26.30 25.00 23.70 23.40 23.50 23.90 23.90 23.80 23.80 23.90 23.90 23.90 23.80 * 23.40 24.60 23.90 23.40 23.40 23.30 23.10 23.00 23.40 23.40 23.60 23.60 23.40 23.20 23.30 23.10 * 0
2018-01-16 15:50:05 24.30 24.80 26.60 25.90 24.70 24.20 23.50 23.60 23.80 23.90 23.80 23.80 23.90 23.90 23.90 23.70 * 23.60 24.50 23.50 23.30 23.30 23.30 23.10 22.90 23.30 23.30 23.50 23.50 23.30 23.10 23.20 23.00 * 0
2018-01-16 15:50:06 24.30 24.90 26.80 26.10 25.00 24.10 23.50 23.60 23.80 23.90 23.70 23.80 23.80 23.90 23.80 23.70 * 23.70 24.50 23.60 23.40 23.40 23.30 23.20 23.00 23.30 23.30 23.50 23.50 23.30 23.20 23.20 23.00 * 0
2018-01-16 15:50:06 24.30 25.40 26.40 26.10 26.10 23.60 23.40 23.60 23.80 23.90 23.70 23.80 23.80 23.80 23.80 23.70 * 23.30 24.50 24.10 24.80 23.80 23.40 23.30 23.00 23.40 23.40 23.50 23.50 23.40 23.20 23.30 23.20 * 0
2018-01-16 15:50:06 24.20 24.10 25.40 26.00 26.10 25.80 24.00 23.70 23.90 23.90 23.70 23.90 23.90 23.80 23.80 23.70 * 23.30 24.10 23.80 25.10 24.00 23.30 23.20 23.00 23.30 23.30 23.50 23.50 23.40 23.20 23.30 23.20 * 0
2018-01-16 15:50:07 24.20 23.80 23.90 25.00 26.40 25.90 25.30 24.20 25.10 24.60 23.80 23.90 23.90 23.80 23.80 23.80 * 23.20 23.60 23.70 25.00 24.20 23.40 23.10 22.90 23.40 23.30 23.50 23.50 23.30 23.20 23.20 23.10 * 0
2018-01-16 15:50:07 24.20 23.80 23.90 23.90 25.60 26.30 25.30 25.30 25.30 25.60 23.90 23.90 23.80 23.90 23.80 23.80 * 23.10 23.30 23.50 24.90 24.00 23.70 24.30 23.10 24.10 23.50 23.60 23.60 23.40 23.30 23.30 23.20 * 0
2018-01-16 15:50:07 24.20 23.80 23.80 23.80 25.10 26.40 25.20 26.10 25.80 26.30 24.00 23.90 23.80 23.80 23.80 23.70 * 23.20 23.30 23.50 24.10 23.90 23.50 24.70 23.30 24.80 23.80 23.60 23.50 23.40 23.30 23.30 23.10 * 0
2018-01-16 15:50:07 24.10 23.80 23.80 23.80 23.20 23.70 24.90 26.90 25.10 27.40 25.70 24.00 23.90 23.90 23.90 23.80 * 23.10 23.30 23.40 23.40 23.60 23.50 24.60 23.40 24.80 24.00 23.80 23.60 23.40 23.20 23.30 23.20 * 0
2018-01-16 15:50:08 24.10 23.80 23.70 23.80 23.20 23.50 23.80 26.30 24.20 26.40 27.30 24.70 23.90 23.90 23.80 23.70 * 23.10 23.40 23.40 23.40 23.40 23.40 24.70 23.60 24.90 24.00 24.20 24.00 23.40 23.30 23.30 23.20 * 0
2018-01-16 15:50:08 24.10 23.80 23.70 23.70 23.30 23.50 23.50 25.20 23.90 25.10 27.20 26.20 24.50 23.90 23.80 23.80 * 23.20 23.40 23.40 23.40 23.40 23.40 24.80 23.50 24.70 23.90 24.20 24.50 23.50 23.30 23.30 23.20 * 0
2018-01-16 15:50:08 24.10 23.70 23.70 23.70 23.20 23.50 23.40 24.10 23.90 24.30 27.10 26.90 25.40 24.70 23.90 23.90 * 23.10 23.40 23.40 23.30 23.40 23.30 23.30 23.30 23.90 23.80 24.20 24.60 23.40 23.20 23.20 23.10 * 0
2018-01-16 15:50:08 24.00 23.70 23.70 23.80 23.20 23.50 23.40 23.70 23.80 24.10 27.20 26.90 25.70 25.90 23.90 23.70 * 23.20 23.40 23.40 23.40 23.40 23.30 23.20 23.30 23.40 23.50 24.50 24.50 23.40 23.20 23.20 23.10 * 0
2018-01-16 15:50:09 24.10 23.70 23.70 23.70 23.30 23.40 23.40 23.60 23.80 24.10 26.60 27.20 26.70 24.90 23.90 23.90 * 23.20 23.40 23.40 23.30 23.40 23.30 23.20 23.30 23.40 23.50 24.50 24.50 23.40 23.20 23.20 23.20 * 0
2018-01-16 15:50:09 24.10 23.70 23.60 23.70 23.30 23.40 23.40 23.60 23.80 24.10 26.70 27.30 27.10 24.20 23.90 23.90 * 23.20 23.40 23.50 23.30 23.40 23.40 23.20 23.40 23.40 23.50 24.10 24.20 23.40 23.20 23.20 23.10 * 0
2018-01-16 15:50:09 24.10 23.70 23.60 23.70 23.20 23.50 23.40 23.70 23.80 24.20 26.60 27.20 26.50 24.00 23.80 23.90 * 23.20 23.40 23.40 23.30 23.40 23.30 23.20 23.40 23.40 23.70 24.10 23.60 23.40 23.30 23.30 23.10 * 0
2018-01-16 15:50:10 24.00 23.70 23.60 23.70 23.20 23.40 23.40 24.30 23.90 24.60 26.40 26.30 24.10 24.00 23.90 23.90 * 23.10 23.30 23.40 23.30 23.30 23.30 23.20 23.50 23.40 23.90 23.90 23.50 23.30 23.20 23.30 23.10 * 0
2018-01-16 15:50:10 24.00 23.70 23.70 23.70 23.20 23.40 23.40 24.20 23.80 24.50 26.90 25.40 23.90 23.90 24.00 23.80 * 23.20 23.40 23.50 23.30 23.40 23.30 23.20 23.80 23.50 24.10 23.80 23.50 23.40 23.30 23.30 23.20 * 0
2018-01-16 15:50:10 24.10 23.80 23.70 23.70 23.20 23.40 23.40 23.90 23.80 24.30 27.00 25.20 23.90 23.80 23.90 23.70 * 23.10 23.40 23.50 23.30 23.40 23.30 23.20 23.80 23.50 24.20 23.90 23.60 23.40 23.30 23.30 23.20 * 0
2018-01-16 15:50:10 24.10 23.70 23.70 23.80 23.20 23.40 23.40 24.00 23.90 24.50 26.40 26.10 24.00 23.90 23.90 23.80 * 23.10 23.40 23.40 23.30 23.30 23.30 23.20 23.60 23.50 24.00 23.80 23.60 23.40 23.30 23.30 23.20 * 0
2018-01-16 15:50:11 24.10 23.70 23.70 23.80 23.20 23.50 23.40 24.70 23.90 25.20 25.90 26.60 24.10 23.90 23.90 23.80 * 23.10 23.40 23.40 23.30 23.40 23.30 23.20 23.80 23.60 24.20 23.80 23.60 23.40 23.30 23.30 23.20 * 0
2018-01-16 15:50:11 24.10 23.80 23.70 23.80 23.30 23.60 23.50 25.40 24.00 26.10 26.20 26.80 24.20 24.00 23.90 23.90 * 23.10 23.40 23.40 23.30 23.40 23.30 23.40 23.70 23.70 24.10 23.70 23.60 23.40 23.30 23.30 23.10 * 0
2018-01-16 15:50:11 24.20 23.80 23.70 23.80 23.30 23.60 23.50 25.80 24.20 26.50 26.20 27.20 24.20 24.00 23.90 23.90 * 23.10 23.40 23.40 23.40 23.40 23.30 23.70 23.60 23.90 23.90 23.60 23.50 23.40 23.20 23.20 23.10 * 0
2018-01-16 15:50:11 24.20 23.70 23.80 23.70 23.30 23.60 23.60 25.90 24.40 26.50 26.10 27.30 24.00 23.90 23.90 23.80 * 23.20 23.40 23.40 23.40 23.50 23.30 24.00 23.60 24.10 23.70 23.50 23.40 23.20 23.20 23.10 23.00 * 0
2018-01-16 15:50:12 24.10 23.70 23.80 23.80 23.30 23.60 26.20 25.80 25.30 26.20 26.30 26.90 24.00 23.90 23.80 23.70 * 23.10 23.30 23.30 23.30 23.40 23.20 24.00 23.40 24.10 23.80 23.50 23.60 23.40 23.30 23.20 23.10 * 0
2018-01-16 15:50:12 24.10 23.70 23.80 23.80 23.30 23.60 27.00 25.90 27.20 26.10 26.50 26.00 24.00 23.90 23.90 23.70 * 23.00 23.30 23.30 23.20 23.40 23.20 23.90 23.20 24.00 23.60 23.50 23.50 23.30 23.20 23.20 23.10 * 0
2018-01-16 15:50:12 24.10 23.80 23.90 23.80 23.40 24.00 26.60 25.90 26.80 26.10 26.40 26.90 24.00 23.90 23.90 23.80 * 23.10 23.30 23.40 23.30 23.50 23.40 24.20 23.30 24.40 23.70 23.50 23.60 23.30 23.20 23.30 23.20 * 0
2018-01-16 15:50:12 24.10 23.70 23.80 23.70 23.30 25.60 25.60 26.00 26.10 26.30 26.50 28.40 24.10 23.90 23.90 23.80 * 23.20 23.40 23.50 23.40 23.50 23.60 24.60 23.50 24.80 23.70 23.60 23.60 23.40 23.30 23.30 23.20 * 0
2018-01-16 15:50:13 24.10 23.70 23.80 23.70 23.30 27.20 25.40 26.00 26.80 26.40 27.00 28.60 24.60 24.00 23.90 23.90 * 23.10 23.30 23.50 23.30 23.60 24.50 24.70 23.50 24.70 23.70 23.50 23.50 23.40 23.20 23.20 23.10 * 0
2018-01-16 15:50:13 24.10 23.70 23.80 23.70 23.40 26.80 27.70 26.10 27.90 26.40 28.00 29.00 24.10 23.90 23.90 23.90 * 23.30 23.40 23.50 23.40 24.10 24.50 24.80 23.50 24.80 23.80 23.60 23.60 23.40 23.30 23.30 23.30 * 0
2018-01-16 15:50:13 24.20 23.70 23.80 23.70 23.30 25.60 29.20 26.50 28.90 26.60 27.80 29.30 25.00 24.00 23.90 23.90 * 23.20 23.40 23.50 23.30 24.80 24.80 24.70 23.50 24.70 23.70 23.50 23.50 23.30 23.20 23.20 23.20 * 0
2018-01-16 15:50:14 24.20 23.80 23.90 23.80 23.50 27.50 29.60 26.80 29.00 26.70 26.80 27.90 27.80 24.10 24.00 23.90 * 23.20 23.50 23.40 23.40 25.40 25.40 24.50 24.70 24.60 24.20 23.50 23.50 23.40 23.20 23.20 23.10 * 0
2018-01-16 15:50:14 24.10 23.80 23.90 23.80 24.00 29.90 29.60 26.80 29.00 26.70 26.80 26.10 29.80 24.20 24.00 23.80 * 23.20 23.50 23.50 23.40 25.30 25.40 23.70 24.80 23.70 24.90 25.90 25.90 25.20 24.40 23.60 23.10 * 0
2018-01-16 15:50:14 24.10 23.80 23.80 23.80 23.50 26.10 27.60 28.30 27.80 28.50 28.60 28.60 29.90 25.70 24.10 23.90 * 23.10 23.40 23.50 23.40 25.30 25.40 23.40 23.40 23.50 23.50 24.90 26.30 26.70 25.80 24.20 23.20 * 0
2018-01-16 15:50:14 24.10 23.80 23.80 23.80 23.30 24.50 25.20 26.30 25.30 26.20 27.60 28.40 28.90 28.00 26.10 24.50 * 23.20 23.40 23.50 23.40 25.20 25.60 23.50 23.10 23.60 23.50 23.90 25.70 26.90 26.00 24.30 23.40 * 0
2018-01-16 15:50:15 24.10 23.80 23.80 23.80 23.30 23.60 24.00 24.70 24.10 24.90 25.70 26.60 27.20 27.70 27.30 26.40 * 23.20 23.40 23.50 23.40 24.40 25.10 24.00 23.60 24.00 24.10 24.40 25.70 26.70 25.70 24.00 23.30 * 0
2018-01-16 15:50:15 24.10 23.80 23.80 23.70 23.30 23.60 23.50 23.70 23.90 24.10 24.40 25.60 26.70 26.60 26.70 26.90 * 23.30 23.50 23.50 23.40 23.50 23.40 23.30 23.30 23.80 24.00 24.40 25.70 26.40 25.70 24.60 24.30 * 0
2018-01-16 15:50:15 24.10 23.80 23.80 23.70 23.30 23.60 23.50 23.70 23.90 24.10 23.90 24.20 26.10 26.80 26.70 26.40 * 23.20 23.40 23.40 23.40 23.40 23.40 23.20 23.00 23.40 23.40 23.70 26.50 27.20 26.30 24.20 24.70 * 0
2018-01-16 15:50:15 24.10 23.70 23.70 23.70 23.30 23.50 23.50 23.70 23.90 24.10 23.90 24.00 24.10 25.60 27.00 26.90 * 23.10 23.40 23.40 23.40 23.40 23.30 23.20 23.00 23.40 23.40 23.60 25.30 25.80 25.80 24.60 24.80 * 0
2018-01-16 15:50:16 24.10 23.70 23.70 23.70 23.30 23.60 23.50 23.70 23.80 24.00 23.80 23.90 23.90 24.50 26.70 27.10 * 23.20 23.40 23.40 23.40 23.40 23.30 23.20 23.10 23.40 23.40 23.60 23.80 23.90 24.60 24.50 24.80 * 0
2018-01-16 15:50:16 24.10 23.80 23.80 23.80 23.30 23.60 23.40 23.70 23.70 23.90 23.80 23.90 23.90 26.10 26.50 27.00 * 23.20 23.40 23.50 23.40 23.50 23.40 23.20 23.00 23.40 23.40 23.60 23.60 23.90 24.20 23.90 24.70 * 0
2018-01-16 15:50:16 24.10 23.70 23.80 23.80 23.30 23.60 23.40 23.70 23.80 24.00 23.90 23.90 24.00 28.00 26.70 27.10 * 23.20 23.50 23.50 23.40 23.40 23.40 23.30 23.10 23.30 23.40 23.60 23.80 24.60 23.80 23.70 24.70 * 0
2018-01-16 15:50:16 24.10 23.70 23.70 23.80 23.30 23.50 23.50 23.70 23.90 23.90 23.90 24.80 26.00 27.00 27.00 25.80 * 23.20 23.40 23.40 23.40 23.40 23.40 23.30 23.10 23.50 23.40 23.60 24.60 25.00 23.60 23.70 23.80 * 0
2018-01-16 15:50:17 24.10 23.70 23.70 23.70 23.30 23.50 23.50 23.70 23.80 24.00 24.00 26.40 26.50 26.70 26.10 24.40 * 23.10 23.30 23.30 23.30 23.40 23.30 23.20 23.00 23.50 23.40 23.70 24.90 25.00 23.70 23.60 23.30 * 0
2018-01-16 15:50:17 24.10 23.80 23.80 23.80 23.30 23.60 23.60 23.70 23.80 24.00 24.30 27.10 26.50 26.50 24.70 24.00 * 23.20 23.40 23.50 23.40 23.50 23.40 23.30 23.60 23.50 23.80 24.00 25.00 25.00 23.40 23.40 23.20 * 0
2018-01-16 15:50:17 24.20 23.80 23.80 23.80 23.30 23.60 23.60 23.80 23.80 24.10 25.60 26.90 26.40 25.20 24.00 23.90 * 23.20 23.40 23.50 23.40 23.50 23.40 23.40 24.10 23.60 24.70 23.70 24.20 23.70 23.20 23.20 23.10 * 0
2018-01-16 15:50:18 24.20 23.80 23.80 23.80 23.20 23.60 23.60 25.50 24.10 26.80 26.60 25.90 24.10 24.00 23.90 23.80 * 23.00 23.20 23.30 23.20 23.30 23.30 23.40 24.00 23.80 24.70 23.60 23.60 23.30 23.20 23.20 23.10 * 0
2018-01-16 15:50:18 24.20 23.80 23.70 23.80 23.20 23.60 23.60 26.80 24.30 27.70 26.40 24.60 23.90 23.90 23.90 23.80 * 22.90 23.20 23.30 23.20 23.40 23.70 23.50 24.00 23.80 24.70 23.50 23.50 23.30 23.20 23.20 23.00 * 0
2018-01-16 15:50:18 24.20 23.90 23.80 23.90 23.30 23.60 24.20 27.00 25.30 27.20 25.30 23.90 23.90 23.90 23.80 23.80 * 23.00 23.40 23.40 23.30 23.90 24.10 23.50 24.10 23.60 24.40 23.50 23.50 23.30 23.20 23.20 23.10 * 0
2018-01-16 15:50:18 24.20 23.90 23.80 23.90 23.40 24.30 25.80 26.40 26.40 25.90 24.10 23.90 23.90 24.00 23.90 23.90 * 23.10 23.30 23.40 23.30 24.10 23.90 23.30 23.10 23.50 23.70 23.40 23.40 23.30 23.10 23.20 23.10 * 0
2018-01-16 15:50:19 24.10 23.80 23.80 23.80 24.20 26.10 26.10 24.20 26.30 24.70 23.80 23.90 23.90 23.90 23.90 23.80 * 23.20 23.40 23.50 23.50 24.40 23.90 23.30 23.10 23.40 23.40 23.60 23.60 23.40 23.30 23.20 23.20 * 0
2018-01-16 15:50:19 24.10 23.80 23.80 23.80 24.70 26.20 25.30 23.90 25.20 24.00 23.80 23.90 23.90 23.90 23.80 23.80 * 23.20 23.40 23.50 23.80 24.70 23.90 23.30 23.10 23.50 23.40 23.60 23.60 23.50 23.30 23.30 23.20 * 0
2018-01-16 15:50:19 24.20 23.80 23.90 23.80 25.20 26.40 24.40 23.80 24.50 24.10 23.90 23.90 23.90 23.90 23.90 23.90 * 23.10 23.30 23.40 24.00 24.60 23.60 23.20 23.00 23.50 23.40 23.60 23.60 23.50 23.30 23.30 23.20 * 0
2018-01-16 15:50:19 24.10 23.80 23.90 23.80 25.80 26.30 23.80 23.70 24.10 24.00 23.90 23.90 24.00 23.90 23.90 23.80 * 23.20 23.40 23.50 24.10 24.40 23.50 23.20 23.00 23.40 23.40 23.50 23.50 23.30 23.30 23.20 23.20 * 0
2018-01-16 15:50:20 24.10 23.70 23.80 24.30 24.90 27.10 23.80 23.70 24.30 24.10 23.90 23.90 24.00 24.00 24.00 23.90 * 23.10 23.40 23.40 24.00 24.40 23.40 23.20 23.00 23.40 23.40 23.60 23.60 23.40 23.30 23.20 23.20 * 0
2018-01-16 15:50:20 24.10 23.80 23.80 24.30 24.60 26.90 24.30 23.70 25.00 24.10 23.90 23.80 23.90 24.00 24.00 23.80 * 23.20 23.40 23.40 24.10 24.40 23.40 23.20 23.00 23.30 23.30 23.50 23.50 23.30 23.20 23.10 23.10 * 0
2018-01-16 15:50:20 24.20 23.90 23.90 24.10 25.00 26.50 25.20 23.80 25.60 24.00 23.80 23.80 23.90 23.90 23.90 23.70 * 23.30 23.50 23.50 24.30 24.40 23.50 23.30 23.10 23.30 23.30 23.50 23.50 23.30 23.20 23.10 23.10 * 0
2018-01-16 15:50:20 24.20 23.80 23.80 24.00 25.50 26.30 25.80 23.90 26.10 24.00 23.80 23.80 23.90 23.90 23.90 23.80 * 23.20 23.40 23.50 24.30 24.30 23.40 23.20 23.00 23.40 23.30 23.60 23.50 23.30 23.20 23.20 23.10 * 0
2018-01-16 15:50:21 24.10 23.70 23.80 23.90 26.10 26.30 26.20 24.00 26.40 24.00 23.80 23.90 23.90 23.90 23.90 23.80 * 23.20 23.50 23.60 24.10 24.40 23.40 23.30 23.10 23.30 23.30 23.50 23.50 23.30 23.20 23.20 23.10 * 0
