2018-01-16 16:10:18 26.60 24.00 23.90 23.60 23.30 23.60 23.50 23.60 23.70 23.70 23.90 24.00 24.00 24.10 23.90 23.60 * 23.40 23.50 23.30 23.40 23.40 23.30 23.20 23.00 23.10 23.20 23.20 23.20 23.10 23.00 23.00 22.90 * 0
2018-01-16 16:10:18 26.10 23.70 23.90 23.50 23.20 23.60 23.50 23.60 23.90 23.80 24.00 24.10 24.20 24.20 24.00 23.90 * 23.40 23.40 23.30 23.30 23.40 23.30 23.20 23.10 23.20 23.30 23.30 23.30 23.20 23.10 23.00 23.10 * 0
2018-01-16 16:10:18 26.10 23.70 24.00 23.60 23.30 23.60 23.60 23.70 24.10 24.00 24.10 24.10 24.30 24.30 24.10 24.00 * 23.50 23.50 23.40 23.40 23.40 23.40 23.30 23.10 23.20 23.30 23.40 23.30 23.20 23.20 23.20 23.20 * 0
2018-01-16 16:10:18 25.90 23.80 24.00 23.60 23.30 23.60 23.60 23.70 24.10 24.00 24.20 24.20 24.30 24.40 24.20 24.00 * 23.50 23.50 23.40 23.40 23.50 23.40 23.30 23.10 23.20 23.30 23.30 23.20 23.20 23.10 23.10 23.10 * 0
2018-01-16 16:10:19 25.70 23.70 23.90 23.60 23.30 23.60 23.60 23.60 24.00 24.00 24.20 24.20 24.30 24.40 24.20 24.00 * 23.40 23.40 23.40 23.40 23.40 23.30 23.30 23.10 23.10 23.20 23.20 23.20 23.10 23.10 23.10 23.00 * 0
2018-01-16 16:10:19 25.60 23.70 23.90 23.60 23.30 23.60 23.60 23.60 24.00 23.90 24.10 24.20 24.20 24.30 24.10 23.80 * 23.90 23.40 23.40 23.40 23.40 23.30 23.20 23.10 23.30 23.40 23.40 23.40 23.30 23.20 23.20 23.20 * 0
2018-01-16 16:10:19 26.50 24.60 23.90 23.60 23.30 23.60 23.50 23.60 23.90 23.90 24.10 24.10 24.10 24.30 24.10 23.80 * 24.70 23.60 23.40 23.40 23.40 23.30 23.10 23.10 23.30 23.40 23.40 23.40 23.30 23.30 23.20 23.30 * 0
2018-01-16 16:10:19 26.70 26.00 24.70 23.90 23.20 23.60 23.40 23.70 23.90 23.90 24.00 24.00 24.10 24.20 24.00 23.80 * 24.80 23.80 23.40 23.20 23.30 23.20 23.00 23.00 23.20 23.30 23.40 23.30 23.20 23.20 23.20 23.20 * 0
2018-01-16 16:10:20 25.60 27.40 25.50 24.90 23.40 23.60 23.40 23.60 23.90 23.90 24.10 24.00 24.10 24.20 24.00 23.80 * 24.70 23.80 23.70 23.80 23.30 23.20 23.10 22.90 23.20 23.30 23.30 23.30 23.20 23.20 23.10 23.10 * 0
2018-01-16 16:10:20 24.40 26.70 26.50 25.60 24.30 23.60 23.50 23.60 23.90 23.90 24.10 24.10 24.20 24.20 24.00 23.80 * 24.30 23.70 23.80 24.70 23.60 23.20 23.10 22.90 23.30 23.40 23.50 23.40 23.20 23.20 23.20 23.10 * 0
2018-01-16 16:10:20 23.80 23.70 24.40 26.20 26.30 24.80 24.40 23.80 24.80 24.20 24.10 24.10 24.20 24.30 24.00 23.90 * 23.50 23.60 23.70 25.10 23.80 23.20 23.00 23.00 23.30 23.30 23.30 23.30 23.20 23.20 23.10 23.10 * 0
2018-01-16 16:10:21 23.80 23.60 23.90 24.50 26.10 26.00 24.80 25.00 25.30 25.30 24.10 24.10 24.10 24.30 24.00 23.80 * 23.30 23.40 23.60 25.20 24.10 23.70 24.30 23.50 23.90 23.50 23.20 23.20 23.10 23.10 23.00 23.00 * 0
2018-01-16 16:10:21 23.80 23.60 23.90 23.70 24.80 26.30 25.40 26.10 26.00 26.40 24.10 24.10 24.10 24.30 24.00 23.90 * 23.30 23.30 23.50 24.50 23.90 23.40 25.00 24.20 24.90 24.90 23.40 23.30 23.20 23.20 23.10 23.10 * 0
2018-01-16 16:10:21 23.80 23.70 23.90 23.60 23.50 25.00 26.50 26.40 26.40 27.20 26.30 25.30 24.90 24.40 24.10 23.90 * 23.40 23.40 23.40 23.60 23.70 23.50 25.10 24.70 24.90 25.10 24.30 23.50 23.20 23.10 23.10 23.00 * 0
2018-01-16 16:10:21 23.80 23.60 23.80 23.60 23.20 23.60 24.30 26.20 25.00 26.60 27.20 26.20 26.40 24.50 24.20 23.90 * 23.40 23.50 23.50 23.50 23.50 23.50 25.20 25.00 24.90 25.40 25.60 24.10 23.30 23.20 23.10 23.20 * 0
2018-01-16 16:10:22 23.70 23.60 23.80 23.50 23.20 23.50 23.40 24.70 24.20 24.90 27.20 26.80 27.40 25.30 24.10 23.90 * 23.40 23.40 23.40 23.40 23.40 23.30 23.70 24.30 24.10 24.80 25.90 24.50 23.40 23.30 23.20 23.20 * 0
2018-01-16 16:10:22 23.70 23.60 23.80 23.50 23.20 23.50 23.50 23.70 24.00 24.00 25.90 27.10 27.00 27.20 24.20 23.90 * 23.30 23.30 23.40 23.40 23.40 23.30 23.20 23.60 23.40 23.90 25.90 25.10 23.70 23.30 23.20 23.20 * 0
2018-01-16 16:10:22 23.70 23.60 23.80 23.50 23.30 23.60 23.50 23.60 24.00 24.00 24.80 26.90 27.40 27.80 24.80 23.90 * 23.30 23.40 23.40 23.30 23.40 23.30 23.20 23.50 23.20 23.60 25.30 24.90 23.90 23.10 23.10 23.00 * 0
2018-01-16 16:10:22 23.80 23.60 23.90 23.60 23.40 23.60 23.60 23.70 23.90 24.00 24.20 28.10 26.70 26.20 27.30 24.30 * 23.30 23.30 23.30 23.30 23.40 23.20 23.20 23.50 23.20 24.00 24.80 24.60 23.80 23.20 23.10 23.10 * 0
2018-01-16 16:10:23 23.80 23.70 23.90 23.60 23.20 23.60 23.60 23.70 23.90 24.00 24.20 28.30 26.20 26.30 27.00 24.10 * 23.20 23.30 23.30 23.30 23.40 23.20 23.20 24.30 23.30 24.40 24.70 24.60 23.80 23.20 23.10 23.10 * 0
2018-01-16 16:10:23 23.80 23.70 23.90 23.60 23.30 23.60 23.60 23.70 24.00 24.10 24.30 28.10 26.30 27.20 25.80 24.10 * 23.20 23.30 23.30 23.30 23.40 23.20 23.20 24.30 23.30 24.50 24.80 24.70 23.80 23.20 23.10 23.20 * 0
2018-01-16 16:10:23 23.70 23.70 23.90 23.60 23.30 23.60 23.50 23.60 24.00 24.10 24.30 28.10 26.60 28.30 24.70 24.00 * 23.30 23.40 23.40 23.40 23.40 23.30 23.20 24.30 23.50 24.60 25.00 24.80 23.90 23.30 23.30 23.40 * 0
2018-01-16 16:10:23 23.70 23.50 23.70 23.40 23.20 23.50 23.50 23.60 24.10 24.10 24.70 28.50 27.30 29.00 24.50 24.10 * 23.30 23.40 23.40 23.50 23.40 23.30 23.20 24.40 23.60 24.60 25.00 24.80 23.90 23.30 23.30 23.30 * 0
2018-01-16 16:10:24 23.60 23.50 23.70 23.40 23.20 23.50 23.40 23.60 24.10 24.10 24.90 28.50 27.60 29.10 24.50 24.00 * 23.30 23.30 23.40 23.40 23.40 23.30 23.20 24.40 23.50 24.60 25.00 24.80 23.90 23.20 23.30 23.30 * 0
2018-01-16 16:10:24 23.50 23.50 23.60 23.30 23.10 23.40 23.30 23.50 24.10 24.10 25.40 28.10 28.00 29.00 24.50 24.00 * 23.30 23.40 23.40 23.40 23.40 23.30 23.20 24.40 23.50 24.60 25.00 24.80 23.90 23.30 23.30 23.40 * 0
2018-01-16 16:10:24 23.50 23.50 23.60 23.30 23.10 23.40 23.30 23.40 24.00 24.00 25.60 27.80 28.20 28.20 24.50 24.00 * 23.40 23.40 23.40 23.40 23.50 23.40 23.30 24.50 23.50 24.60 25.00 24.80 23.90 23.30 23.40 23.40 * 0
2018-01-16 16:10:25 23.70 23.60 23.80 23.40 23.20 23.50 23.50 23.60 24.00 24.00 25.00 27.70 28.40 27.60 24.50 24.00 * 23.40 23.40 23.40 23.40 23.50 23.40 23.30 24.40 23.50 24.70 25.10 24.90 24.00 23.30 23.30 23.30 * 0
2018-01-16 16:10:25 23.70 23.60 23.80 23.50 23.20 23.50 23.40 23.60 23.80 23.90 24.30 27.60 28.20 27.90 25.00 23.90 * 23.50 23.40 23.50 23.40 23.50 23.40 23.40 24.50 23.50 24.60 25.10 24.80 23.90 23.30 23.30 23.30 * 0
2018-01-16 16:10:25 23.70 23.70 23.80 23.50 23.20 23.50 23.50 23.60 23.90 23.90 24.20 27.50 28.10 27.90 25.20 24.00 * 23.50 23.50 23.50 23.40 23.60 23.50 23.40 24.60 23.50 24.70 25.10 24.80 23.80 23.30 23.30 23.30 * 0
2018-01-16 16:10:25 23.70 23.60 23.80 23.50 23.20 23.50 23.50 23.60 24.00 24.00 24.20 27.00 28.00 28.00 25.40 24.10 * 23.40 23.50 23.50 23.40 23.60 23.50 23.40 24.60 23.50 24.60 25.10 24.80 23.60 23.20 23.20 23.20 * 0
2018-01-16 16:10:26 23.60 23.50 23.70 23.40 23.20 23.50 23.40 23.50 24.10 24.10 24.20 25.70 28.00 28.20 25.30 24.20 * 23.40 23.40 23.40 23.40 23.50 23.40 23.30 24.50 23.50 24.90 25.00 25.00 23.70 23.20 23.20 23.10 * 0
2018-01-16 16:10:26 23.50 23.50 23.70 23.40 23.10 23.40 23.30 23.50 24.10 24.10 24.20 25.30 28.00 28.20 25.30 24.10 * 23.30 23.30 23.30 23.30 23.40 23.30 23.20 24.70 23.50 25.20 24.80 25.20 23.70 23.20 23.30 23.20 * 0
2018-01-16 16:10:26 23.70 23.60 23.80 23.50 23.20 23.50 23.40 23.60 24.10 24.10 24.30 25.20 28.00 28.20 25.30 24.20 * 23.30 23.30 23.30 23.30 23.40 23.20 23.20 25.00 23.50 25.40 24.70 25.30 23.80 23.30 23.30 23.20 * 0
2018-01-16 16:10:26 23.70 23.60 23.80 23.50 23.20 23.60 23.50 23.60 24.10 24.10 24.20 25.10 27.90 28.20 25.30 24.20 * 23.30 23.30 23.30 23.30 23.50 23.30 23.20 25.10 23.60 25.50 24.90 25.30 23.90 23.30 23.30 23.30 * 0
2018-01-16 16:10:27 23.70 23.60 23.80 23.60 23.30 23.60 23.50 23.60 24.00 24.00 24.20 25.10 27.90 28.30 25.20 24.10 * 23.30 23.30 23.30 23.30 23.50 23.30 23.30 25.00 23.60 25.40 24.70 25.30 23.80 23.20 23.20 23.20 * 0
2018-01-16 16:10:27 23.60 23.60 23.80 23.50 23.20 23.50 23.50 23.50 24.00 24.00 24.10 25.00 27.90 28.30 25.20 24.00 * 23.30 23.30 23.30 23.40 23.40 23.30 23.30 25.10 23.60 25.50 24.80 25.30 23.80 23.30 23.30 23.30 * 0
2018-01-16 16:10:27 23.60 23.60 23.80 23.50 23.20 23.50 23.50 23.50 23.90 24.00 24.10 24.90 27.90 28.30 25.10 24.00 * 23.30 23.30 23.30 23.30 23.40 23.40 23.20 25.10 23.70 25.50 24.90 25.40 23.90 23.30 23.30 23.30 * 0
2018-01-16 16:10:28 23.60 23.60 23.80 23.50 23.20 23.50 23.40 23.60 23.90 23.90 24.00 24.90 27.90 28.20 25.10 24.00 * 23.30 23.30 23.30 23.40 23.40 23.40 23.30 25.10 23.60 25.30 24.70 25.20 23.70 23.20 23.20 23.20 * 0
2018-01-16 16:10:28 23.60 23.60 23.90 23.50 23.20 23.50 23.50 23.60 24.00 24.00 24.20 25.00 28.00 28.30 25.20 24.00 * 23.40 23.40 23.40 23.40 23.50 23.40 23.40 25.10 23.50 25.40 24.70 25.20 23.70 23.20 23.20 23.20 * 0
2018-01-16 16:10:28 23.70 23.60 23.70 23.50 23.20 23.50 23.40 23.60 23.90 23.90 24.10 24.90 27.90 28.20 25.10 24.00 * 23.30 23.40 23.30 23.40 23.40 23.40 23.40 25.10 23.50 25.40 24.70 25.30 23.70 23.20 23.20 23.20 * 0
2018-01-16 16:10:28 23.70 23.60 23.80 23.50 23.20 23.50 23.50 23.60 23.90 23.90 24.10 25.00 27.90 28.30 25.10 24.00 * 23.30 23.40 23.30 23.30 23.40 23.30 23.30 25.00 23.50 25.30 24.60 25.20 23.70 23.20 23.20 23.10 * 0
2018-01-16 16:10:29 23.70 23.60 23.80 23.50 23.20 23.60 23.50 23.70 23.90 23.90 24.10 25.00 27.90 28.30 25.00 24.00 * 23.40 23.40 23.40 23.40 23.40 23.30 23.30 25.10 23.50 25.30 24.60 25.20 23.70 23.20 23.20 23.10 * 0
2018-01-16 16:10:29 23.70 23.60 23.80 23.60 23.20 23.60 23.50 23.70 24.00 24.10 24.20 25.10 28.00 28.40 25.20 24.10 * 23.40 23.40 23.40 23.50 23.50 23.40 23.40 25.20 23.50 25.30 24.60 25.30 23.80 23.20 23.20 23.10 * 0
2018-01-16 16:10:29 23.80 23.70 23.80 23.50 23.30 23.60 23.50 23.60 23.90 23.90 24.20 25.00 28.00 28.40 25.10 24.00 * 23.40 23.40 23.40 23.50 23.50 23.40 23.30 25.20 23.40 25.40 24.70 25.30 23.70 23.20 23.20 23.10 * 0
2018-01-16 16:10:29 23.70 23.60 23.80 23.50 23.30 23.60 23.50 23.60 23.90 23.90 24.10 25.00 28.00 28.30 25.10 24.00 * 23.30 23.40 23.30 23.40 23.50 23.30 23.40 25.20 23.40 25.30 24.70 25.30 23.70 23.20 23.10 23.10 * 0
2018-01-16 16:10:30 23.60 23.60 23.80 23.50 23.30 23.60 23.50 23.60 23.90 23.90 24.10 25.00 28.10 28.30 25.10 24.00 * 23.40 23.50 23.40 23.40 23.50 23.40 23.40 25.20 23.50 25.30 24.70 25.30 23.80 23.20 23.10 23.10 * 0
2018-01-16 16:10:30 23.70 23.70 23.90 23.50 23.30 23.60 23.50 23.60 24.00 24.00 24.20 25.10 28.10 28.40 25.20 24.10 * 23.40 23.50 23.40 23.40 23.50 23.40 23.40 25.20 23.50 25.30 24.70 25.30 23.70 23.30 23.20 23.20 * 0
2018-01-16 16:10:30 23.70 23.60 23.80 23.50 23.20 23.50 23.40 23.60 23.90 23.90 24.00 25.90 28.20 28.40 25.10 24.00 * 23.40 23.40 23.40 23.40 23.50 23.40 23.40 25.10 23.40 25.00 24.70 25.00 23.70 23.20 23.20 23.10 * 0
2018-01-16 16:10:30 23.70 23.60 23.90 23.50 23.30 23.60 23.50 23.60 23.90 23.80 24.10 26.60 28.20 28.30 25.00 23.90 * 23.30 23.40 23.40 23.40 23.50 23.30 23.30 24.50 23.40 24.70 24.90 24.60 23.70 23.20 23.20 23.10 * 0
2018-01-16 16:10:31 23.70 23.60 23.90 23.50 23.30 23.60 23.50 23.70 23.90 23.90 24.20 27.10 28.40 28.30 24.90 24.00 * 23.40 23.40 23.40 23.40 23.50 23.40 23.30 24.50 23.40 24.60 25.00 24.30 23.90 23.20 23.20 23.20 * 0
2018-01-16 16:10:31 23.80 23.70 23.90 23.50 23.30 23.60 23.60 23.70 24.00 24.10 24.90 27.80 28.80 28.30 24.90 24.10 * 23.40 23.40 23.40 23.40 23.40 23.40 23.30 24.40 23.40 24.50 24.90 24.00 24.00 23.20 23.20 23.20 * 0
2018-01-16 16:10:31 23.80 23.60 23.90 23.60 23.30 23.60 23.60 23.70 24.00 24.10 26.10 27.40 28.40 28.40 25.10 24.10 * 23.30 23.40 23.40 23.40 23.40 23.40 23.30 24.40 23.40 24.50 25.00 24.20 24.00 23.30 23.20 23.20 * 0
2018-01-16 16:10:32 23.70 23.60 23.90 23.60 23.30 23.60 23.50 23.60 24.00 24.00 26.90 26.60 27.70 28.10 25.30 24.00 * 23.40 23.50 23.40 23.40 23.50 23.40 23.40 24.40 23.40 24.50 25.00 24.20 24.10 23.30 23.30 23.30 * 0
2018-01-16 16:10:32 23.70 23.60 23.80 23.60 23.30 23.60 23.50 23.60 23.90 24.00 26.90 26.30 27.00 27.60 25.20 24.00 * 23.50 23.50 23.50 23.50 23.60 23.50 23.40 24.50 23.50 24.50 25.00 24.20 24.20 23.30 23.30 23.30 * 0
2018-01-16 16:10:32 23.80 23.70 23.90 23.70 23.40 23.70 23.60 23.70 24.00 24.10 26.70 26.30 26.70 27.60 25.00 24.10 * 23.60 23.50 23.60 23.50 23.60 23.50 23.40 24.50 23.30 24.40 24.90 24.10 24.00 23.20 23.20 23.10 * 0
2018-01-16 16:10:32 23.70 23.60 23.70 23.50 23.20 23.50 23.50 23.40 24.00 24.00 25.60 27.50 26.40 27.90 25.10 24.10 * 23.50 23.50 23.50 23.50 23.50 23.40 23.40 24.40 23.20 24.50 24.80 24.10 24.00 23.20 23.10 23.20 * 0
2018-01-16 16:10:33 23.70 23.60 23.70 23.50 23.20 23.50 23.50 23.50 24.00 24.00 24.90 28.10 27.20 27.90 24.70 24.00 * 23.40 23.50 23.50 23.50 23.50 23.40 23.40 24.60 23.40 25.10 24.60 24.10 24.10 23.20 23.10 23.20 * 0
2018-01-16 16:10:33 23.70 23.60 23.80 23.50 23.20 23.50 23.50 23.60 24.00 24.10 25.10 27.90 27.50 26.20 24.30 24.00 * 23.50 23.50 23.50 23.50 23.50 23.40 23.60 25.30 23.60 25.50 24.40 24.30 24.00 23.20 23.20 23.20 * 0
2018-01-16 16:10:33 23.80 23.60 23.80 23.60 23.20 23.60 23.50 23.70 24.10 24.30 26.20 27.40 26.00 24.80 24.30 24.00 * 23.40 23.40 23.40 23.40 23.50 23.30 23.60 25.20 23.60 25.50 24.70 24.30 23.60 23.20 23.10 23.10 * 0
2018-01-16 16:10:33 23.90 23.70 23.90 23.60 23.20 23.60 23.60 24.20 24.20 24.90 27.30 26.60 24.90 24.70 24.30 24.00 * 23.30 23.40 23.30 23.40 23.80 24.00 23.90 25.20 24.10 25.60 24.40 23.20 23.20 23.20 23.10 23.20 * 0
2018-01-16 16:10:34 23.80 23.60 23.90 23.60 23.40 23.70 24.80 26.40 25.80 27.00 25.70 24.30 24.40 24.50 24.10 24.00 * 23.30 23.40 23.30 23.60 24.60 24.10 23.80 25.20 23.60 25.00 23.90 23.20 23.20 23.10 23.10 23.10 * 0
2018-01-16 16:10:34 23.80 23.70 23.90 23.70 23.50 25.00 26.50 25.70 27.00 25.50 24.30 24.20 24.40 24.50 24.10 23.90 * 23.40 23.50 23.40 24.10 25.20 23.50 23.40 23.30 23.40 23.90 23.40 23.20 23.20 23.10 23.10 23.20 * 0
2018-01-16 16:10:34 23.80 23.70 23.90 23.70 23.80 26.90 26.10 24.30 26.00 24.20 24.10 24.20 24.40 24.50 24.10 23.90 * 23.50 23.50 24.00 24.20 25.20 23.50 23.30 23.20 23.30 23.30 23.30 23.20 23.20 23.20 23.10 23.20 * 0
2018-01-16 16:10:34 23.80 23.70 23.90 23.70 25.20 27.00 24.50 23.80 24.50 24.00 24.10 24.10 24.40 24.50 24.10 24.00 * 23.30 23.60 24.60 24.10 24.80 23.30 23.20 23.10 23.20 23.30 23.30 23.30 23.20 23.20 23.20 23.10 * 0
2018-01-16 16:10:35 23.70 23.50 23.90 24.40 26.50 25.20 23.60 23.60 23.90 23.80 24.00 24.00 24.30 24.30 24.00 23.80 * 23.30 23.70 24.70 23.80 23.90 23.20 23.10 23.00 23.20 23.30 23.30 23.30 23.20 23.20 23.10 23.20 * 0
2018-01-16 16:10:35 23.60 23.60 24.50 26.90 24.10 23.60 23.40 23.50 24.00 23.90 24.10 24.00 24.30 24.40 24.00 23.80 * 23.40 23.90 24.70 23.50 23.40 23.30 23.20 23.00 23.20 23.30 23.40 23.30 23.20 23.20 23.20 23.20 * 0
2018-01-16 16:10:35 23.70 23.70 25.60 26.30 23.30 23.60 23.50 23.50 24.00 24.00 24.10 24.10 24.40 24.50 24.10 23.90 * 24.40 23.90 24.70 23.50 23.50 23.40 23.30 23.20 23.30 23.40 23.50 23.40 23.30 23.30 23.30 23.30 * 0
2018-01-16 16:10:36 23.90 24.40 26.50 24.70 23.30 23.60 23.50 23.50 23.90 23.90 24.10 24.10 24.30 24.40 24.10 23.90 * 24.50 23.80 24.00 23.50 23.50 23.30 23.20 23.10 23.20 23.20 23.30 23.20 23.20 23.10 23.10 23.10 * 0
2018-01-16 16:10:36 24.50 26.60 24.70 23.50 23.20 23.60 23.50 23.50 23.80 23.80 23.90 24.00 24.30 24.30 23.90 23.70 * 24.40 23.60 23.40 23.30 23.40 23.20 23.20 23.10 23.20 23.20 23.30 23.20 23.10 23.10 23.10 23.10 * 0
2018-01-16 16:10:36 25.30 26.60 24.10 23.60 23.30 23.60 23.50 23.60 23.90 23.90 24.00 24.10 24.30 24.40 24.00 23.80 * 24.40 23.40 23.30 23.30 23.30 23.20 23.10 23.10 23.20 23.30 23.30 23.20 23.10 23.10 23.10 23.10 * 0
2018-01-16 16:10:36 26.10 26.00 24.00 23.60 23.30 23.60 23.60 23.70 23.90 23.90 24.00 24.10 24.30 24.40 24.00 23.90 * 24.40 23.50 23.40 23.40 23.40 23.30 23.20 23.10 23.20 23.30 23.30 23.20 23.20 23.20 23.10 23.20 * 0
2018-01-16 16:10:37 26.40 24.70 23.90 23.60 23.30 23.60 23.50 23.60 23.80 23.80 24.00 24.10 24.20 24.30 23.90 23.70 * 23.90 23.50 23.40 23.40 23.40 23.30 23.20 23.10 23.10 23.30 23.20 23.20 23.10 23.10 23.10 23.10 * 0
2018-01-16 16:10:37 26.30 23.80 23.90 23.60 23.30 23.60 23.50 23.60 23.90 23.90 24.00 24.10 24.20 24.40 24.00 23.80 * 23.50 23.50 23.40 23.40 23.40 23.30 23.30 23.20 23.20 23.20 23.30 23.20 23.20 23.20 23.20 23.10 * 0
2018-01-16 16:10:37 26.20 23.70 23.80 23.50 23.20 23.60 23.50 23.60 24.00 24.00 24.10 24.20 24.40 24.50 24.10 24.00 * 23.50 23.50 23.40 23.50 23.50 23.40 23.40 23.20 23.20 23.30 23.30 23.30 23.20 23.20 23.20 23.20 * 0
2018-01-16 16:10:37 26.30 23.80 23.90 23.50 23.20 23.60 23.50 23.60 24.00 24.10 24.20 24.30 24.40 24.50 24.20 24.00 * 23.80 23.60 23.50 23.60 23.60 23.50 23.50 23.30 23.20 23.30 23.30 23.30 23.20 23.10 23.20 23.10 * 0
2018-01-16 16:10:38 26.30 24.00 23.90 23.50 23.20 23.60 23.50 23.60 23.90 23.90 24.10 24.20 24.30 24.40 24.10 23.90 * 23.80 23.50 23.50 23.50 23.50 23.40 23.40 23.20 23.10 23.20 23.20 23.20 23.10 23.10 23.00 23.00 * 0
2018-01-16 16:10:38 26.30 24.40 23.80 23.50 23.20 23.50 23.40 23.50 24.00 23.90 24.10 24.10 24.30 24.40 24.00 23.90 * 23.90 23.50 23.50 23.50 23.50 23.40 23.30 23.10 23.20 23.20 23.30 23.20 23.20 23.10 23.10 23.10 * 0
2018-01-16 16:10:38 26.20 25.60 23.80 23.60 23.20 23.50 23.50 23.50 24.00 24.00 24.10 24.20 24.30 24.40 24.10 24.00 * 24.00 23.60 23.60 23.50 23.50 23.50 23.40 23.20 23.20 23.20 23.30 23.20 23.20 23.10 23.10 23.10 * 0
2018-01-16 16:10:38 26.20 25.90 23.90 23.60 23.30 23.60 23.50 23.60 24.10 24.00 24.10 24.20 24.30 24.50 24.10 23.90 * 24.20 23.90 23.50 23.50 23.60 23.40 23.40 23.30 23.20 23.30 23.30 23.20 23.20 23.10 23.10 23.00 * 0
2018-01-16 16:10:39 25.80 25.90 23.90 23.60 23.30 23.60 23.50 23.50 24.00 23.90 24.00 24.10 24.20 24.40 24.00 23.80 * 24.40 24.50 23.50 23.50 23.50 23.30 23.30 23.20 23.10 23.20 23.20 23.20 23.20 23.10 23.20 23.00 * 0
2018-01-16 16:10:39 25.10 26.10 24.60 23.60 23.20 23.50 23.40 23.50 24.00 23.90 24.10 24.10 24.30 24.40 24.10 23.80 * 24.50 24.90 23.50 23.50 23.50 23.30 23.20 23.20 23.20 23.30 23.30 23.20 23.20 23.20 23.20 23.10 * 0
2018-01-16 16:10:39 24.20 26.40 26.10 24.00 23.30 23.60 23.50 23.40 24.10 24.10 24.10 24.10 24.40 24.50 24.20 24.00 * 24.40 24.90 23.50 23.50 23.50 23.40 23.30 23.10 23.30 23.40 23.40 23.30 23.30 23.20 23.20 23.20 * 0
2018-01-16 16:10:40 24.20 26.20 26.30 25.00 23.30 23.60 23.50 23.60 24.10 24.10 24.20 24.20 24.40 24.50 24.20 24.00 * 24.00 25.10 24.30 24.30 23.60 23.40 23.30 23.20 23.30 23.40 23.40 23.30 23.20 23.20 23.20 23.10 * 0
2018-01-16 16:10:40 24.10 25.70 26.30 26.00 23.40 23.60 23.50 23.60 24.10 24.10 24.10 24.20 24.30 24.50 24.20 24.00 * 24.00 25.00 23.80 25.10 23.80 23.40 23.20 23.10 23.20 23.30 23.20 23.30 23.20 23.20 23.20 23.10 * 0
2018-01-16 16:10:40 24.00 24.80 26.30 26.40 24.20 23.60 23.50 23.60 24.00 24.00 24.10 24.20 24.30 24.40 24.00 23.90 * 24.00 25.00 23.60 25.30 23.90 23.40 23.20 23.20 23.20 23.30 23.40 23.30 23.20 23.20 23.20 23.10 * 0
2018-01-16 16:10:40 23.90 23.70 24.40 26.50 26.30 24.30 23.60 23.60 24.00 24.00 24.10 24.20 24.40 24.40 24.10 23.90 * 23.80 24.90 23.60 25.40 23.90 23.40 23.30 23.20 23.20 23.40 23.40 23.30 23.20 23.20 23.20 23.20 * 0
2018-01-16 16:10:41 23.80 23.60 24.00 26.40 26.20 24.70 23.60 23.60 23.90 23.90 24.10 24.10 24.30 24.30 24.10 23.80 * 23.50 24.20 23.70 25.40 23.80 23.40 23.20 23.10 23.20 23.40 23.40 23.30 23.20 23.20 23.20 23.20 * 0
2018-01-16 16:10:41 23.70 23.60 24.00 26.30 26.20 24.90 23.50 23.60 23.90 23.90 24.00 24.10 24.30 24.30 24.10 23.80 * 23.50 24.20 23.50 25.50 23.80 23.30 23.20 23.10 23.20 23.40 23.40 23.30 23.20 23.20 23.20 23.20 * 0
2018-01-16 16:10:41 23.70 23.60 24.10 26.30 26.40 25.10 23.50 23.50 24.00 23.90 24.00 24.10 24.30 24.30 24.10 23.90 * 23.50 24.40 23.80 25.60 23.90 23.40 23.30 23.20 23.20 23.30 23.30 23.30 23.20 23.10 23.20 23.10 * 0
2018-01-16 16:10:41 23.80 23.70 24.60 26.40 26.40 24.10 23.50 23.50 24.00 24.10 24.10 24.20 24.30 24.40 24.10 23.90 * 23.50 24.40 24.10 25.60 23.90 23.40 23.30 23.10 23.30 23.40 23.30 23.30 23.30 23.20 23.20 23.10 * 0
2018-01-16 16:10:42 23.90 23.80 25.10 26.60 25.80 23.80 23.60 23.60 24.10 24.10 24.10 24.20 24.30 24.40 24.10 23.90 * 23.40 24.30 24.20 24.50 23.60 23.30 23.20 23.00 23.30 23.30 23.30 23.30 23.30 23.10 23.20 23.10 * 0
2018-01-16 16:10:42 23.90 23.80 25.60 26.60 25.00 23.70 23.50 23.60 24.00 24.00 24.10 24.20 24.30 24.30 24.10 23.90 * 23.40 24.30 24.20 23.60 23.40 23.20 23.10 22.90 23.20 23.20 23.30 23.20 23.20 23.10 23.10 23.00 * 0
2018-01-16 16:10:42 23.90 23.80 25.70 26.60 24.50 23.60 23.50 23.60 24.00 24.00 24.20 24.20 24.30 24.40 24.10 23.90 * 23.70 24.70 24.00 23.40 23.40 23.30 23.10 23.10 23.20 23.30 23.30 23.20 23.20 23.20 23.10 23.20 * 0
2018-01-16 16:10:43 23.90 23.90 26.00 26.50 23.70 23.70 23.60 23.70 24.00 24.00 24.10 24.10 24.40 24.40 24.10 23.90 * 24.20 25.10 24.10 23.40 23.50 23.40 23.20 23.20 23.20 23.30 23.30 23.30 23.20 23.20 23.20 23.20 * 0
2018-01-16 16:10:43 23.80 24.00 26.30 26.50 23.60 23.70 23.60 23.60 24.00 23.90 24.10 24.10 24.30 24.30 24.10 24.00 * 24.20 25.60 24.00 23.50 23.50 23.40 23.30 23.20 23.30 23.30 23.30 23.30 23.20 23.20 23.20 23.20 * 0
2018-01-16 16:10:43 23.70 24.20 26.40 26.40 23.40 23.60 23.50 23.50 23.90 23.90 24.10 24.10 24.30 24.30 24.00 24.00 * 24.30 25.70 23.80 23.60 23.60 23.50 23.40 23.20 23.20 23.30 23.30 23.30 23.20 23.20 23.10 23.10 * 0
2018-01-16 16:10:43 23.90 24.90 26.50 26.30 23.30 23.60 23.40 23.50 24.00 24.00 24.10 24.10 24.20 24.30 24.10 23.90 * 24.80 25.70 23.70 23.60 23.60 23.50 23.40 23.30 23.20 23.20 23.20 23.20 23.20 23.20 23.10 23.10 * 0
2018-01-16 16:10:44 24.30 26.20 26.60 24.70 23.40 23.60 23.60 23.70 24.00 24.00 24.20 24.20 24.40 24.40 24.10 24.00 * 25.00 25.60 23.60 23.60 23.60 23.50 23.30 23.20 23.30 23.30 23.30 23.30 23.20 23.20 23.20 23.20 * 0
2018-01-16 16:10:44 24.70 26.50 25.80 23.80 23.40 23.60 23.50 23.70 24.00 24.00 24.10 24.10 24.30 24.40 24.10 23.90 * 24.60 24.60 23.50 23.50 23.50 23.40 23.30 23.20 23.20 23.30 23.30 23.30 23.20 23.10 23.20 23.10 * 0
2018-01-16 16:10:44 25.50 26.50 24.60 23.60 23.30 23.60 23.50 23.70 24.00 24.00 24.10 24.10 24.20 24.40 24.10 23.90 * 24.20 23.60 23.40 23.50 23.50 23.30 23.30 23.10 23.10 23.20 23.20 23.20 23.20 23.10 23.10 23.00 * 0
2018-01-16 16:10:44 26.20 26.40 24.10 23.60 23.30 23.60 23.50 23.60 24.00 24.00 24.20 24.20 24.30 24.50 24.10 23.90 * 24.00 23.40 23.40 23.40 23.50 23.30 23.30 23.10 23.10 23.20 23.20 23.20 23.10 23.10 23.10 23.00 * 0
