2018-01-16 16:59:20 24.10 23.90 23.80 23.80 23.40 23.50 23.30 23.60 23.70 23.90 25.50 25.20 24.00 24.10 24.10 24.10 * 23.30 23.20 23.30 23.20 23.40 23.40 23.50 23.60 23.20 23.60 23.90 23.50 23.30 23.20 23.10 23.10 * 1
2018-01-16 16:59:20 23.90 23.70 23.70 23.60 23.20 23.40 23.20 23.50 23.60 23.80 25.10 25.70 24.00 24.00 24.10 24.00 * 23.20 23.20 23.20 23.20 23.30 23.30 23.30 23.50 23.30 23.60 23.90 23.60 23.30 23.20 23.10 23.10 * 1
2018-01-16 16:59:21 23.90 23.70 23.70 23.60 23.20 23.40 23.20 23.50 23.70 23.80 25.00 25.90 24.10 24.10 24.10 24.10 * 23.20 23.30 23.20 23.20 23.30 23.40 23.40 23.50 23.40 23.60 23.90 23.60 23.30 23.20 23.20 23.10 * 1
2018-01-16 16:59:21 24.00 23.70 23.70 23.70 23.30 23.50 23.30 23.60 23.70 24.00 25.70 25.00 24.10 24.20 24.20 24.10 * 23.20 23.30 23.30 23.20 23.40 23.40 23.40 23.60 23.40 23.70 23.60 23.60 23.30 23.20 23.20 23.10 * 1
2018-01-16 16:59:21 24.00 23.80 23.80 23.70 23.30 23.50 23.30 24.10 23.80 24.20 26.20 24.40 24.10 24.20 24.20 24.20 * 23.30 23.40 23.30 23.20 23.40 23.40 23.50 23.70 23.50 23.70 23.60 23.60 23.30 23.20 23.20 23.10 * 1
2018-01-16 16:59:21 24.10 23.90 23.80 23.80 23.40 23.50 23.40 25.00 23.90 24.80 25.80 24.20 24.10 24.10 24.20 24.20 * 23.30 23.30 23.30 23.30 23.40 23.50 23.60 23.60 23.60 23.60 23.70 23.60 23.30 23.20 23.20 23.10 * 1
2018-01-16 16:59:22 24.10 23.90 23.90 23.80 23.40 23.60 24.10 25.60 25.10 25.80 24.10 24.00 24.00 24.10 24.10 24.00 * 23.30 23.30 23.30 23.30 23.40 23.70 23.80 23.50 23.40 23.40 23.60 23.50 23.30 23.10 23.10 23.00 * 1
2018-01-16 16:59:22 24.00 23.80 23.80 23.70 23.30 23.80 25.10 25.40 25.60 25.10 23.90 23.90 23.90 24.00 24.00 24.00 * 23.20 23.30 23.40 23.60 23.70 23.70 23.50 23.40 23.20 23.20 23.50 23.40 23.20 23.00 23.10 22.90 * 1
2018-01-16 16:59:22 24.00 23.80 23.80 23.70 23.50 24.40 25.50 24.90 25.70 24.50 23.90 24.00 23.90 24.00 24.00 24.00 * 23.30 23.40 23.80 24.10 23.60 23.60 23.40 23.30 23.30 23.40 23.60 23.50 23.30 23.20 23.20 23.10 * 1
2018-01-16 16:59:23 23.90 23.70 23.80 23.90 24.20 27.30 24.50 23.70 25.00 23.90 23.80 23.90 23.90 24.00 24.10 23.90 * 23.20 23.50 24.30 24.10 23.70 24.00 23.40 23.30 23.30 23.40 23.60 23.60 23.30 23.20 23.20 23.20 * 1
2018-01-16 16:59:23 23.90 23.70 23.80 24.00 24.20 25.80 23.80 23.60 24.60 23.80 23.90 23.90 24.00 24.00 24.10 24.00 * 23.20 23.50 24.30 23.80 24.20 24.60 23.50 23.30 23.70 23.40 23.60 23.50 23.20 23.20 23.10 23.10 * 1
2018-01-16 16:59:23 23.90 23.70 23.80 23.80 23.50 23.50 23.50 23.60 23.70 23.80 23.90 23.90 23.90 24.00 24.00 24.00 * 23.30 23.30 23.40 23.40 24.10 24.50 24.70 23.80 24.60 24.20 24.00 23.60 23.30 23.20 23.20 23.10 * 1
2018-01-16 16:59:23 23.90 23.70 23.80 23.80 24.30 23.50 23.30 23.60 23.60 23.70 23.90 23.90 23.90 24.00 24.00 24.00 * 23.30 23.40 23.40 23.40 24.10 24.50 24.80 24.20 24.60 24.40 24.30 23.60 23.40 23.30 23.20 23.10 * 1
2018-01-16 16:59:24 23.90 23.80 23.70 23.80 23.60 23.50 23.20 23.60 23.60 23.70 23.90 23.90 23.90 24.00 24.10 24.00 * 23.30 23.40 23.50 23.40 24.30 24.40 24.80 24.20 24.70 24.40 24.40 23.60 23.40 23.30 23.30 23.20 * 1
2018-01-16 16:59:24 23.90 23.80 23.80 23.70 23.20 23.40 23.20 23.50 23.70 23.80 24.00 24.00 24.00 24.00 24.10 24.00 * 23.30 23.50 23.90 23.70 24.50 24.50 24.80 24.20 24.70 24.40 24.50 23.60 23.40 23.30 23.30 23.10 * 1
2018-01-16 16:59:24 23.90 23.70 23.70 23.60 23.20 23.40 23.20 23.40 23.50 23.70 23.80 23.90 23.90 24.00 23.90 23.80 * 23.30 24.30 24.50 24.00 24.50 24.40 24.60 24.00 24.60 24.40 24.50 23.60 23.30 23.20 23.20 23.10 * 1
2018-01-16 16:59:24 23.90 23.70 23.70 23.60 23.20 23.40 23.20 23.40 23.50 23.70 23.90 23.90 23.90 24.00 23.90 23.90 * 23.30 24.30 24.60 24.00 24.50 24.40 24.70 24.00 24.60 24.40 24.50 23.50 23.30 23.20 23.10 23.00 * 1
2018-01-16 16:59:25 23.90 23.70 23.70 23.70 23.20 23.40 23.20 23.40 23.60 23.70 23.80 23.90 23.80 24.00 24.00 23.90 * 23.40 24.40 24.70 24.10 24.60 24.40 24.80 24.20 24.80 24.40 24.50 23.60 23.30 23.30 23.20 23.10 * 1
2018-01-16 16:59:25 24.00 23.60 23.70 23.60 23.20 23.40 23.20 23.50 23.70 23.70 23.90 23.90 23.90 24.00 24.10 23.90 * 23.40 24.50 24.80 24.20 24.60 24.50 24.80 24.20 24.70 24.30 24.40 23.50 23.20 23.20 23.10 23.00 * 1
2018-01-16 16:59:25 24.00 23.60 23.60 23.60 23.20 23.40 23.20 23.50 23.70 23.80 24.00 24.00 24.00 24.10 24.00 24.00 * 23.50 24.50 24.90 24.30 24.70 24.60 24.90 24.30 24.80 24.40 24.50 23.50 23.30 23.20 23.10 23.10 * 1
2018-01-16 16:59:26 23.90 23.60 23.70 23.60 23.20 23.40 23.20 23.50 23.60 23.80 23.90 24.00 23.90 24.00 24.00 24.00 * 23.50 24.60 24.90 24.20 24.70 24.60 24.90 24.30 24.90 24.50 24.50 23.60 23.40 23.30 23.20 23.10 * 1
2018-01-16 16:59:26 23.90 23.70 23.70 23.60 23.20 23.40 23.20 23.40 23.60 23.90 23.90 24.00 24.00 24.10 24.10 24.00 * 23.50 24.60 25.00 24.20 24.70 24.50 24.90 24.30 25.00 24.50 24.60 23.70 23.40 23.40 23.30 23.20 * 1
2018-01-16 16:59:26 23.90 23.60 23.70 23.60 23.10 23.40 23.20 23.40 23.70 23.90 24.00 24.10 24.00 24.00 24.10 23.90 * 23.40 24.60 24.90 24.10 24.60 24.40 24.80 24.30 24.80 24.40 24.50 23.60 23.40 23.30 23.20 23.20 * 1
2018-01-16 16:59:26 23.90 23.60 23.60 23.60 23.10 23.40 23.10 23.40 23.60 23.80 24.00 24.00 24.00 24.00 24.00 24.00 * 23.40 24.50 24.90 24.20 24.60 24.60 24.80 24.20 24.70 24.30 24.40 23.50 23.20 23.20 23.10 23.10 * 1
2018-01-16 16:59:27 23.90 23.70 23.70 23.60 23.20 23.40 23.20 23.50 23.60 23.80 23.90 24.00 24.00 24.00 24.00 24.00 * 23.40 24.50 24.80 24.20 24.60 24.60 24.80 24.20 24.90 24.40 24.50 23.60 23.30 23.20 23.10 23.10 * 1
2018-01-16 16:59:27 23.90 23.70 23.70 23.60 23.20 23.40 23.20 23.40 23.60 23.70 23.90 23.90 23.90 23.90 24.00 23.90 * 23.40 24.60 24.90 24.30 24.60 24.60 24.90 24.20 25.00 24.50 24.60 23.70 23.40 23.30 23.30 23.20 * 1
2018-01-16 16:59:27 24.00 23.70 23.70 23.70 23.20 23.40 23.30 23.50 23.70 23.80 24.00 24.10 24.10 24.10 24.10 24.10 * 23.50 24.60 25.00 24.30 24.70 24.60 24.90 24.30 24.90 24.50 24.50 23.60 23.40 23.30 23.30 23.20 * 1
2018-01-16 16:59:27 24.00 23.70 23.70 23.60 23.20 23.40 23.30 23.50 23.60 23.70 23.90 23.90 23.90 23.90 24.10 23.90 * 23.30 24.50 24.90 24.20 24.60 24.50 24.80 24.20 24.80 24.40 24.40 23.60 23.40 23.30 23.20 23.10 * 1
2018-01-16 16:59:28 24.00 23.60 23.70 23.60 23.20 23.40 23.30 23.50 23.50 23.70 23.80 23.90 23.90 23.90 24.00 23.90 * 23.40 24.50 24.90 24.20 24.60 24.50 24.80 24.30 24.90 24.50 24.50 23.60 23.40 23.20 23.30 23.20 * 1
2018-01-16 16:59:28 23.90 23.60 23.70 23.60 23.20 23.40 23.20 23.40 23.50 23.70 23.90 23.90 23.90 24.00 24.00 23.90 * 23.40 24.50 24.90 24.20 24.70 24.50 24.80 24.30 24.90 24.60 24.60 23.70 23.40 23.30 23.40 23.30 * 1
2018-01-16 16:59:28 23.90 23.70 23.70 23.70 23.30 23.40 23.20 23.50 23.50 23.70 23.90 24.00 23.90 24.00 24.00 23.90 * 23.30 24.50 24.90 24.20 24.60 24.50 24.80 24.30 25.00 24.60 24.60 23.70 23.40 23.30 23.40 23.30 * 1
2018-01-16 16:59:28 23.90 23.70 23.70 23.60 23.20 23.40 23.20 23.50 23.50 23.70 23.80 23.80 23.70 23.80 23.90 23.80 * 23.50 24.50 25.00 24.20 24.60 24.50 24.90 24.30 25.00 24.50 24.50 23.60 23.30 23.20 23.20 23.20 * 1
2018-01-16 16:59:29 24.00 23.60 23.60 23.60 23.20 23.30 23.20 23.40 23.50 23.70 23.80 23.80 23.80 23.90 24.00 23.80 * 23.40 24.60 24.90 24.20 24.60 24.50 24.90 24.20 24.90 24.50 24.60 23.60 23.30 23.20 23.20 23.20 * 1
2018-01-16 16:59:29 23.90 23.60 23.60 23.50 23.10 23.30 23.10 23.30 23.60 23.70 23.70 23.80 23.90 23.90 24.00 23.80 * 23.40 24.60 24.90 24.30 24.60 24.50 24.90 24.30 25.00 24.60 24.70 23.80 23.50 23.40 23.40 23.30 * 1
2018-01-16 16:59:29 23.90 23.60 23.70 23.60 23.20 23.40 23.20 23.50 23.80 23.80 24.00 24.00 24.00 24.10 24.10 24.10 * 23.50 24.70 25.00 24.40 24.70 24.60 25.00 24.40 25.00 24.60 24.70 23.70 23.40 23.40 23.40 23.30 * 1
2018-01-16 16:59:30 23.90 23.60 23.60 23.50 23.20 23.40 23.20 23.50 23.70 23.90 24.00 24.00 24.00 24.10 24.10 24.00 * 23.50 24.60 25.00 24.30 24.70 24.60 24.90 24.40 24.90 24.60 24.60 23.60 23.30 23.20 23.20 23.20 * 1
2018-01-16 16:59:30 23.90 23.60 23.60 23.50 23.10 23.30 23.20 23.40 23.70 23.80 23.90 23.90 23.90 24.00 24.10 24.00 * 23.40 24.60 25.00 24.30 24.70 24.60 24.80 24.30 24.90 24.50 24.60 23.60 23.40 23.20 23.20 23.10 * 1
2018-01-16 16:59:30 23.90 23.60 23.60 23.60 23.20 23.30 23.20 23.40 23.70 23.70 23.90 23.90 23.90 24.00 24.00 24.00 * 23.40 24.60 25.00 24.30 24.70 24.60 24.80 24.30 25.00 24.60 24.60 23.60 23.40 23.30 23.20 23.20 * 1
2018-01-16 16:59:30 23.90 23.60 23.70 23.60 23.30 23.40 23.30 23.50 23.80 23.80 24.00 24.00 24.00 24.00 24.10 24.10 * 23.40 24.60 25.00 24.30 24.60 24.50 24.90 24.30 25.00 24.70 24.60 23.60 23.40 23.30 23.30 23.20 * 1
2018-01-16 16:59:31 23.90 23.60 23.60 23.60 23.20 23.40 23.20 23.50 23.60 23.70 23.90 24.00 24.00 24.00 24.00 24.00 * 23.30 24.50 24.90 24.20 24.60 24.50 24.90 24.20 25.00 24.60 24.60 23.70 23.40 23.30 23.30 23.20 * 1
2018-01-16 16:59:31 23.90 23.70 23.70 23.70 23.20 23.40 23.20 23.40 23.60 23.60 23.90 23.90 23.90 24.00 24.00 23.90 * 23.30 24.60 25.00 24.30 24.60 24.50 24.90 24.30 25.00 24.60 24.60 23.70 23.40 23.30 23.30 23.20 * 1
2018-01-16 16:59:31 24.00 23.70 23.70 23.70 23.30 23.40 23.20 23.40 23.60 23.70 23.90 23.90 23.90 24.00 24.00 24.00 * 23.40 24.70 25.00 24.30 24.70 24.60 24.90 24.30 25.00 24.60 24.60 23.60 23.30 23.20 23.10 23.10 * 1
2018-01-16 16:59:31 23.90 23.70 23.80 23.70 23.20 23.30 23.20 23.50 23.70 23.80 23.90 24.00 23.90 24.00 24.10 24.00 * 23.40 24.70 25.00 24.30 24.70 24.60 24.90 24.30 25.10 24.60 24.70 23.70 23.40 23.30 23.20 23.20 * 1
2018-01-16 16:59:32 23.90 23.70 23.70 23.60 23.20 23.30 23.20 23.50 23.60 23.70 24.00 23.90 23.90 24.00 24.00 24.00 * 23.50 24.60 25.00 24.30 24.70 24.60 25.00 24.40 25.00 24.50 24.60 23.60 23.30 23.20 23.20 23.20 * 1
2018-01-16 16:59:32 23.90 23.70 23.70 23.60 23.20 23.40 23.20 23.40 23.70 23.80 24.00 23.90 23.90 24.00 24.00 24.00 * 23.50 24.70 25.00 24.30 24.70 24.60 25.00 24.40 24.90 24.50 24.50 23.50 23.30 23.20 23.10 23.10 * 1
2018-01-16 16:59:32 23.90 23.60 23.60 23.60 23.20 23.30 23.20 23.40 23.70 23.70 23.90 23.90 23.90 24.00 24.00 24.00 * 23.50 24.70 25.00 24.40 24.70 24.60 25.00 24.40 25.10 24.70 24.70 23.80 23.50 23.30 23.30 23.30 * 1
2018-01-16 16:59:33 23.90 23.60 23.60 23.60 23.10 23.30 23.20 23.40 23.80 23.80 24.00 24.00 24.00 24.10 24.10 24.00 * 23.40 24.60 25.00 24.30 24.70 24.60 25.00 24.40 25.00 24.70 24.70 23.70 23.40 23.30 23.30 23.30 * 1
2018-01-16 16:59:33 23.90 23.60 23.60 23.60 23.10 23.30 23.20 23.40 23.80 23.80 24.00 24.00 24.00 24.10 24.10 24.00 * 23.40 24.50 25.00 24.20 24.60 24.50 24.90 24.40 25.00 24.60 24.70 23.70 23.40 23.20 23.20 23.20 * 1
2018-01-16 16:59:33 24.00 23.70 23.60 23.60 23.20 23.40 23.30 23.50 23.60 23.70 23.90 23.90 23.90 24.00 24.00 24.00 * 23.40 24.50 24.90 24.20 24.50 24.50 24.90 24.30 25.00 24.60 24.70 23.60 23.40 23.20 23.30 23.20 * 1
2018-01-16 16:59:33 24.00 23.70 23.70 23.70 23.30 23.50 23.30 23.60 23.60 23.70 23.80 23.90 23.90 24.00 24.00 24.00 * 23.40 24.50 24.90 24.20 24.50 24.50 24.90 24.30 25.00 24.60 24.60 23.60 23.30 23.30 23.20 23.20 * 1
2018-01-16 16:59:34 24.00 23.80 23.80 23.70 23.30 23.50 23.30 23.60 23.60 23.80 23.90 24.00 23.90 24.00 24.00 24.00 * 23.40 24.50 24.90 24.20 24.60 24.60 24.90 24.30 25.10 24.60 24.70 23.70 23.40 23.30 23.30 23.20 * 1
2018-01-16 16:59:34 24.00 23.70 23.80 23.70 23.30 23.40 23.30 23.60 23.70 23.80 24.00 24.00 24.00 24.10 24.20 24.10 * 23.40 24.50 24.90 24.20 24.60 24.60 24.90 24.40 25.10 24.60 24.70 23.60 23.30 23.30 23.30 23.20 * 1
2018-01-16 16:59:34 24.10 23.70 23.80 23.70 23.30 23.40 23.30 23.50 23.60 23.80 23.90 23.90 24.00 24.00 24.00 24.00 * 23.40 24.60 25.00 24.30 24.60 24.60 25.00 24.40 25.00 24.60 24.60 23.60 23.30 23.30 23.30 23.20 * 1
2018-01-16 16:59:34 24.00 23.70 23.70 23.60 23.20 23.40 23.20 23.40 23.60 23.60 23.80 23.90 23.90 23.90 23.90 23.90 * 23.50 24.60 25.00 24.30 24.60 24.60 25.00 24.50 25.00 24.60 24.70 23.60 23.30 23.30 23.20 23.20 * 1
2018-01-16 16:59:35 23.90 23.70 23.70 23.60 23.20 23.40 23.20 23.50 23.60 23.70 23.90 24.00 23.90 23.90 24.00 24.00 * 23.50 24.60 25.00 24.30 24.60 24.60 25.00 24.50 25.00 24.60 24.70 23.60 23.30 23.20 23.20 23.20 * 1
2018-01-16 16:59:35 24.00 23.80 23.80 23.70 23.30 23.50 23.30 23.60 23.70 23.80 24.00 24.00 23.90 24.00 24.10 24.10 * 23.40 24.50 24.90 24.20 24.60 24.50 24.90 24.40 25.00 24.60 24.70 23.60 23.30 23.20 23.20 23.20 * 1
2018-01-16 16:59:35 24.10 23.80 23.80 23.70 23.30 23.50 23.30 23.60 23.60 23.80 23.90 24.00 24.00 24.00 24.00 24.00 * 23.30 24.50 24.90 24.20 24.60 24.50 24.90 24.30 25.00 24.60 24.70 23.70 23.40 23.30 23.20 23.20 * 1
2018-01-16 16:59:36 24.00 23.70 23.70 23.60 23.20 23.40 23.20 23.50 23.50 23.70 23.80 23.90 23.90 23.90 24.00 23.90 * 23.40 24.60 24.90 24.30 24.70 24.60 25.00 24.40 25.00 24.70 24.70 23.60 23.40 23.40 23.30 23.20 * 1
2018-01-16 16:59:36 24.00 23.70 23.70 23.70 23.20 23.50 23.30 23.60 23.60 23.70 23.80 23.90 23.90 24.00 24.00 23.90 * 23.40 24.60 25.00 24.30 24.70 24.60 25.00 24.40 25.10 24.60 24.70 23.60 23.40 23.30 23.30 23.20 * 1
2018-01-16 16:59:36 24.10 23.80 23.80 23.80 23.30 23.50 23.30 23.60 23.60 23.70 23.80 23.90 23.90 24.00 24.00 24.00 * 23.50 24.60 25.00 24.30 24.70 24.60 25.00 24.40 25.00 24.60 24.70 23.70 23.40 23.30 23.30 23.20 * 1
2018-01-16 16:59:36 24.10 23.80 23.70 23.80 23.30 23.50 23.30 23.60 23.70 23.70 23.90 24.00 23.90 24.00 24.10 24.00 * 23.50 24.60 25.00 24.30 24.70 24.60 25.00 24.50 25.00 24.60 24.60 23.60 23.30 23.20 23.20 23.20 * 1
