2018-01-16 17:47:33 24.00 23.80 23.90 23.60 23.40 23.60 23.60 24.30 24.10 24.60 24.60 25.80 26.00 25.00 24.30 24.20 * 23.40 23.50 23.50 23.50 23.50 23.50 23.50 24.40 23.60 25.20 25.50 23.50 23.20 23.30 23.30 23.10 * 1
2018-01-16 17:47:33 24.00 24.00 24.00 23.80 23.60 23.70 24.20 25.10 24.60 25.10 26.50 27.20 25.10 24.20 24.20 24.20 * 23.40 23.50 23.60 23.50 23.60 23.70 23.60 25.10 23.80 25.40 24.60 23.50 23.30 23.30 23.30 23.00 * 1
2018-01-16 17:47:33 24.10 24.00 24.10 23.80 23.60 23.80 24.30 25.90 24.80 26.50 28.70 26.70 24.20 24.20 24.10 24.10 * 23.40 23.50 23.60 23.50 23.80 24.60 24.10 24.80 24.30 25.20 23.80 23.60 23.40 23.30 23.30 23.10 * 1
2018-01-16 17:47:34 24.00 23.90 24.00 23.80 23.60 24.80 25.30 25.90 25.50 24.70 24.20 24.20 24.10 24.30 24.30 24.20 * 23.50 24.10 24.10 24.20 24.00 25.50 24.80 24.70 25.10 24.60 23.90 23.40 23.30 23.30 23.20 23.10 * 1
2018-01-16 17:47:34 24.00 23.90 23.90 23.80 23.50 23.70 23.60 23.80 24.00 23.90 24.10 24.10 24.10 24.30 24.20 24.10 * 23.60 24.90 25.30 25.80 25.90 26.10 25.70 24.70 25.50 24.70 24.70 23.50 23.30 23.30 23.30 23.10 * 1
2018-01-16 17:47:34 24.00 23.90 23.80 23.80 23.50 23.70 23.60 23.70 23.90 23.90 24.10 24.20 24.10 24.20 24.20 24.10 * 23.70 25.00 25.80 26.20 26.70 26.30 25.90 25.00 25.70 25.00 25.20 23.60 23.30 23.30 23.30 23.10 * 1
2018-01-16 17:47:34 24.00 23.90 23.80 23.80 23.50 23.60 23.60 23.70 23.90 24.00 24.10 24.20 24.10 24.20 24.30 24.10 * 23.70 25.00 25.70 26.40 26.80 26.30 25.90 25.00 25.70 24.80 25.00 23.50 23.30 23.30 23.20 23.00 * 1
2018-01-16 17:47:35 24.00 23.80 23.80 23.70 23.40 23.60 23.60 23.60 23.80 24.00 24.00 24.10 24.10 24.20 24.20 24.10 * 23.60 24.90 25.20 26.00 26.60 26.20 25.80 24.90 25.60 24.70 24.80 23.40 23.20 23.20 23.20 22.90 * 1
2018-01-16 17:47:35 24.00 23.80 23.80 23.70 23.40 23.70 23.60 23.60 24.00 24.10 24.10 24.10 24.10 24.20 24.30 24.20 * 23.60 24.90 25.00 24.90 25.90 26.30 25.70 25.00 25.20 25.00 25.00 23.50 23.40 23.30 23.20 23.10 * 1
2018-01-16 17:47:35 23.80 23.80 23.80 23.60 23.30 23.50 23.40 23.60 23.80 23.90 24.00 24.10 24.00 24.10 24.10 24.10 * 23.60 25.00 25.40 23.90 24.30 26.40 25.00 24.90 25.00 25.00 25.00 23.50 23.40 23.30 23.30 23.10 * 1
2018-01-16 17:47:35 23.90 23.80 23.80 23.70 23.30 23.60 23.50 23.60 23.80 23.90 24.00 24.00 24.00 24.10 24.10 24.10 * 23.60 25.00 25.40 23.90 24.20 26.50 25.00 24.70 25.00 24.80 24.70 23.50 23.40 23.30 23.30 23.10 * 1
2018-01-16 17:47:36 23.90 23.80 23.80 23.70 23.40 23.60 23.50 23.60 23.90 23.90 24.10 24.10 24.10 24.10 24.20 24.20 * 23.60 25.00 25.40 23.80 24.20 26.50 25.00 24.50 25.00 24.60 24.70 23.50 23.40 23.30 23.30 23.10 * 1
2018-01-16 17:47:36 23.90 23.80 23.80 23.70 23.50 23.70 23.50 23.70 23.80 23.90 24.10 24.00 23.90 24.10 24.10 24.00 * 23.60 25.00 25.50 23.80 24.20 26.40 25.00 24.40 25.00 24.50 24.70 23.50 23.40 23.30 23.30 23.10 * 1
2018-01-16 17:47:36 23.80 23.80 23.80 23.60 23.40 23.50 23.40 23.60 23.90 24.00 24.10 24.10 24.10 24.20 24.20 24.10 * 23.60 24.90 25.70 23.80 24.20 26.40 25.00 24.20 25.20 24.50 24.60 23.60 23.50 23.40 23.40 23.30 * 1
2018-01-16 17:47:37 24.00 23.90 23.80 23.80 23.50 23.60 23.50 23.60 23.80 23.90 24.10 24.10 24.00 24.10 24.20 24.10 * 23.60 25.00 25.90 23.80 24.10 26.30 24.90 24.10 25.00 24.30 24.40 23.70 23.50 23.50 23.40 23.30 * 1
2018-01-16 17:47:37 24.00 23.80 23.80 23.80 23.40 23.60 23.50 23.60 23.80 23.90 24.00 24.00 24.00 24.10 24.20 24.00 * 23.50 24.90 25.80 23.70 24.20 26.20 24.60 23.90 24.70 24.00 23.90 23.50 23.40 23.40 23.30 23.20 * 1
2018-01-16 17:47:37 23.90 23.80 23.80 23.70 23.40 23.60 23.50 23.60 23.80 23.80 24.00 24.00 24.10 24.10 24.20 24.10 * 23.40 24.80 25.80 23.70 24.70 26.20 24.50 23.80 24.60 24.10 23.80 23.50 23.40 23.30 23.30 23.20 * 1
2018-01-16 17:47:37 23.90 23.80 23.80 23.70 23.40 23.60 23.40 23.60 23.80 23.80 24.00 24.10 24.10 24.10 24.20 24.20 * 23.40 24.80 25.80 23.70 25.10 26.10 24.50 23.70 24.90 24.20 23.80 23.50 23.50 23.30 23.30 23.20 * 1
2018-01-16 17:47:38 24.00 23.90 23.90 23.80 23.50 23.70 23.60 23.70 23.70 23.80 23.90 24.00 23.90 24.00 24.00 24.00 * 23.50 24.90 25.80 23.70 25.20 26.30 24.70 24.00 24.90 24.30 23.70 23.60 23.50 23.30 23.30 23.20 * 1
2018-01-16 17:47:38 23.90 23.80 23.80 23.60 23.40 23.70 23.50 23.70 23.60 23.70 23.80 23.90 23.80 23.90 24.00 23.90 * 23.50 24.90 25.80 23.70 25.10 26.30 24.80 24.20 24.90 24.40 23.80 23.50 23.40 23.20 23.30 23.10 * 1
2018-01-16 17:47:38 23.90 23.80 23.80 23.70 23.40 23.60 23.50 23.60 23.80 23.80 24.00 24.00 24.00 24.00 24.10 24.00 * 23.50 24.90 25.80 23.70 25.10 26.30 24.90 24.30 25.00 24.60 23.80 23.50 23.40 23.30 23.30 23.10 * 1
2018-01-16 17:47:38 23.90 23.80 23.80 23.70 23.40 23.60 23.50 23.60 23.80 23.90 24.00 24.00 24.00 24.00 24.10 24.00 * 23.40 24.80 25.80 23.70 25.10 26.20 24.90 24.30 25.00 24.70 23.80 23.50 23.30 23.30 23.30 23.20 * 1
2018-01-16 17:47:39 24.00 24.00 24.00 23.80 23.40 23.60 23.60 23.70 23.80 23.90 24.00 24.00 24.10 24.10 24.20 24.10 * 23.60 25.00 26.00 23.80 25.30 26.40 25.00 24.60 25.00 24.60 23.70 23.50 23.30 23.30 23.30 23.10 * 1
2018-01-16 17:47:39 23.90 23.80 23.80 23.70 23.40 23.60 23.50 23.60 23.70 23.80 23.90 23.90 23.90 24.10 24.10 24.00 * 23.50 24.90 25.80 23.70 25.10 26.30 24.80 24.40 25.00 24.60 23.70 23.40 23.30 23.30 23.30 23.20 * 1
2018-01-16 17:47:39 23.80 23.70 23.80 23.60 23.40 23.60 23.40 23.60 23.80 23.80 24.00 24.00 24.00 24.10 24.10 24.10 * 23.50 24.90 25.80 23.70 25.20 26.30 24.80 24.40 25.10 24.60 23.70 23.50 23.30 23.30 23.30 23.20 * 1
2018-01-16 17:47:39 23.80 23.60 23.70 23.60 23.40 23.50 23.40 23.50 23.80 23.80 24.00 24.00 24.00 24.10 24.10 24.10 * 23.50 24.90 25.90 23.70 25.30 26.30 24.90 24.50 25.10 24.60 23.80 23.60 23.40 23.30 23.40 23.20 * 1
2018-01-16 17:47:40 23.90 23.70 23.70 23.60 23.40 23.50 23.40 23.50 23.80 23.90 23.90 23.90 23.90 24.00 24.10 24.00 * 23.60 24.90 25.90 23.80 25.30 26.40 25.00 24.50 25.00 24.60 23.70 23.50 23.40 23.30 23.30 23.20 * 1
2018-01-16 17:47:40 24.00 23.90 23.90 23.90 23.50 23.70 23.50 23.70 23.70 23.80 23.80 23.90 23.80 24.00 24.00 23.90 * 23.60 25.00 25.90 23.70 25.30 26.30 24.90 24.50 25.10 24.60 23.80 23.60 23.40 23.30 23.40 23.20 * 1
2018-01-16 17:47:40 24.00 23.80 23.80 23.70 23.40 23.60 23.50 23.70 23.70 23.70 23.80 23.90 23.90 24.10 24.00 23.90 * 23.50 24.90 25.80 23.70 25.30 26.30 24.90 24.40 25.10 24.60 23.80 23.50 23.40 23.30 23.40 23.30 * 1
2018-01-16 17:47:41 23.90 23.70 23.70 23.60 23.40 23.60 23.40 23.60 23.80 23.80 23.90 24.00 24.00 24.00 24.10 24.00 * 23.50 24.90 25.90 23.70 25.30 26.30 24.90 24.30 25.00 24.50 23.80 23.50 23.30 23.30 23.30 23.20 * 1
2018-01-16 17:47:41 24.00 23.90 23.80 23.80 23.50 23.70 23.50 23.60 23.80 23.80 23.80 23.90 23.90 24.10 24.10 23.90 * 23.60 24.90 25.90 23.70 25.40 26.30 24.90 24.20 24.90 24.30 23.70 23.50 23.30 23.30 23.20 23.10 * 1
2018-01-16 17:47:41 23.90 23.80 23.80 23.70 23.40 23.60 23.50 23.60 23.60 23.80 23.80 23.80 23.90 24.00 24.00 23.90 * 23.60 25.00 25.90 23.70 25.40 26.30 24.90 24.20 24.90 24.20 23.70 23.50 23.30 23.30 23.20 23.20 * 1
2018-01-16 17:47:41 23.80 23.70 23.70 23.70 23.40 23.60 23.40 23.50 23.60 23.80 23.90 23.90 23.90 24.00 24.00 23.90 * 23.60 25.00 25.90 23.70 25.40 26.30 24.90 24.20 24.90 24.20 23.70 23.50 23.30 23.20 23.30 23.20 * 1
2018-01-16 17:47:42 23.80 23.70 23.70 23.70 23.40 23.60 23.40 23.40 23.70 23.80 24.00 24.00 24.00 24.10 24.10 24.00 * 23.60 24.90 25.90 23.80 25.30 26.30 24.90 24.20 25.00 24.30 23.80 23.50 23.40 23.20 23.40 23.20 * 1
2018-01-16 17:47:42 23.90 23.80 23.80 23.80 23.40 23.60 23.50 23.60 23.80 23.80 24.00 24.00 24.00 24.00 24.10 24.10 * 23.70 25.00 25.90 23.80 25.30 26.30 25.00 24.40 25.00 24.30 23.80 23.50 23.20 23.20 23.20 23.00 * 1
2018-01-16 17:47:42 23.80 23.80 23.80 23.70 23.40 23.60 23.40 23.60 23.80 23.80 24.00 24.00 24.00 24.10 24.20 24.10 * 23.60 25.00 25.90 23.70 25.30 26.40 25.00 24.40 25.10 24.50 23.80 23.50 23.30 23.30 23.30 23.10 * 1
2018-01-16 17:47:42 23.90 23.80 23.90 23.70 23.50 23.60 23.50 23.60 23.80 23.80 24.00 24.10 24.00 24.20 24.20 24.10 * 23.50 24.90 25.90 23.70 25.30 26.30 25.00 24.40 25.10 24.50 23.80 23.50 23.30 23.30 23.30 23.20 * 1
2018-01-16 17:47:43 23.90 23.80 23.90 23.70 23.40 23.60 23.50 23.60 23.70 23.70 23.90 24.00 23.90 24.00 24.00 23.90 * 23.60 24.90 25.90 23.70 25.30 26.30 25.00 24.50 25.10 24.50 23.90 23.60 23.40 23.30 23.40 23.30 * 1
2018-01-16 17:47:43 23.80 23.90 23.80 23.70 23.40 23.60 23.50 23.70 23.80 23.80 24.00 24.00 23.90 24.00 24.10 23.90 * 23.60 25.00 25.90 23.70 25.30 26.30 25.00 24.50 25.10 24.50 23.80 23.50 23.40 23.30 23.30 23.20 * 1
2018-01-16 17:47:43 23.90 23.80 23.80 23.70 23.40 23.60 23.50 23.60 23.70 23.80 24.00 24.00 23.90 24.00 24.00 23.90 * 23.60 25.00 25.90 23.70 25.30 26.30 24.90 24.50 25.10 24.50 23.90 23.60 23.40 23.30 23.30 23.20 * 1
2018-01-16 17:47:43 23.80 23.70 23.70 23.50 23.30 23.50 23.40 23.50 23.80 23.90 24.00 24.10 24.00 24.10 24.10 24.00 * 23.50 24.90 25.90 23.60 25.30 26.30 24.90 24.40 25.10 24.50 23.80 23.60 23.40 23.30 23.30 23.20 * 1
2018-01-16 17:47:44 23.80 23.70 23.70 23.60 23.30 23.50 23.40 23.50 23.70 23.80 23.90 24.00 23.90 24.10 24.00 23.90 * 23.50 24.90 25.90 23.70 25.30 26.30 24.90 24.50 25.20 24.60 23.80 23.60 23.40 23.40 23.40 23.30 * 1
2018-01-16 17:47:44 23.90 23.80 23.80 23.70 23.40 23.60 23.50 23.60 23.70 23.80 24.00 24.00 24.00 24.00 24.00 23.90 * 23.50 25.00 25.90 23.70 25.30 26.30 25.00 24.50 25.20 24.60 23.90 23.50 23.30 23.30 23.30 23.20 * 1
2018-01-16 17:47:44 23.90 23.70 23.80 23.70 23.40 23.60 23.50 23.60 23.70 23.70 23.90 23.90 23.90 24.00 24.00 23.90 * 23.50 24.90 25.70 23.60 24.20 26.10 25.20 24.50 25.50 24.70 24.10 23.60 23.40 23.40 23.40 23.20 * 1
2018-01-16 17:47:45 23.90 23.80 23.80 23.70 23.40 23.60 23.50 23.60 23.70 23.70 23.80 23.90 23.80 24.00 23.90 23.90 * 23.40 24.80 25.70 23.60 24.10 26.00 25.50 24.80 25.70 24.90 24.30 23.60 23.40 23.40 23.30 23.20 * 1
2018-01-16 17:47:45 23.90 23.80 23.80 23.70 23.40 23.60 23.50 23.60 23.60 23.70 23.80 23.90 23.80 23.90 23.90 23.90 * 23.50 24.90 25.70 23.70 24.30 26.00 25.60 25.00 25.80 25.00 24.30 23.60 23.40 23.40 23.40 23.20 * 1
2018-01-16 17:47:45 24.00 23.80 23.90 23.70 23.50 23.70 23.50 23.60 23.80 23.80 24.00 24.00 23.90 24.10 24.20 24.10 * 23.60 24.90 25.80 23.80 25.00 26.00 25.60 25.00 25.50 24.70 24.00 23.50 23.40 23.40 23.40 23.20 * 1
2018-01-16 17:47:45 23.80 23.70 23.70 23.60 23.30 23.60 23.40 23.50 23.70 23.80 23.90 23.90 23.80 24.00 24.10 24.00 * 23.60 25.00 25.80 24.10 25.90 26.20 25.20 24.60 25.30 24.40 23.90 23.60 23.40 23.40 23.30 23.20 * 1
2018-01-16 17:47:46 23.80 23.80 23.80 23.80 23.50 23.60 23.40 23.50 23.70 23.80 23.90 23.90 23.80 24.00 24.00 24.00 * 23.50 24.50 25.20 24.00 25.90 26.20 25.00 24.40 25.00 24.30 23.80 23.50 23.30 23.30 23.30 23.10 * 1
2018-01-16 17:47:46 23.90 23.80 23.90 24.20 26.00 24.00 23.50 23.60 23.80 23.80 24.00 23.90 24.00 24.10 24.10 24.00 * 23.50 23.90 24.50 24.00 26.00 26.10 24.90 24.40 25.00 24.50 23.80 23.60 23.40 23.40 23.40 23.20 * 1
2018-01-16 17:47:46 24.00 23.80 24.00 24.20 28.00 25.90 23.90 23.80 26.30 24.90 24.50 24.00 24.00 24.10 24.10 24.10 * 23.50 23.80 24.10 24.10 26.10 25.80 25.00 24.50 25.00 24.70 23.90 23.60 23.40 23.40 23.40 23.20 * 1
2018-01-16 17:47:46 24.00 23.90 24.00 23.80 26.20 28.00 25.50 24.60 27.50 26.50 25.30 24.00 23.90 24.10 24.00 24.00 * 23.50 23.80 24.40 24.10 26.20 25.70 25.30 24.70 25.20 24.50 23.90 23.50 23.30 23.30 23.20 23.10 * 1
2018-01-16 17:47:47 23.80 23.70 23.80 23.60 24.90 28.70 26.90 25.70 27.40 26.30 24.90 24.00 23.80 24.00 24.00 24.00 * 23.50 23.70 24.60 24.10 26.10 25.60 25.40 24.70 25.30 24.70 23.90 23.50 23.30 23.30 23.30 23.10 * 1
2018-01-16 17:47:47 23.90 23.80 23.80 23.70 26.10 28.60 26.70 24.70 27.40 25.10 24.10 24.00 23.90 24.00 24.10 24.00 * 23.50 23.70 24.60 24.10 26.10 25.60 25.50 24.70 25.40 24.70 24.00 23.60 23.40 23.40 23.40 23.30 * 1
2018-01-16 17:47:47 23.90 23.80 23.90 23.80 27.80 28.10 26.80 24.30 27.50 24.30 24.10 24.10 24.00 24.20 24.20 24.10 * 23.50 23.70 24.60 24.20 26.10 25.60 25.40 24.70 25.20 24.60 24.00 23.50 23.40 23.30 23.30 23.30 * 1
2018-01-16 17:47:47 23.90 23.80 23.90 23.80 29.30 27.30 26.30 24.00 25.40 23.80 23.90 23.90 23.90 24.00 24.10 24.00 * 23.40 23.60 24.60 24.20 26.10 25.60 25.00 24.60 24.80 24.60 23.80 23.40 23.30 23.20 23.20 23.10 * 1
2018-01-16 17:47:48 23.90 23.70 23.90 24.10 28.00 25.20 23.80 23.60 24.20 23.80 23.90 23.90 23.90 24.00 24.00 24.00 * 23.60 24.00 25.40 24.40 26.20 25.80 24.90 24.70 24.60 24.60 23.80 23.50 23.20 23.20 23.20 23.00 * 1
2018-01-16 17:47:48 24.00 23.80 23.90 24.20 25.20 24.20 23.60 23.70 23.90 23.90 24.00 24.00 24.00 24.10 24.10 24.00 * 23.70 24.10 25.70 24.50 26.20 25.80 25.20 24.60 25.00 24.50 23.80 23.50 23.30 23.20 23.30 23.10 * 1
2018-01-16 17:47:48 24.00 23.90 23.90 24.30 24.20 24.10 23.70 23.70 24.00 23.90 24.10 24.00 24.00 24.10 24.10 24.10 * 23.70 24.10 25.10 24.40 26.20 25.60 25.60 24.50 25.40 24.50 23.70 23.60 23.30 23.30 23.30 23.20 * 1
2018-01-16 17:47:49 23.90 23.80 23.90 24.30 24.40 24.20 23.70 23.70 23.80 23.70 23.80 23.90 23.80 23.90 24.00 23.90 * 23.50 23.90 24.70 24.20 26.10 25.50 25.50 24.30 25.30 24.40 23.60 23.50 23.30 23.30 23.20 23.10 * 1
2018-01-16 17:47:49 24.00 23.90 23.90 24.10 24.50 24.10 23.60 23.70 23.70 23.70 23.80 23.90 23.80 23.90 24.00 23.90 * 23.50 24.20 24.60 24.20 26.10 25.50 25.30 24.30 24.90 24.60 23.60 23.50 23.30 23.20 23.20 23.10 * 1
