2018-01-16 16:16:47 23.90 23.70 23.30 23.30 23.60 26.10 25.30 25.60 25.70 26.20 26.90 26.90 26.00 24.10 24.10 23.90 * 23.30 23.60 23.70 23.70 23.60 23.60 23.30 23.60 23.30 23.80 24.70 25.80 25.70 24.20 23.50 23.20 * 0
2018-01-16 16:16:47 23.90 23.70 23.30 23.40 24.00 25.40 25.30 26.10 26.00 26.60 26.90 25.80 24.10 24.10 24.10 23.90 * 23.30 23.60 23.70 23.70 23.60 23.60 23.70 24.10 23.80 24.40 24.70 25.80 25.30 23.40 23.30 23.20 * 0
2018-01-16 16:16:48 23.90 23.80 23.40 23.50 24.40 25.00 25.70 26.30 26.50 26.60 25.90 24.40 24.00 24.00 24.10 23.80 * 23.30 23.50 23.60 23.60 23.50 23.60 24.50 23.90 24.50 24.00 23.80 26.00 25.00 23.50 23.30 23.20 * 0
2018-01-16 16:16:48 23.80 23.80 23.50 24.30 24.70 25.60 26.10 26.10 26.60 25.50 24.40 24.10 24.00 24.00 24.00 23.80 * 23.20 23.50 23.60 23.60 23.50 23.70 24.90 23.40 24.70 23.40 23.80 25.60 24.10 23.40 23.20 23.20 * 0
2018-01-16 16:16:48 23.70 23.90 25.70 25.00 25.80 26.50 26.20 24.00 26.40 24.20 24.10 24.10 24.00 24.00 24.00 23.90 * 23.20 23.50 23.60 23.60 23.50 23.80 24.80 23.40 24.70 23.40 23.70 24.40 23.50 23.30 23.20 23.10 * 0
2018-01-16 16:16:48 23.70 24.20 26.00 25.10 26.00 26.60 25.80 23.80 26.20 24.00 24.20 24.10 24.10 24.10 24.10 23.90 * 23.30 23.50 23.70 23.60 23.50 23.80 24.70 23.40 24.70 23.40 23.60 24.40 23.50 23.30 23.20 23.20 * 0
2018-01-16 16:16:49 23.80 24.40 26.00 25.00 26.10 26.70 25.50 23.80 25.70 24.00 24.20 24.20 24.10 24.10 24.20 24.00 * 23.20 23.50 23.60 23.60 23.50 23.80 24.80 23.40 24.70 23.30 23.50 24.30 23.40 23.30 23.20 23.20 * 0
2018-01-16 16:16:49 23.80 24.30 26.10 25.00 26.20 26.80 25.20 23.80 25.50 23.90 24.10 24.10 24.00 24.10 24.10 23.90 * 23.20 23.50 23.60 23.60 23.50 23.80 24.80 23.40 24.70 23.30 23.60 24.10 23.40 23.30 23.20 23.10 * 0
2018-01-16 16:16:49 23.80 24.20 26.20 25.00 26.20 26.80 25.10 23.70 25.60 23.90 24.10 24.10 24.00 24.10 24.10 23.90 * 23.20 23.50 23.60 23.60 23.50 23.80 24.90 23.40 24.60 23.30 23.70 24.00 23.40 23.20 23.10 23.00 * 0
2018-01-16 16:16:49 23.90 24.10 26.20 25.00 25.40 26.60 26.00 24.00 26.10 24.00 24.10 24.10 24.00 24.10 24.10 23.90 * 23.30 23.50 23.70 23.60 23.50 23.80 24.80 23.40 24.80 23.50 23.80 24.60 23.50 23.40 23.30 23.20 * 0
2018-01-16 16:16:50 23.80 24.00 25.40 25.20 24.80 26.50 26.60 24.60 26.70 24.40 24.20 24.20 24.00 24.10 24.10 24.00 * 23.30 23.60 23.70 23.60 23.50 23.70 24.50 23.40 24.50 23.60 24.10 25.00 23.60 23.40 23.30 23.20 * 0
2018-01-16 16:16:50 23.80 23.90 24.50 25.00 24.10 25.70 26.40 25.80 26.50 26.60 25.30 24.20 24.00 24.00 24.00 23.80 * 23.20 23.50 23.60 23.60 23.50 23.50 23.70 23.20 23.70 23.50 24.20 25.20 23.50 23.30 23.20 23.20 * 0
2018-01-16 16:16:50 23.80 23.80 24.40 24.60 23.50 24.20 25.70 26.20 25.50 26.00 26.20 25.00 24.10 24.00 24.10 23.80 * 23.20 23.40 23.60 23.60 23.50 23.40 23.30 23.20 23.30 23.40 24.10 25.30 23.70 23.80 23.60 23.20 * 0
2018-01-16 16:16:50 23.70 23.80 24.40 24.50 23.40 23.50 24.50 25.20 24.40 24.70 25.80 26.00 24.90 24.40 24.30 23.80 * 23.20 23.40 23.60 23.60 23.50 23.50 23.30 23.20 23.30 23.30 23.50 23.70 23.60 23.90 24.90 23.60 * 0
2018-01-16 16:16:51 23.70 23.70 24.40 24.50 23.30 23.40 23.40 23.50 24.00 24.00 24.70 25.40 25.90 25.70 24.70 23.90 * 23.30 23.50 23.70 23.70 23.50 23.60 23.40 23.30 23.20 23.40 23.40 23.60 23.50 23.70 24.90 23.60 * 0
2018-01-16 16:16:51 23.60 23.70 24.40 24.50 23.30 23.40 23.40 23.50 23.90 23.90 24.10 24.10 24.30 25.60 26.40 24.80 * 23.20 23.50 23.60 23.70 23.50 23.50 23.30 23.20 23.10 23.30 23.40 23.50 23.40 23.40 24.20 23.40 * 0
2018-01-16 16:16:51 23.60 23.80 24.40 24.50 23.30 23.40 23.40 23.50 24.00 23.90 24.10 24.10 24.10 24.30 25.90 25.50 * 23.20 23.50 23.60 23.70 23.50 23.50 23.30 23.20 23.20 23.30 23.40 23.50 23.40 23.30 23.40 23.30 * 0
2018-01-16 16:16:52 23.70 23.70 24.40 24.60 23.40 23.50 23.40 23.50 24.00 23.90 24.10 24.00 24.00 24.00 24.80 25.80 * 23.20 23.50 23.60 23.70 23.60 23.40 23.30 23.20 23.40 23.40 23.50 23.60 23.50 23.40 23.40 23.30 * 0
2018-01-16 16:16:52 23.70 23.70 24.40 24.60 23.40 23.50 23.40 23.50 24.00 23.90 24.10 24.10 24.00 24.00 24.60 26.10 * 23.20 23.50 23.60 23.60 23.60 23.60 23.40 23.20 23.40 23.50 23.60 23.60 23.60 23.50 23.40 23.30 * 0
2018-01-16 16:16:52 23.60 23.70 24.30 24.50 23.30 23.40 23.30 23.40 23.80 23.90 24.00 24.00 23.90 24.00 24.30 25.90 * 23.10 23.50 23.60 23.60 23.50 23.50 23.30 23.10 23.30 23.40 23.60 23.60 23.50 23.40 23.30 23.20 * 0
2018-01-16 16:16:52 23.60 23.70 24.30 24.50 23.40 23.40 23.40 23.50 23.80 23.90 24.00 24.10 23.90 24.00 24.00 25.90 * 23.30 23.60 23.60 23.60 23.60 23.50 23.30 23.20 23.30 23.40 23.50 23.60 23.40 23.40 23.30 23.10 * 0
2018-01-16 16:16:53 23.70 23.80 24.40 24.60 23.40 23.50 23.50 23.50 23.80 23.80 24.00 24.10 23.90 24.00 24.00 25.80 * 23.30 23.50 23.60 23.60 23.50 23.50 23.30 23.10 23.40 23.40 23.50 23.60 23.40 23.40 23.30 23.20 * 0
2018-01-16 16:16:53 23.70 23.80 24.40 24.60 23.40 23.50 23.40 23.60 23.80 23.80 24.00 24.00 23.90 24.00 24.00 25.70 * 23.20 23.50 23.60 23.60 23.50 23.50 23.40 23.10 23.40 23.50 23.60 23.70 23.60 23.50 23.50 23.30 * 0
2018-01-16 16:16:53 23.70 23.70 24.30 24.50 23.30 23.50 23.30 23.60 23.90 23.90 24.10 24.10 24.00 24.00 24.10 25.60 * 23.20 23.50 23.60 23.70 23.50 23.50 23.40 23.20 23.30 23.40 23.50 23.60 23.50 23.40 23.40 23.30 * 0
2018-01-16 16:16:53 23.70 23.70 24.30 24.50 23.30 23.50 23.30 23.50 24.00 23.90 24.10 24.10 24.10 24.10 24.10 25.70 * 23.10 23.50 23.60 23.70 23.50 23.40 23.30 23.10 23.30 23.40 23.50 23.60 23.50 23.40 23.40 23.30 * 0
2018-01-16 16:16:54 23.70 23.80 24.30 24.50 23.40 23.50 23.40 23.60 24.00 23.90 24.10 24.10 24.10 24.10 24.40 26.70 * 23.20 23.50 23.60 23.70 23.50 23.40 23.30 23.10 23.30 23.40 23.50 23.50 23.40 23.40 23.30 23.30 * 0
2018-01-16 16:16:54 23.70 23.70 24.40 24.50 23.40 23.50 23.50 23.50 24.00 23.90 24.20 24.20 24.10 24.30 25.40 27.00 * 23.10 23.50 23.60 23.60 23.50 23.40 23.30 23.10 23.30 23.30 23.40 23.50 23.40 23.40 23.30 23.70 * 0
2018-01-16 16:16:54 23.70 23.80 24.40 24.50 23.40 23.50 23.50 23.50 23.90 23.90 24.10 24.20 24.30 25.80 26.40 25.50 * 23.10 23.40 23.50 23.60 23.40 23.30 23.20 23.00 23.30 23.30 23.40 23.50 23.40 23.40 23.40 24.30 * 0
2018-01-16 16:16:54 23.70 23.80 24.40 24.60 23.40 23.50 23.40 23.60 23.80 23.90 24.10 24.10 25.20 26.40 25.90 24.40 * 23.20 23.40 23.60 23.60 23.50 23.40 23.30 23.10 23.20 23.30 23.40 23.50 23.70 23.70 23.80 24.30 * 0
2018-01-16 16:16:55 23.60 23.80 24.40 24.50 23.40 23.50 23.40 23.60 23.80 23.90 24.20 25.50 26.00 25.90 24.50 24.00 * 23.20 23.40 23.60 23.60 23.50 23.40 23.40 23.20 23.20 23.30 23.40 23.80 24.70 23.80 24.00 24.10 * 0
2018-01-16 16:16:55 23.60 23.80 24.30 24.50 23.40 23.50 23.80 24.20 24.00 24.50 25.20 27.60 25.40 24.50 24.10 23.90 * 23.20 23.40 23.60 23.60 23.50 23.40 23.30 23.20 23.70 24.20 23.80 24.40 25.30 23.60 23.30 23.20 * 0
2018-01-16 16:16:55 23.60 23.70 24.30 24.50 23.40 24.10 24.40 25.40 24.60 25.40 26.40 26.70 24.30 24.10 24.10 23.80 * 23.30 23.50 23.60 23.60 23.60 23.50 24.00 24.40 24.10 24.80 23.60 24.00 24.30 23.50 23.30 23.20 * 0
2018-01-16 16:16:56 23.60 23.70 24.30 24.50 24.30 25.90 25.70 25.30 26.20 24.80 24.10 24.10 24.00 24.00 24.10 23.80 * 23.30 23.50 23.60 23.60 23.60 23.90 24.30 24.40 24.20 24.80 23.50 23.60 23.40 23.40 23.20 23.20 * 0
2018-01-16 16:16:56 23.60 23.70 24.40 25.10 25.50 27.20 26.00 24.10 25.70 24.00 24.10 24.10 24.00 24.00 24.10 23.90 * 23.40 23.60 23.60 23.70 23.80 24.40 24.30 24.30 24.20 24.60 23.50 23.50 23.40 23.40 23.30 23.20 * 0
2018-01-16 16:16:56 23.80 24.00 25.20 25.80 26.20 26.80 25.80 24.00 25.70 24.10 24.10 24.00 24.10 24.00 24.10 24.00 * 23.40 23.60 23.60 23.70 23.90 24.40 24.30 24.00 24.10 24.20 23.50 23.60 23.40 23.30 23.30 23.20 * 0
2018-01-16 16:16:56 23.80 23.80 25.00 27.60 26.10 24.80 25.90 24.00 25.70 24.00 24.10 24.00 24.00 24.00 24.00 23.90 * 23.30 23.50 23.60 23.70 23.80 24.40 24.40 23.80 24.20 24.00 23.60 23.60 23.50 23.40 23.30 23.20 * 0
2018-01-16 16:16:57 23.90 23.90 24.80 28.30 26.80 25.20 25.70 23.90 26.00 23.90 24.00 24.00 23.90 24.00 24.00 23.80 * 23.20 23.50 23.70 23.70 23.70 24.30 24.50 23.80 24.30 24.10 23.60 23.70 23.60 23.50 23.40 23.30 * 0
2018-01-16 16:16:57 23.90 24.00 25.10 28.20 27.40 26.30 24.40 23.70 24.10 23.90 24.00 24.00 24.00 24.00 24.10 23.80 * 23.30 23.50 23.70 23.70 23.70 24.20 24.50 23.80 24.40 24.10 23.70 23.70 23.60 23.50 23.50 23.40 * 0
2018-01-16 16:16:57 23.90 24.00 25.90 27.80 27.40 25.80 23.70 23.60 23.90 23.80 24.00 24.10 24.00 24.00 24.10 23.80 * 23.30 23.50 23.60 23.60 23.60 24.40 24.70 23.60 24.60 23.90 23.70 23.70 23.60 23.60 23.40 23.50 * 0
2018-01-16 16:16:57 23.70 24.00 27.00 27.50 27.50 24.40 23.50 23.50 23.90 23.80 24.10 24.10 24.00 24.00 24.10 23.80 * 23.30 23.50 23.70 23.70 23.60 24.70 24.80 23.60 24.60 23.50 23.50 23.50 23.50 23.40 23.20 23.20 * 0
2018-01-16 16:16:58 23.70 24.20 27.90 28.00 26.50 23.60 23.40 23.50 23.80 23.80 24.10 24.00 24.00 24.00 24.00 23.80 * 23.30 23.60 23.70 23.70 23.70 24.80 24.80 23.50 24.70 23.60 23.60 23.60 23.60 23.50 23.30 23.30 * 0
2018-01-16 16:16:58 23.80 24.40 27.90 28.20 26.40 23.50 23.30 23.50 24.00 23.90 24.10 24.20 24.00 24.10 24.10 23.90 * 23.40 23.70 23.80 23.80 23.70 25.00 25.00 23.60 24.90 23.60 23.60 23.70 23.60 23.50 23.40 23.30 * 0
2018-01-16 16:16:58 23.90 24.60 28.00 28.00 26.40 23.60 23.50 23.60 24.00 23.90 24.20 24.10 24.00 24.10 24.10 23.90 * 23.40 23.70 23.80 23.80 23.70 25.00 25.00 23.60 24.90 23.60 23.60 23.70 23.60 23.40 23.40 23.30 * 0
2018-01-16 16:16:58 23.80 24.60 28.00 27.90 26.20 23.60 23.40 23.40 24.00 23.90 24.10 24.10 24.00 24.00 24.10 23.80 * 23.20 23.50 23.70 23.70 23.70 24.90 24.90 23.50 24.80 23.50 23.60 23.60 23.60 23.40 23.30 23.30 * 0
2018-01-16 16:16:59 23.80 24.50 28.10 28.00 26.30 23.60 23.40 23.40 24.00 23.90 24.10 24.10 24.00 24.00 24.10 23.80 * 23.10 23.40 23.60 23.60 23.50 24.80 24.70 23.30 24.80 23.40 23.60 23.60 23.50 23.40 23.30 23.20 * 0
2018-01-16 16:16:59 23.80 24.30 28.20 28.10 26.30 23.60 23.40 23.50 24.00 23.90 24.10 24.10 24.10 24.00 24.00 23.90 * 23.20 23.40 23.50 23.60 23.60 24.80 24.80 23.30 24.80 23.50 23.60 23.60 23.50 23.40 23.30 23.20 * 0
2018-01-16 16:16:59 23.80 24.30 28.30 28.10 26.30 23.60 23.50 23.60 23.90 23.90 24.10 24.10 24.00 24.00 24.00 23.80 * 23.20 23.50 23.50 23.60 23.50 24.80 24.80 23.30 24.90 23.50 23.60 23.60 23.50 23.40 23.30 23.20 * 0
2018-01-16 16:17:00 23.80 24.40 28.20 28.00 26.20 23.60 23.50 23.50 23.90 23.80 24.00 24.00 24.00 23.90 24.00 23.80 * 23.10 23.50 23.50 23.60 23.50 24.80 24.70 23.30 24.80 23.40 23.50 23.60 23.50 23.40 23.20 23.20 * 0
2018-01-16 16:17:00 23.70 24.60 27.80 27.90 26.00 23.50 23.40 23.50 23.90 23.90 24.10 24.00 24.00 24.00 24.00 23.80 * 23.20 23.50 23.50 23.60 23.50 24.90 24.80 23.30 24.80 23.50 23.60 23.70 23.60 23.50 23.40 23.30 * 0
2018-01-16 16:17:00 23.80 24.60 27.80 27.90 25.90 23.50 23.40 23.50 23.90 23.90 24.00 24.00 24.00 24.00 24.00 23.80 * 23.40 23.60 23.80 23.80 23.70 25.00 24.90 23.60 25.00 23.70 23.70 23.70 23.60 23.50 23.50 23.40 * 0
2018-01-16 16:17:00 23.80 24.50 27.70 28.10 25.80 23.60 23.40 23.50 24.00 23.90 24.10 24.00 24.00 24.10 24.00 23.80 * 23.50 23.60 23.80 23.80 23.80 25.00 25.00 23.50 25.00 23.70 23.70 23.70 23.70 23.60 23.40 23.40 * 0
2018-01-16 16:17:01 23.70 24.40 27.70 28.40 25.70 23.50 23.40 23.40 23.80 23.80 24.00 24.00 23.90 24.00 23.90 23.70 * 23.40 23.70 23.80 23.80 23.70 25.00 25.00 23.50 25.00 23.60 23.60 23.70 23.60 23.50 23.40 23.30 * 0
2018-01-16 16:17:01 23.70 24.20 27.90 28.40 25.70 23.50 23.40 23.40 23.80 23.80 24.00 24.00 23.90 24.00 23.90 23.80 * 23.30 23.60 23.70 23.80 23.60 25.00 24.90 23.50 25.00 23.50 23.60 23.60 23.60 23.50 23.30 23.30 * 0
2018-01-16 16:17:01 23.80 24.10 27.90 28.30 25.80 23.60 23.50 23.50 23.80 23.90 24.10 24.10 24.00 24.10 24.00 23.80 * 23.30 23.60 23.70 23.70 23.60 25.00 24.80 23.40 24.90 23.50 23.60 23.60 23.60 23.40 23.30 23.20 * 0
2018-01-16 16:17:01 23.90 24.20 28.00 28.50 26.00 23.80 23.60 23.70 23.90 24.00 24.10 24.10 24.10 24.10 24.00 24.00 * 23.30 23.50 23.70 23.60 23.60 24.90 24.90 23.50 24.80 23.40 23.50 23.60 23.50 23.30 23.20 23.10 * 0
2018-01-16 16:17:02 23.90 24.20 28.10 28.50 26.10 23.70 23.60 23.70 23.90 23.90 24.10 24.00 24.00 24.00 24.00 23.80 * 23.20 23.40 23.60 23.60 23.60 24.80 24.90 23.40 24.80 23.40 23.50 23.50 23.40 23.30 23.20 23.10 * 0
2018-01-16 16:17:02 23.80 24.10 28.00 28.50 26.00 23.60 23.50 23.50 23.90 23.80 24.10 24.00 24.00 24.00 24.00 23.80 * 23.20 23.50 23.60 23.70 23.60 24.90 24.90 23.40 24.80 23.40 23.50 23.50 23.50 23.30 23.20 23.20 * 0
2018-01-16 16:17:02 23.80 24.10 27.90 28.40 26.00 23.60 23.50 23.50 24.00 23.80 24.10 24.10 24.00 24.00 24.00 23.90 * 23.30 23.50 23.70 23.70 23.60 24.90 24.90 23.40 24.90 23.50 23.60 23.60 23.60 23.50 23.40 23.30 * 0
2018-01-16 16:17:02 23.80 24.10 28.00 28.50 26.00 23.60 23.50 23.50 24.10 24.00 24.20 24.20 24.10 24.20 24.10 23.90 * 23.20 23.40 23.60 23.60 23.60 25.00 24.90 23.40 24.80 23.40 23.50 23.60 23.50 23.40 23.30 23.30 * 0
2018-01-16 16:17:03 23.70 24.10 28.00 28.50 26.10 23.60 23.50 23.50 24.10 23.90 24.10 24.10 24.10 24.10 24.10 23.90 * 23.20 23.50 23.60 23.60 23.60 25.00 24.80 23.40 24.80 23.40 23.50 23.50 23.40 23.40 23.30 23.30 * 0
2018-01-16 16:17:03 23.80 24.10 28.10 28.60 26.10 23.60 23.40 23.50 24.00 23.90 24.10 24.20 24.10 24.10 24.10 23.90 * 23.20 23.50 23.60 23.70 23.60 25.00 24.90 23.40 24.80 23.40 23.40 23.50 23.40 23.40 23.30 23.30 * 0
2018-01-16 16:17:03 23.70 24.00 28.00 28.60 26.00 23.40 23.30 23.40 23.90 23.90 24.10 24.10 24.10 24.10 24.10 23.90 * 23.30 23.60 23.70 23.70 23.60 25.00 25.00 23.40 24.80 23.40 23.50 23.60 23.50 23.30 23.20 23.20 * 0
2018-01-16 16:17:03 23.80 24.10 28.10 28.70 26.00 23.60 23.50 23.50 24.00 23.90 24.10 24.00 24.10 24.10 24.00 23.80 * 23.50 23.70 23.80 23.80 23.80 25.00 25.00 23.50 24.80 23.40 23.50 23.50 23.40 23.30 23.20 23.20 * 0
2018-01-16 16:17:04 23.80 24.20 28.20 28.80 26.10 23.70 23.60 23.60 23.90 23.90 24.10 24.10 24.00 24.00 24.00 23.80 * 23.40 23.60 23.70 23.70 23.70 24.90 24.90 23.50 24.80 23.40 23.50 23.50 23.40 23.30 23.20 23.20 * 0
2018-01-16 16:17:04 23.80 24.10 28.10 28.70 26.00 23.60 23.50 23.50 23.90 23.80 24.10 24.10 24.00 24.00 23.90 23.80 * 23.50 23.70 23.80 23.80 23.70 25.00 25.00 23.60 24.90 23.50 23.50 23.60 23.40 23.30 23.20 23.20 * 0
2018-01-16 16:17:04 23.80 24.20 28.10 28.70 26.00 23.60 23.50 23.60 24.00 23.90 24.10 24.10 24.00 24.10 24.00 23.80 * 23.30 23.60 23.70 23.70 23.60 25.00 25.00 23.50 25.00 23.60 23.60 23.70 23.60 23.50 23.40 23.30 * 0
2018-01-16 16:17:05 24.00 24.20 28.20 28.80 26.10 23.70 23.60 23.60 23.90 24.00 24.10 24.10 24.10 24.00 24.00 23.80 * 23.20 23.50 23.60 23.70 23.50 25.00 24.90 23.40 24.90 23.50 23.50 23.50 23.50 23.30 23.30 23.20 * 0
2018-01-16 16:17:05 23.90 24.10 28.10 28.80 26.00 23.60 23.60 23.60 23.80 23.90 24.00 24.10 24.00 24.00 24.00 23.70 * 23.20 23.50 23.50 23.50 23.50 24.80 24.80 23.30 24.90 23.50 23.50 23.60 23.50 23.40 23.30 23.20 * 0
2018-01-16 16:17:05 23.90 24.20 28.20 28.90 26.00 23.70 23.60 23.60 23.90 23.80 24.00 24.00 24.00 24.00 24.00 23.80 * 23.20 23.50 23.50 23.60 23.50 24.90 24.80 23.30 24.90 23.40 23.50 23.60 23.50 23.40 23.30 23.30 * 0
2018-01-16 16:17:05 23.90 24.20 28.10 28.90 26.00 23.70 23.50 23.60 23.90 23.80 24.00 24.00 24.00 24.10 24.00 23.70 * 23.40 23.60 23.70 23.70 23.60 25.00 25.00 23.40 25.00 23.50 23.60 23.60 23.50 23.40 23.30 23.30 * 0
2018-01-16 16:17:06 23.90 24.20 28.10 28.90 26.00 23.70 23.50 23.60 23.90 23.80 24.00 24.10 24.00 24.00 24.10 23.80 * 23.40 23.60 23.70 23.80 23.60 25.00 25.00 23.50 24.90 23.50 23.60 23.60 23.50 23.40 23.30 23.30 * 0
2018-01-16 16:17:06 23.80 24.10 28.20 28.90 26.00 23.60 23.50 23.60 24.00 23.80 24.10 24.10 24.00 24.00 24.00 23.90 * 23.30 23.50 23.60 23.60 23.60 25.00 24.90 23.40 24.70 23.30 23.40 23.40 23.40 23.20 23.10 23.10 * 0
2018-01-16 16:17:06 23.90 24.10 28.10 28.90 26.20 23.70 23.50 23.60 23.90 23.90 24.10 24.10 24.00 24.10 24.00 23.90 * 23.40 23.50 23.70 23.70 23.60 24.80 24.90 23.50 24.60 23.30 23.40 23.40 23.40 23.20 23.10 23.10 * 0
2018-01-16 16:17:06 23.90 24.10 27.50 28.70 26.70 23.70 23.50 23.60 24.00 23.90 24.10 24.10 24.10 24.10 24.00 23.90 * 23.30 23.60 23.70 23.70 23.60 24.60 24.70 23.60 24.40 23.60 23.40 23.50 23.40 23.30 23.20 23.20 * 0
2018-01-16 16:17:07 23.70 23.90 26.10 28.50 28.00 25.30 23.50 23.50 24.10 23.90 24.10 24.10 24.00 24.10 24.00 24.00 * 23.20 23.50 23.60 23.60 23.60 24.50 24.90 23.70 24.80 24.00 23.50 23.60 23.50 23.40 23.30 23.20 * 0
2018-01-16 16:17:07 23.70 23.80 25.60 28.30 27.60 26.90 23.70 23.50 24.10 23.90 24.10 24.10 24.00 24.10 24.10 23.90 * 23.30 23.60 23.70 23.70 23.60 24.50 25.10 23.80 24.70 24.00 23.50 23.50 23.50 23.40 23.30 23.20 * 0
2018-01-16 16:17:07 23.80 23.90 25.30 27.60 27.60 27.00 23.90 23.70 24.60 24.00 24.20 24.10 24.00 24.10 24.00 23.90 * 23.30 23.60 23.70 23.70 23.60 24.50 24.60 24.10 24.40 24.40 23.70 23.50 23.50 23.40 23.30 23.20 * 0
2018-01-16 16:17:07 23.90 24.00 25.80 27.60 27.30 26.80 25.00 23.80 25.60 24.20 24.20 24.10 24.00 24.10 24.00 23.90 * 23.30 23.60 23.70 23.70 23.60 24.60 23.90 24.00 23.80 24.30 24.60 24.50 23.70 23.40 23.30 23.30 * 0
2018-01-16 16:17:08 23.80 24.00 26.10 27.80 26.80 26.70 26.10 24.40 26.70 25.50 24.50 24.10 24.10 24.10 24.10 23.90 * 23.30 23.60 23.70 23.80 23.60 24.60 23.60 23.50 23.50 23.70 24.90 25.90 24.20 23.40 23.30 23.30 * 0
2018-01-16 16:17:08 23.70 23.80 25.20 26.50 23.70 24.70 25.50 26.50 26.50 26.80 25.30 24.20 24.10 24.10 24.10 23.90 * 23.30 23.60 23.70 23.80 23.60 24.00 23.60 23.50 23.40 23.50 24.40 26.30 24.50 23.70 23.80 23.80 * 0
2018-01-16 16:17:08 23.70 23.80 25.10 26.40 23.40 23.50 23.70 25.00 24.20 24.70 26.10 26.50 25.50 24.60 24.10 23.90 * 23.50 23.60 23.80 23.90 23.70 23.70 23.50 23.40 23.40 23.40 24.10 26.10 24.70 23.80 24.00 24.80 * 0
2018-01-16 16:17:09 23.70 23.80 25.10 26.30 23.40 23.50 23.40 23.80 24.00 24.00 24.60 25.70 26.80 26.10 24.50 24.00 * 23.50 23.60 23.80 23.90 23.70 23.60 23.50 23.40 23.30 23.40 23.60 24.60 24.20 23.60 23.70 25.00 * 0
2018-01-16 16:17:09 23.70 23.80 25.10 26.30 23.40 23.60 23.50 23.60 23.90 23.90 24.10 24.30 25.70 27.20 25.60 24.20 * 23.30 23.50 23.60 23.70 23.50 23.50 23.40 23.20 23.20 23.30 23.40 23.40 23.40 23.50 23.60 25.00 * 0
2018-01-16 16:17:09 23.80 23.80 25.10 26.20 23.40 23.50 23.50 23.50 23.80 23.90 24.10 24.10 24.30 26.70 26.50 24.40 * 23.20 23.40 23.50 23.60 23.40 23.40 23.30 23.10 23.30 23.30 23.50 23.50 23.40 23.20 23.20 24.20 * 0
2018-01-16 16:17:09 23.80 23.80 25.10 26.20 23.40 23.60 23.40 23.60 23.80 23.90 24.10 24.00 24.00 25.40 26.80 24.60 * 23.20 23.50 23.50 23.60 23.40 23.40 23.40 23.10 23.30 23.30 23.40 23.50 23.40 23.30 23.20 23.70 * 0
2018-01-16 16:17:10 23.70 23.80 25.10 26.20 23.40 23.50 23.40 23.60 23.80 23.80 24.10 24.00 24.00 24.10 26.50 25.20 * 23.20 23.40 23.50 23.60 23.40 23.40 23.40 23.10 23.30 23.30 23.40 23.50 23.50 23.30 23.20 23.70 * 0
2018-01-16 16:17:10 23.80 23.90 25.20 26.30 23.50 23.60 23.50 23.70 23.80 23.80 24.00 24.00 24.00 24.00 25.70 25.70 * 23.20 23.50 23.60 23.70 23.50 23.50 23.40 23.20 23.30 23.30 23.40 23.50 23.40 23.30 23.30 23.50 * 0
2018-01-16 16:17:10 23.80 23.90 25.10 26.20 23.50 23.60 23.50 23.60 23.80 23.80 24.00 24.00 23.90 23.90 24.80 26.00 * 23.30 23.50 23.60 23.70 23.60 23.60 23.40 23.20 23.30 23.30 23.40 23.50 23.50 23.30 23.20 23.20 * 0
2018-01-16 16:17:10 23.80 24.00 25.10 26.20 23.60 23.60 23.60 23.70 23.80 23.80 24.00 24.00 24.00 24.00 24.20 26.10 * 23.40 23.60 23.80 23.70 23.60 23.70 23.50 23.30 23.40 23.40 23.50 23.50 23.50 23.40 23.30 23.20 * 0
2018-01-16 16:17:11 23.80 23.90 25.10 26.10 23.50 23.60 23.50 23.60 23.90 23.80 24.10 24.10 24.00 24.00 24.10 25.80 * 23.50 23.70 23.80 23.80 23.70 23.70 23.60 23.40 23.50 23.50 23.70 23.70 23.60 23.50 23.40 23.30 * 0
2018-01-16 16:17:11 23.70 23.80 25.00 26.10 23.40 23.50 23.40 23.50 23.90 23.80 24.10 24.00 24.00 24.00 24.10 25.50 * 23.40 23.60 23.70 23.70 23.60 23.60 23.50 23.40 23.50 23.50 23.60 23.70 23.60 23.50 23.40 23.30 * 0
2018-01-16 16:17:11 23.60 23.80 25.00 26.00 23.40 23.50 23.30 23.50 23.90 23.80 24.10 24.00 24.00 24.00 24.00 25.40 * 23.30 23.50 23.60 23.70 23.60 23.50 23.40 23.20 23.40 23.40 23.50 23.60 23.60 23.50 23.30 23.20 * 0
2018-01-16 16:17:12 23.70 23.80 24.90 26.00 23.40 23.40 23.30 23.40 23.90 23.90 24.10 24.10 24.00 24.00 24.00 25.40 * 23.20 23.40 23.50 23.60 23.50 23.50 23.30 23.10 23.20 23.30 23.40 23.40 23.40 23.20 23.20 23.00 * 0
2018-01-16 16:17:12 23.80 23.80 25.00 26.10 23.50 23.50 23.40 23.50 24.00 23.90 24.10 24.10 24.00 24.00 24.10 25.60 * 23.20 23.50 23.60 23.60 23.50 23.50 23.40 23.20 23.20 23.30 23.40 23.50 23.50 23.30 23.20 23.10 * 0
2018-01-16 16:17:12 23.90 24.00 25.10 26.20 23.50 23.60 23.50 23.70 24.00 24.00 24.20 24.20 24.10 24.10 24.20 26.10 * 23.20 23.50 23.60 23.70 23.60 23.60 23.40 23.20 23.20 23.30 23.40 23.50 23.50 23.30 23.20 23.10 * 0
2018-01-16 16:17:12 23.90 24.00 25.10 26.10 23.60 23.60 23.60 23.70 23.90 23.90 24.10 24.10 24.00 24.10 24.20 26.20 * 23.30 23.50 23.60 23.70 23.60 23.50 23.40 23.20 23.20 23.20 23.30 23.40 23.40 23.20 23.20 23.00 * 0
2018-01-16 16:17:13 23.80 23.80 25.00 26.00 23.40 23.50 23.50 23.50 24.00 23.90 24.10 24.10 24.00 24.10 24.20 26.10 * 23.40 23.50 23.60 23.70 23.60 23.50 23.40 23.20 23.40 23.40 23.50 23.60 23.50 23.50 23.30 23.20 * 0
2018-01-16 16:17:13 23.70 23.90 25.00 26.00 23.40 23.60 23.40 23.60 24.00 23.90 24.10 24.10 24.10 24.10 24.40 26.10 * 23.50 23.60 23.70 23.80 23.60 23.60 23.50 23.30 23.50 23.50 23.60 23.60 23.60 23.50 23.40 23.50 * 0
2018-01-16 16:17:13 23.70 23.80 25.00 25.90 23.40 23.50 23.40 23.60 23.90 23.90 24.10 24.10 24.00 24.00 25.30 25.90 * 23.40 23.60 23.70 23.80 23.60 23.60 23.50 23.30 23.40 23.50 23.60 23.60 23.50 23.50 23.40 24.20 * 0
2018-01-16 16:17:13 23.70 23.80 25.00 25.90 23.50 23.50 23.50 23.50 23.90 23.80 24.10 24.00 24.00 24.20 25.90 25.30 * 23.30 23.60 23.60 23.70 23.60 23.60 23.40 23.20 23.40 23.50 23.50 23.60 23.50 23.40 23.40 24.70 * 0
2018-01-16 16:17:14 23.70 23.80 25.00 26.00 23.50 23.60 23.50 23.50 23.80 23.90 24.10 24.10 24.00 25.00 26.00 24.50 * 23.30 23.50 23.60 23.60 23.50 23.50 23.40 23.20 23.40 23.50 23.60 23.60 23.60 23.50 23.50 24.80 * 0
