2018-01-16 16:12:09 25.90 25.80 25.80 25.20 23.40 23.70 23.60 23.80 24.10 24.00 24.00 24.00 24.00 24.00 24.00 23.80 * 26.40 25.10 23.50 23.50 23.50 23.30 23.30 23.20 23.20 23.20 23.20 23.20 23.10 23.10 23.10 23.10 * 0
2018-01-16 16:12:09 25.90 25.80 25.80 25.30 23.50 23.70 23.60 23.80 24.20 24.10 24.20 24.10 24.10 24.10 24.10 23.90 * 26.40 25.20 23.60 23.50 23.50 23.40 23.40 23.30 23.20 23.30 23.30 23.20 23.20 23.10 23.10 23.10 * 0
2018-01-16 16:12:09 25.90 25.80 25.90 25.50 23.60 23.80 23.70 23.80 24.30 24.20 24.30 24.20 24.20 24.20 24.20 24.10 * 26.40 25.30 23.70 23.50 23.60 23.50 23.50 23.30 23.30 23.40 23.40 23.30 23.20 23.10 23.10 23.20 * 0
2018-01-16 16:12:10 25.80 25.80 25.90 25.60 23.80 23.80 23.70 23.90 24.30 24.30 24.40 24.30 24.20 24.30 24.30 24.20 * 26.50 25.40 23.60 23.60 23.70 23.60 23.40 23.30 23.30 23.30 23.30 23.30 23.20 23.10 23.10 23.20 * 0
2018-01-16 16:12:10 25.60 25.80 25.90 25.60 23.70 23.80 23.60 23.80 24.30 24.30 24.40 24.30 24.30 24.30 24.30 24.10 * 26.50 25.60 23.60 23.60 23.60 23.50 23.40 23.20 23.30 23.40 23.30 23.30 23.20 23.20 23.20 23.20 * 0
2018-01-16 16:12:10 25.60 26.20 26.40 25.50 23.40 23.70 23.50 23.70 24.30 24.20 24.30 24.30 24.20 24.20 24.20 24.10 * 25.90 25.60 23.60 23.60 23.60 23.50 23.30 23.30 23.30 23.40 23.30 23.30 23.20 23.20 23.20 23.20 * 0
2018-01-16 16:12:10 25.70 26.60 27.10 26.10 23.50 23.60 23.60 23.70 24.20 24.20 24.20 24.20 24.20 24.20 24.20 24.10 * 25.00 25.50 23.60 23.50 23.50 23.40 23.30 23.30 23.20 23.40 23.30 23.30 23.20 23.20 23.20 23.20 * 0
2018-01-16 16:12:11 25.50 26.90 27.20 25.90 23.50 23.60 23.60 23.70 24.10 24.00 24.10 24.20 24.10 24.10 24.10 23.90 * 25.00 25.40 23.50 23.50 23.50 23.30 23.30 23.10 23.30 23.30 23.30 23.30 23.20 23.20 23.20 23.20 * 0
2018-01-16 16:12:11 25.30 26.70 26.60 25.20 23.40 23.60 23.50 23.70 24.00 24.00 24.10 24.10 24.10 24.10 24.10 23.90 * 25.00 24.50 23.50 23.50 23.50 23.40 23.30 23.20 23.30 23.30 23.30 23.30 23.20 23.20 23.20 23.20 * 0
2018-01-16 16:12:11 25.20 26.60 26.10 24.30 23.40 23.60 23.50 23.70 24.00 24.00 24.10 24.10 24.00 24.10 24.00 23.90 * 24.70 23.80 23.50 23.50 23.60 23.40 23.30 23.10 23.40 23.40 23.40 23.30 23.20 23.20 23.20 23.20 * 0
2018-01-16 16:12:12 24.80 26.70 26.20 24.00 23.50 23.70 23.70 23.80 24.00 24.00 24.10 24.10 24.10 24.00 24.00 23.70 * 24.20 24.30 24.00 23.50 23.50 23.40 23.30 23.10 23.20 23.40 23.30 23.30 23.20 23.20 23.20 23.10 * 0
2018-01-16 16:12:12 24.30 25.70 26.30 24.70 23.50 23.80 23.70 23.80 23.90 23.90 24.00 24.00 24.00 24.00 24.00 23.70 * 23.80 24.30 24.10 23.50 23.50 23.30 23.30 23.10 23.30 23.40 23.30 23.30 23.20 23.20 23.20 23.20 * 0
2018-01-16 16:12:12 24.00 24.40 26.10 25.60 23.40 23.70 23.60 23.70 23.90 23.90 24.10 24.10 24.10 24.10 24.00 23.80 * 23.60 24.30 24.50 23.60 23.60 23.30 23.30 23.20 23.30 23.40 23.40 23.40 23.20 23.20 23.20 23.20 * 0
2018-01-16 16:12:12 23.80 23.90 25.40 26.30 23.40 23.60 23.50 23.50 24.00 24.00 24.10 24.20 24.10 24.10 24.10 23.90 * 23.70 24.30 24.80 23.60 23.50 23.40 23.30 23.20 23.30 23.40 23.50 23.40 23.30 23.20 23.30 23.30 * 0
2018-01-16 16:12:13 23.80 24.10 26.30 26.20 23.80 23.50 23.40 23.50 24.00 23.90 24.10 24.10 24.10 24.10 24.10 23.90 * 23.70 24.00 24.80 23.60 23.50 23.40 23.30 23.20 23.40 23.40 23.50 23.40 23.20 23.30 23.30 23.30 * 0
2018-01-16 16:12:13 24.20 25.70 26.70 26.10 23.90 23.50 23.40 23.50 24.00 24.00 24.10 24.10 24.10 24.00 24.10 23.90 * 24.00 23.90 24.60 23.50 23.50 23.30 23.30 23.10 23.30 23.30 23.40 23.30 23.20 23.20 23.20 23.20 * 0
2018-01-16 16:12:13 24.70 26.90 26.30 25.30 23.40 23.50 23.40 23.50 24.10 24.00 24.10 24.10 24.10 24.10 24.10 24.00 * 24.30 24.10 23.90 23.50 23.50 23.30 23.30 23.20 23.20 23.30 23.40 23.30 23.20 23.20 23.10 23.10 * 0
2018-01-16 16:12:13 24.60 27.00 26.40 23.60 23.20 23.50 23.40 23.50 24.10 24.10 24.20 24.30 24.20 24.20 24.20 24.00 * 24.70 23.90 23.50 23.50 23.50 23.30 23.30 23.10 23.20 23.40 23.40 23.30 23.20 23.20 23.20 23.10 * 0
2018-01-16 16:12:14 24.30 26.20 26.50 24.00 23.30 23.50 23.40 23.60 24.10 24.10 24.20 24.30 24.20 24.20 24.20 24.00 * 24.70 23.70 23.50 23.50 23.50 23.30 23.30 23.10 23.20 23.20 23.20 23.20 23.10 23.10 23.10 23.10 * 0
2018-01-16 16:12:14 24.10 25.60 26.80 24.10 23.30 23.60 23.50 23.60 24.10 24.10 24.10 24.20 24.20 24.20 24.10 23.90 * 24.60 23.90 24.20 23.60 23.50 23.40 23.20 23.10 23.20 23.20 23.30 23.20 23.10 23.10 23.10 23.10 * 0
2018-01-16 16:12:14 24.00 24.80 27.30 24.60 23.40 23.70 23.60 23.70 24.10 24.10 24.10 24.20 24.20 24.20 24.10 23.90 * 24.10 23.80 24.50 23.70 23.60 23.40 23.30 23.10 23.20 23.30 23.30 23.30 23.10 23.10 23.10 23.10 * 0
2018-01-16 16:12:14 23.90 23.90 25.10 26.80 25.30 23.80 23.60 23.70 24.00 24.00 24.00 24.10 24.10 24.10 24.00 23.90 * 23.60 23.60 24.50 23.90 23.60 23.40 23.30 23.10 23.20 23.30 23.40 23.30 23.20 23.20 23.20 23.20 * 0
2018-01-16 16:12:15 23.80 24.00 24.70 26.20 25.80 24.30 23.60 23.70 24.00 24.00 24.00 24.20 24.10 24.00 24.00 23.90 * 23.50 23.50 24.60 24.10 23.50 23.30 23.30 23.10 23.30 23.30 23.40 23.30 23.20 23.20 23.20 23.20 * 0
2018-01-16 16:12:15 23.80 23.90 24.60 25.80 25.60 24.20 23.60 23.70 24.00 23.90 24.00 24.10 24.10 24.00 24.00 23.80 * 23.50 23.50 24.50 24.20 23.50 23.30 23.20 23.10 23.30 23.30 23.30 23.30 23.20 23.20 23.20 23.10 * 0
2018-01-16 16:12:15 23.80 23.90 24.70 25.60 26.00 23.90 23.60 23.70 24.00 23.90 24.00 24.10 24.00 24.00 24.00 23.80 * 23.50 23.50 23.90 24.30 23.50 23.30 23.30 23.20 23.20 23.30 23.30 23.30 23.20 23.20 23.20 23.10 * 0
2018-01-16 16:12:16 23.80 23.90 24.70 25.70 26.00 23.90 23.50 23.60 24.00 24.00 24.00 24.10 24.10 24.00 24.00 23.80 * 23.50 23.70 23.80 24.30 23.50 23.40 23.40 23.20 23.30 23.40 23.50 23.40 23.30 23.20 23.30 23.30 * 0
2018-01-16 16:12:16 23.90 23.90 25.00 26.30 24.90 23.70 23.60 23.70 24.10 24.10 24.10 24.20 24.20 24.20 24.10 24.00 * 23.70 23.90 23.90 24.50 23.60 23.60 23.40 23.40 23.40 23.50 23.50 23.50 23.40 23.30 23.40 23.30 * 0
2018-01-16 16:12:16 23.90 23.90 25.30 26.30 24.10 23.80 23.60 23.70 24.10 24.00 24.10 24.10 24.10 24.10 24.10 23.90 * 23.70 23.90 24.00 24.20 23.60 23.50 23.40 23.30 23.20 23.30 23.30 23.30 23.20 23.20 23.20 23.20 * 0
2018-01-16 16:12:16 23.70 23.80 25.40 26.10 23.50 23.60 23.50 23.50 24.00 24.00 24.10 24.10 24.10 24.10 24.10 23.90 * 23.50 23.70 24.40 23.60 23.50 23.40 23.20 23.10 23.40 23.40 23.40 23.30 23.20 23.20 23.20 23.20 * 0
2018-01-16 16:12:17 23.70 23.80 25.50 26.10 23.60 23.60 23.40 23.50 24.00 24.00 24.10 24.10 24.20 24.10 24.10 23.90 * 23.60 23.80 24.40 23.60 23.50 23.40 23.30 23.10 23.30 23.40 23.40 23.30 23.20 23.20 23.20 23.20 * 0
2018-01-16 16:12:17 23.70 23.90 26.20 26.10 24.70 23.70 23.50 23.50 24.20 24.10 24.10 24.20 24.20 24.10 24.10 24.00 * 23.60 23.80 24.30 23.60 23.50 23.40 23.30 23.10 23.20 23.30 23.30 23.20 23.20 23.10 23.20 23.20 * 0
2018-01-16 16:12:17 23.80 24.00 27.10 27.10 25.80 23.70 23.60 23.60 24.00 24.10 24.10 24.20 24.20 24.10 24.10 24.00 * 23.50 23.80 24.30 23.60 23.50 23.30 23.30 23.10 23.20 23.20 23.20 23.20 23.20 23.10 23.10 23.10 * 0
2018-01-16 16:12:17 23.80 23.90 27.30 27.50 25.40 23.60 23.50 23.60 24.00 24.00 24.10 24.20 24.10 24.10 24.00 23.90 * 23.50 23.70 24.30 23.60 23.40 23.30 23.30 23.10 23.20 23.20 23.30 23.20 23.20 23.10 23.10 23.20 * 0
2018-01-16 16:12:18 23.70 24.00 27.40 27.70 24.50 23.60 23.50 23.50 24.00 24.00 24.10 24.10 24.10 24.10 24.00 23.80 * 23.50 23.70 24.40 23.60 23.50 23.40 23.30 23.20 23.30 23.40 23.40 23.30 23.20 23.20 23.20 23.30 * 0
2018-01-16 16:12:18 24.00 24.30 27.90 27.50 23.80 23.70 23.60 23.60 24.10 24.00 24.10 24.20 24.00 24.10 24.00 23.90 * 23.50 23.80 24.40 23.60 23.50 23.40 23.30 23.20 23.30 23.40 23.40 23.40 23.30 23.20 23.30 23.30 * 0
2018-01-16 16:12:18 23.90 24.50 27.90 27.30 23.60 23.60 23.60 23.60 23.90 23.90 24.00 24.10 24.00 24.00 23.90 23.80 * 23.50 23.80 24.40 23.60 23.50 23.30 23.30 23.20 23.30 23.30 23.40 23.40 23.20 23.20 23.20 23.20 * 0
2018-01-16 16:12:18 24.00 24.70 27.80 27.20 23.50 23.60 23.60 23.60 23.90 23.90 24.00 24.10 24.00 24.00 23.90 23.80 * 23.60 23.80 24.50 23.60 23.50 23.30 23.30 23.20 23.30 23.30 23.30 23.30 23.20 23.10 23.20 23.30 * 0
2018-01-16 16:12:19 24.00 24.80 27.80 27.30 23.60 23.70 23.60 23.70 24.00 24.00 24.00 24.10 24.00 24.00 23.90 23.80 * 23.60 23.90 24.60 23.70 23.50 23.40 23.40 23.20 23.40 23.40 23.40 23.40 23.30 23.30 23.30 23.40 * 0
2018-01-16 16:12:19 24.00 24.70 27.80 27.30 23.60 23.80 23.60 23.80 24.00 24.00 24.10 24.10 24.00 24.10 24.00 23.90 * 23.60 24.00 24.60 23.80 23.60 23.50 23.40 23.30 23.40 23.40 23.40 23.40 23.30 23.30 23.30 23.30 * 0
2018-01-16 16:12:19 24.00 24.70 27.80 27.20 23.60 23.70 23.60 23.70 23.90 23.90 24.10 24.20 24.00 24.10 24.00 23.80 * 23.50 23.80 24.50 23.70 23.50 23.40 23.30 23.20 23.30 23.30 23.30 23.40 23.20 23.20 23.20 23.20 * 0
2018-01-16 16:12:20 24.00 24.70 27.80 27.20 23.60 23.70 23.50 23.60 24.00 23.90 24.10 24.20 24.00 24.10 24.00 23.80 * 23.50 23.70 24.40 23.60 23.40 23.30 23.30 23.10 23.20 23.20 23.30 23.20 23.10 23.10 23.10 23.10 * 0
2018-01-16 16:12:20 23.90 24.60 27.70 27.10 23.50 23.60 23.50 23.50 24.00 23.90 24.10 24.20 24.10 24.10 24.00 23.80 * 23.60 23.80 24.60 23.70 23.50 23.40 23.30 23.20 23.40 23.40 23.40 23.40 23.30 23.30 23.20 23.30 * 0
2018-01-16 16:12:20 24.10 24.80 27.90 27.20 23.60 23.80 23.60 23.80 24.10 24.10 24.20 24.30 24.20 24.20 24.20 24.00 * 23.60 23.80 24.60 23.70 23.50 23.40 23.30 23.20 23.30 23.40 23.40 23.40 23.20 23.20 23.20 23.20 * 0
2018-01-16 16:12:20 23.90 24.60 27.80 27.10 23.60 23.60 23.60 23.70 24.00 24.00 24.10 24.20 24.10 24.10 24.10 23.90 * 23.50 23.70 24.50 23.60 23.40 23.30 23.20 23.10 23.10 23.20 23.20 23.20 23.10 23.00 23.00 23.00 * 0
2018-01-16 16:12:21 24.00 24.60 27.80 27.10 23.50 23.60 23.60 23.60 24.00 24.00 24.10 24.20 24.10 24.10 24.10 23.90 * 23.50 23.70 24.40 23.60 23.50 23.30 23.20 23.10 23.10 23.20 23.20 23.20 23.10 23.10 23.00 23.00 * 0
2018-01-16 16:12:21 23.90 24.60 27.80 27.10 23.50 23.60 23.60 23.50 24.10 24.00 24.10 24.30 24.10 24.10 24.10 23.90 * 23.50 23.80 24.50 23.70 23.50 23.40 23.30 23.20 23.10 23.20 23.20 23.20 23.10 23.10 23.00 23.00 * 0
2018-01-16 16:12:21 24.00 24.60 27.80 27.10 23.50 23.70 23.50 23.60 24.10 24.10 24.20 24.30 24.10 24.20 24.10 24.00 * 23.60 23.80 24.50 23.70 23.60 23.50 23.40 23.20 23.10 23.20 23.20 23.20 23.10 23.00 23.10 23.00 * 0
2018-01-16 16:12:21 23.90 24.50 27.70 27.00 23.40 23.60 23.40 23.60 24.00 24.00 24.10 24.20 24.10 24.10 24.10 23.90 * 23.50 23.70 24.40 23.60 23.50 23.40 23.30 23.10 23.10 23.20 23.30 23.20 23.10 23.00 23.10 23.00 * 0
2018-01-16 16:12:22 23.90 24.60 27.80 27.10 23.50 23.60 23.50 23.60 24.00 23.90 24.10 24.20 24.10 24.10 24.10 23.90 * 23.50 23.70 24.40 23.60 23.40 23.30 23.20 23.00 23.30 23.30 23.20 23.30 23.20 23.20 23.10 23.20 * 0
2018-01-16 16:12:22 24.00 24.60 27.80 27.10 23.50 23.70 23.60 23.60 24.00 23.90 24.10 24.20 24.10 24.10 24.10 23.90 * 23.50 23.80 24.50 23.70 23.50 23.40 23.30 23.10 23.40 23.40 23.30 23.30 23.30 23.30 23.20 23.20 * 0
2018-01-16 16:12:22 24.20 24.80 28.00 27.20 23.70 23.80 23.80 23.90 24.10 24.00 24.10 24.20 24.00 24.10 24.10 23.90 * 23.60 23.90 24.60 23.80 23.50 23.40 23.30 23.20 23.30 23.30 23.30 23.30 23.20 23.20 23.20 23.20 * 0
2018-01-16 16:12:23 24.00 24.70 27.90 27.20 23.60 23.70 23.60 23.60 24.00 23.90 24.00 24.10 24.00 24.00 24.00 23.80 * 23.50 23.70 24.40 23.60 23.40 23.30 23.20 23.10 23.30 23.30 23.20 23.30 23.20 23.10 23.10 23.20 * 0
2018-01-16 16:12:23 24.00 24.70 27.90 27.20 23.70 23.70 23.60 23.70 23.90 23.90 23.90 24.10 24.00 24.00 24.00 23.80 * 23.40 23.70 24.40 23.60 23.40 23.20 23.20 23.00 23.20 23.30 23.30 23.30 23.20 23.10 23.20 23.10 * 0
2018-01-16 16:12:23 24.00 24.70 27.90 27.10 23.70 23.70 23.60 23.70 23.90 23.90 24.00 24.10 24.00 24.00 24.00 23.80 * 23.50 23.80 24.40 23.60 23.50 23.30 23.20 23.20 23.30 23.30 23.30 23.20 23.20 23.10 23.10 23.10 * 0
2018-01-16 16:12:23 23.90 24.50 27.70 27.00 23.50 23.60 23.50 23.50 24.00 24.00 24.10 24.20 24.10 24.00 24.00 23.80 * 23.60 23.80 24.40 23.60 23.50 23.40 23.30 23.20 23.30 23.30 23.30 23.30 23.20 23.20 23.10 23.10 * 0
2018-01-16 16:12:24 23.90 24.50 27.80 27.00 23.50 23.60 23.40 23.50 23.90 23.90 24.00 24.20 24.10 24.10 24.10 23.90 * 23.50 23.80 24.40 23.60 23.40 23.30 23.20 23.10 23.20 23.30 23.30 23.30 23.10 23.20 23.10 23.00 * 0
2018-01-16 16:12:24 23.90 24.60 27.90 27.10 23.60 23.70 23.50 23.60 23.90 23.90 24.10 24.10 24.00 24.10 24.00 23.90 * 23.50 23.90 24.60 23.70 23.60 23.50 23.40 23.30 23.20 23.30 23.30 23.30 23.20 23.10 23.20 23.20 * 0
2018-01-16 16:12:24 23.90 24.60 27.80 27.10 23.50 23.60 23.50 23.60 24.00 24.00 24.10 24.10 24.10 24.10 24.00 23.90 * 23.70 24.00 24.70 23.80 23.70 23.60 23.50 23.30 23.40 23.40 23.40 23.40 23.30 23.20 23.30 23.30 * 0
2018-01-16 16:12:24 24.00 24.70 27.90 27.20 23.60 23.70 23.70 23.70 23.90 24.00 24.00 24.20 24.00 24.00 24.00 23.80 * 23.60 23.90 24.60 23.70 23.60 23.50 23.40 23.20 23.30 23.30 23.40 23.30 23.20 23.20 23.20 23.20 * 0
2018-01-16 16:12:25 24.00 24.60 27.90 27.30 23.60 23.70 23.60 23.70 24.00 23.90 24.10 24.10 24.00 24.00 24.00 23.90 * 23.40 23.70 24.40 23.60 23.50 23.30 23.20 23.10 23.20 23.20 23.20 23.20 23.10 23.10 23.10 23.10 * 0
2018-01-16 16:12:25 24.00 24.40 28.00 27.50 23.80 23.80 23.60 23.70 23.90 23.90 24.00 24.10 24.00 24.00 24.00 23.80 * 23.50 23.80 24.40 23.60 23.50 23.30 23.20 23.20 23.10 23.20 23.20 23.20 23.10 23.00 23.10 23.10 * 0
2018-01-16 16:12:25 24.00 24.30 27.90 27.80 24.20 23.80 23.70 23.70 23.90 23.90 24.00 24.10 24.10 24.10 24.00 23.80 * 23.60 24.00 24.60 23.60 23.50 23.50 23.30 23.10 23.20 23.30 23.30 23.20 23.20 23.10 23.10 23.20 * 0
2018-01-16 16:12:25 24.00 24.20 27.70 27.80 25.10 23.80 23.60 23.80 24.10 24.00 24.20 24.20 24.10 24.20 24.10 23.90 * 23.50 23.90 24.50 23.50 23.50 23.30 23.30 23.10 23.20 23.30 23.40 23.30 23.20 23.10 23.10 23.20 * 0
2018-01-16 16:12:26 23.90 24.10 27.20 26.60 25.90 23.70 23.60 23.60 24.00 24.00 24.10 24.20 24.10 24.10 24.10 23.80 * 23.40 23.80 24.50 23.50 23.40 23.30 23.20 23.10 23.20 23.30 23.40 23.30 23.20 23.10 23.10 23.10 * 0
2018-01-16 16:12:26 24.00 24.20 27.30 26.40 25.60 23.80 23.70 23.70 24.00 24.00 24.10 24.10 24.10 24.10 24.00 23.80 * 23.50 23.80 23.90 23.80 23.40 23.30 23.30 23.10 23.20 23.30 23.40 23.40 23.10 23.20 23.20 23.20 * 0
2018-01-16 16:12:26 24.00 24.30 27.60 26.40 25.40 23.90 23.70 23.80 24.00 24.00 24.10 24.10 24.10 24.10 24.00 23.80 * 23.50 23.80 23.60 24.20 23.60 23.40 23.30 23.20 23.30 23.40 23.40 23.30 23.20 23.20 23.30 23.20 * 0
2018-01-16 16:12:27 23.90 24.10 26.60 26.90 26.20 25.20 24.30 23.90 24.00 24.00 24.20 24.20 24.10 24.10 24.10 23.90 * 23.40 23.50 23.70 24.30 23.70 23.40 23.20 23.10 23.30 23.30 23.30 23.20 23.20 23.20 23.20 23.10 * 0
2018-01-16 16:12:27 23.80 23.90 25.80 27.50 26.40 25.80 24.50 24.50 24.70 24.90 24.00 24.00 24.00 24.10 24.00 23.70 * 23.30 23.30 23.60 24.10 23.60 23.30 23.20 23.00 23.20 23.20 23.20 23.20 23.20 23.10 23.10 23.00 * 0
2018-01-16 16:12:27 23.80 23.90 25.70 27.60 26.50 26.00 24.30 25.70 25.00 26.20 24.00 24.00 23.90 24.00 23.90 23.70 * 23.30 23.30 23.40 24.10 23.90 23.20 23.20 23.00 23.50 23.40 23.30 23.30 23.20 23.20 23.10 23.10 * 0
2018-01-16 16:12:27 23.90 24.00 26.10 28.20 26.50 26.10 25.30 26.50 26.00 27.10 24.00 24.00 23.90 24.00 23.90 23.80 * 23.30 23.30 23.50 24.60 24.50 25.20 24.90 23.90 24.80 23.90 23.40 23.30 23.20 23.20 23.20 23.10 * 0
2018-01-16 16:12:28 24.00 24.10 26.90 29.60 26.70 26.20 25.90 26.60 26.50 26.80 25.50 24.20 24.00 24.00 24.10 23.90 * 23.30 23.40 23.50 24.70 24.10 25.80 26.60 24.80 26.10 24.40 23.40 23.30 23.20 23.20 23.20 23.20 * 0
2018-01-16 16:12:28 24.00 24.30 28.20 28.80 27.90 27.40 27.10 27.30 28.10 28.10 27.00 28.90 28.20 25.60 24.80 24.40 * 23.40 23.40 23.70 25.40 24.50 25.80 27.00 25.00 26.40 24.20 23.40 23.30 23.20 23.30 23.20 23.20 * 0
2018-01-16 16:12:28 24.10 24.20 26.30 27.10 27.80 28.50 28.90 29.10 29.30 29.90 30.00 29.70 30.90 29.50 28.60 27.90 * 23.50 23.40 23.70 26.20 25.40 25.80 27.20 25.40 26.90 24.70 23.50 23.40 23.40 23.30 23.40 24.70 * 0
2018-01-16 16:12:28 24.10 24.10 25.50 24.20 25.20 26.60 27.10 27.30 26.90 27.40 27.70 27.70 28.50 29.10 29.50 29.20 * 23.50 23.50 23.90 26.20 25.30 25.70 27.30 25.60 27.10 24.90 23.60 23.50 23.50 24.30 27.20 28.10 * 0
2018-01-16 16:12:29 24.10 24.10 25.50 23.90 23.60 24.00 24.10 24.30 24.30 24.30 24.30 24.50 24.80 25.40 26.30 26.40 * 23.60 23.60 23.90 26.20 25.40 25.70 27.40 25.70 27.20 25.10 23.70 23.60 23.60 24.50 28.20 29.20 * 0
2018-01-16 16:12:29 24.00 24.00 25.20 24.00 23.50 23.90 23.80 24.00 24.30 24.30 24.40 24.40 24.40 24.40 24.70 24.80 * 23.60 23.50 23.70 26.00 25.80 24.90 27.30 26.10 27.30 25.80 23.80 23.60 23.50 23.60 24.60 25.90 * 0
2018-01-16 16:12:29 24.00 24.00 24.70 24.80 23.60 23.80 23.90 23.90 24.40 24.30 24.40 24.40 24.40 24.40 24.40 24.30 * 23.50 23.50 23.60 24.80 26.00 24.70 26.30 26.60 25.50 27.40 26.00 23.80 23.40 23.40 23.50 23.40 * 0
2018-01-16 16:12:30 24.00 24.00 24.10 25.50 23.90 23.70 23.80 23.90 24.40 24.30 24.40 24.40 24.40 24.40 24.40 24.40 * 23.60 23.70 23.70 23.70 24.80 25.50 24.90 26.00 25.50 26.30 27.00 25.50 24.00 23.60 23.60 23.60 * 0
2018-01-16 16:12:30 24.20 24.00 24.00 24.80 24.60 24.10 23.70 23.90 24.50 24.30 24.50 24.50 24.40 24.40 24.50 24.50 * 23.50 23.60 23.70 23.60 23.80 24.60 25.50 24.80 25.90 24.80 27.60 27.20 24.60 23.60 23.60 23.70 * 0
2018-01-16 16:12:30 24.60 24.10 23.90 24.00 24.20 25.30 23.70 23.80 24.40 24.20 24.40 24.30 24.40 24.40 24.40 24.40 * 23.40 23.60 23.60 23.60 23.70 24.20 25.80 24.40 25.90 24.40 27.60 27.30 24.60 23.50 23.50 23.60 * 0
2018-01-16 16:12:30 24.70 24.20 24.00 24.00 24.20 25.30 23.80 23.90 24.30 24.00 24.20 24.10 24.20 24.20 24.30 24.20 * 23.40 23.60 23.60 23.60 23.70 24.20 25.80 24.40 25.80 24.30 27.30 27.40 24.90 23.40 23.40 23.30 * 0
2018-01-16 16:12:31 24.70 24.10 24.00 23.90 24.00 25.50 23.80 23.90 24.30 24.00 24.10 24.20 24.20 24.20 24.30 24.30 * 23.40 23.60 23.70 23.70 23.70 24.00 25.80 24.60 25.90 24.50 27.40 27.60 25.00 23.50 23.50 23.40 * 0
2018-01-16 16:12:31 24.70 24.10 23.90 23.90 23.90 25.50 23.80 23.80 24.50 24.10 24.20 24.30 24.40 24.30 24.40 24.50 * 23.40 23.60 23.70 23.70 23.70 24.00 25.90 24.70 25.90 24.30 27.50 27.40 24.70 23.40 23.40 23.40 * 0
2018-01-16 16:12:31 24.70 24.00 23.90 23.90 24.00 25.30 23.70 23.70 24.30 24.00 24.20 24.20 24.30 24.30 24.30 24.40 * 23.30 23.60 23.60 23.60 23.60 24.10 26.00 24.50 25.90 24.10 27.60 27.10 24.30 23.30 23.30 23.30 * 0
2018-01-16 16:12:31 24.60 24.00 23.90 23.90 24.10 25.20 23.70 23.70 24.30 24.10 24.30 24.30 24.30 24.40 24.40 24.40 * 23.40 23.60 23.60 23.60 23.60 24.40 26.10 24.40 25.90 24.30 27.70 26.90 23.90 23.30 23.30 23.20 * 0
2018-01-16 16:12:32 24.50 24.00 23.90 23.90 24.30 25.00 23.60 23.70 24.30 24.10 24.20 24.20 24.30 24.30 24.50 24.40 * 23.40 23.60 23.60 23.60 23.70 24.60 26.20 24.60 26.10 25.20 28.00 26.60 23.80 23.40 23.40 23.40 * 0
2018-01-16 16:12:32 24.50 24.00 23.90 23.90 24.50 25.00 23.60 23.70 24.20 24.00 24.20 24.20 24.30 24.30 24.40 24.30 * 23.50 23.60 23.70 23.70 23.70 25.30 26.10 25.10 25.90 25.80 27.90 26.20 23.70 23.40 23.40 23.40 * 0
2018-01-16 16:12:32 24.30 23.90 23.90 23.90 24.70 24.90 23.60 23.70 24.20 24.10 24.20 24.20 24.30 24.30 24.40 24.40 * 23.50 23.60 23.70 23.70 23.70 25.00 26.00 25.10 25.90 25.30 27.80 26.50 23.90 23.40 23.40 23.30 * 0
2018-01-16 16:12:32 24.30 24.00 23.90 23.80 23.90 25.40 24.10 23.70 25.10 24.10 24.30 24.30 24.30 24.40 24.50 24.50 * 23.50 23.70 23.80 23.80 23.70 24.10 26.00 24.90 25.90 24.70 27.60 27.20 24.40 23.30 23.30 23.30 * 0
2018-01-16 16:12:33 24.50 24.10 23.80 23.90 23.80 25.10 24.50 23.80 25.40 24.10 24.30 24.40 24.30 24.50 24.60 24.50 * 23.40 23.70 23.80 23.80 23.70 23.70 25.90 25.00 25.80 24.70 27.40 27.30 24.60 23.40 23.30 23.30 * 0
2018-01-16 16:12:33 24.70 24.30 23.90 23.90 23.90 24.80 24.30 23.90 25.20 24.10 24.30 24.40 24.30 24.40 24.50 24.50 * 23.40 23.60 23.80 23.80 23.70 23.80 25.90 25.10 25.80 24.60 27.50 27.30 24.60 23.40 23.30 23.20 * 0
2018-01-16 16:12:33 24.80 24.50 23.90 23.90 23.90 24.60 24.10 23.80 25.10 24.10 24.20 24.30 24.20 24.40 24.40 24.50 * 23.30 23.50 23.70 23.70 23.60 23.70 25.70 24.90 25.80 24.60 27.50 27.20 24.60 23.50 23.30 23.20 * 0
2018-01-16 16:12:34 24.60 24.40 23.80 23.90 23.90 24.40 24.00 23.70 25.00 24.00 24.50 24.80 24.70 25.10 24.80 24.80 * 23.20 23.50 23.70 23.70 23.60 23.70 25.70 24.90 25.80 24.60 27.50 27.10 24.60 23.50 23.40 23.30 * 0
2018-01-16 16:12:34 24.60 24.30 23.80 23.90 23.80 24.40 24.90 27.20 28.60 29.50 29.50 29.50 29.30 29.90 30.40 31.20 * 23.20 23.50 23.70 23.70 23.60 23.70 25.70 24.90 25.80 24.90 27.70 27.00 24.40 23.60 23.40 23.30 * 0
2018-01-16 16:12:34 25.20 25.10 24.70 24.70 24.90 26.50 28.00 29.40 29.30 29.10 28.50 28.50 28.20 28.40 28.30 28.10 * 23.30 23.50 23.70 23.70 23.60 23.60 25.50 25.10 25.70 25.30 27.10 27.10 24.70 23.60 23.40 23.30 * 0
2018-01-16 16:12:34 26.40 26.20 25.90 25.70 25.60 26.70 27.30 27.30 26.50 26.40 27.80 27.80 27.70 27.50 27.30 26.00 * 23.30 23.50 23.60 23.70 23.60 23.60 25.10 25.50 25.30 25.70 23.70 23.70 24.10 25.80 26.50 24.40 * 0
2018-01-16 16:12:35 25.80 25.50 25.00 24.90 24.60 24.70 24.10 24.30 24.90 24.50 26.20 27.40 27.50 27.30 27.00 26.50 * 23.30 23.50 23.70 23.70 23.60 23.60 24.80 25.90 25.00 26.20 24.30 23.70 23.60 25.30 26.70 24.50 * 0
2018-01-16 16:12:35 24.30 24.10 23.90 24.10 24.70 24.20 23.70 23.90 24.50 24.00 24.90 27.20 27.30 27.20 27.00 26.70 * 23.20 23.40 23.60 23.60 23.60 23.50 24.40 26.10 24.80 26.70 25.80 23.80 23.60 25.30 26.70 24.60 * 0
2018-01-16 16:12:35 24.10 23.90 24.00 24.40 24.40 23.70 23.70 24.40 24.30 25.60 27.10 27.30 27.00 27.00 26.80 26.40 * 23.20 23.40 23.60 23.60 23.60 23.60 24.30 26.10 24.80 26.80 26.80 23.90 23.70 25.30 26.70 24.60 * 0
2018-01-16 16:12:35 24.10 23.90 24.30 24.60 23.70 23.70 23.70 25.30 24.50 26.80 27.30 27.00 26.90 26.80 26.70 26.00 * 23.10 23.40 23.50 23.60 23.60 23.50 24.20 26.10 24.70 26.70 26.90 24.10 23.60 25.20 26.70 24.50 * 0
2018-01-16 16:12:36 24.00 23.90 24.50 24.50 23.50 23.80 23.70 25.50 24.50 26.80 27.30 27.00 26.80 26.70 26.70 25.90 * 23.30 23.50 23.60 23.60 23.60 23.50 24.20 26.00 24.70 26.70 27.00 24.30 23.60 25.30 26.80 24.50 * 0
