2018-01-16 17:21:39 25.30 26.60 26.60 26.60 26.00 23.70 23.50 23.60 23.80 23.80 24.00 23.90 23.80 23.80 23.80 23.90 * 23.60 24.80 24.10 26.20 26.00 23.30 23.20 23.00 23.20 23.30 23.40 23.40 23.20 23.20 23.20 23.10 * 1
2018-01-16 17:21:39 25.10 26.20 26.10 25.50 23.90 23.60 23.50 23.50 23.90 23.80 24.00 24.00 23.80 23.80 23.90 23.90 * 23.30 24.50 23.70 26.30 25.10 23.30 23.20 22.90 23.30 23.30 23.60 23.60 23.40 23.20 23.30 23.20 * 1
2018-01-16 17:21:39 25.20 26.20 25.80 24.30 23.50 23.70 23.60 23.60 24.00 23.80 24.10 24.10 23.90 23.90 24.00 24.00 * 23.50 24.70 23.80 23.60 23.50 23.50 23.40 23.20 23.30 23.30 23.60 23.60 23.30 23.30 23.30 23.20 * 1
2018-01-16 17:21:39 24.60 26.30 25.90 23.90 23.50 23.80 23.70 23.80 23.90 23.80 24.10 24.10 23.90 24.00 23.90 24.00 * 23.40 24.20 23.90 23.40 23.40 23.40 23.30 23.20 23.30 23.30 23.50 23.50 23.20 23.30 23.30 23.10 * 1
2018-01-16 17:21:40 24.10 25.70 26.00 24.60 23.50 23.70 23.60 23.70 24.00 23.90 24.20 24.10 24.00 24.00 24.00 24.10 * 23.30 23.60 24.00 23.40 23.30 23.30 23.20 23.10 23.20 23.20 23.40 23.40 23.20 23.20 23.20 23.00 * 1
2018-01-16 17:21:40 23.80 24.00 25.20 25.20 24.60 23.60 23.60 23.70 24.00 24.00 24.20 24.10 24.10 24.00 24.00 24.10 * 23.10 23.30 23.70 23.40 23.30 23.20 23.10 23.00 23.20 23.30 23.50 23.50 23.30 23.20 23.20 23.10 * 1
2018-01-16 17:21:40 23.70 23.80 24.20 25.70 25.30 23.60 23.60 23.70 24.00 24.00 24.20 24.10 24.10 24.00 24.00 24.20 * 23.20 23.20 23.30 23.80 23.80 23.50 23.40 23.10 23.40 23.30 23.60 23.60 23.30 23.30 23.30 23.10 * 1
2018-01-16 17:21:40 23.60 23.70 23.70 25.60 25.40 23.50 23.50 23.60 23.90 23.90 24.00 24.10 24.00 23.90 23.90 24.00 * 23.10 23.20 23.30 23.80 23.90 23.50 23.30 23.00 23.30 23.30 23.50 23.50 23.30 23.20 23.30 23.10 * 1
2018-01-16 17:21:41 23.60 23.70 23.40 24.80 25.10 23.50 23.50 23.50 23.80 23.80 23.90 24.00 23.90 23.90 23.90 23.90 * 23.10 23.20 23.40 23.80 23.80 23.50 23.20 23.00 23.20 23.30 23.40 23.50 23.30 23.20 23.30 23.20 * 1
2018-01-16 17:21:41 23.60 23.70 23.40 24.20 24.80 23.50 23.40 23.50 23.90 23.90 24.10 24.20 24.10 24.10 24.10 24.00 * 23.20 23.20 23.50 23.90 23.80 23.60 23.20 23.00 23.30 23.30 23.50 23.50 23.30 23.30 23.30 23.20 * 1
2018-01-16 17:21:41 23.80 23.80 23.60 24.00 24.30 23.60 23.60 23.70 23.90 23.90 24.10 24.10 24.00 24.00 24.00 24.00 * 23.20 23.30 23.50 23.90 23.90 23.60 23.30 23.20 23.40 23.40 23.60 23.60 23.40 23.30 23.30 23.30 * 1
2018-01-16 17:21:42 23.70 23.70 23.50 23.90 24.10 23.60 23.50 23.60 23.90 23.80 24.00 24.00 23.90 23.90 23.90 24.00 * 23.30 23.30 23.50 24.00 23.90 23.60 23.40 23.20 23.30 23.40 23.50 23.60 23.40 23.30 23.20 23.20 * 1
2018-01-16 17:21:42 23.70 23.70 23.50 24.00 24.10 23.60 23.60 23.70 23.90 23.80 24.00 24.00 23.90 23.80 23.90 24.00 * 23.30 23.40 23.60 24.10 24.00 23.60 23.40 23.20 23.20 23.40 23.40 23.50 23.30 23.20 23.20 23.10 * 1
2018-01-16 17:21:42 23.70 23.70 23.50 24.00 24.10 23.50 23.60 23.70 24.00 23.90 24.10 24.20 24.00 24.00 24.10 24.00 * 23.20 23.30 23.60 24.00 23.90 23.60 23.30 23.10 23.30 23.40 23.50 23.50 23.30 23.20 23.30 23.20 * 1
2018-01-16 17:21:42 23.70 23.80 23.50 24.00 24.40 23.60 23.60 23.60 23.80 23.80 24.00 24.00 23.90 23.90 23.90 23.90 * 23.20 23.30 23.60 24.00 23.90 23.60 23.30 23.10 23.30 23.30 23.50 23.50 23.30 23.30 23.30 23.20 * 1
2018-01-16 17:21:43 23.60 23.70 23.40 24.10 24.60 23.60 23.50 23.50 23.60 23.70 23.90 23.90 23.80 23.70 23.70 23.80 * 23.20 23.30 23.70 24.10 23.90 23.50 23.20 23.00 23.40 23.40 23.50 23.60 23.40 23.30 23.40 23.20 * 1
2018-01-16 17:21:43 23.60 23.70 23.40 24.10 24.80 23.60 23.50 23.50 23.80 23.80 24.00 24.00 23.90 23.80 23.90 23.90 * 23.20 23.40 23.80 24.20 23.90 23.60 23.30 23.00 23.20 23.20 23.40 23.50 23.20 23.20 23.20 23.10 * 1
2018-01-16 17:21:43 23.70 23.70 23.40 24.20 25.10 23.60 23.60 23.60 23.90 23.80 24.00 24.00 23.90 23.90 23.90 23.90 * 23.30 23.40 23.90 24.30 24.00 23.70 23.40 23.10 23.30 23.30 23.50 23.50 23.30 23.30 23.30 23.10 * 1
2018-01-16 17:21:43 23.70 23.70 23.40 24.20 25.50 23.60 23.50 23.50 23.90 23.90 24.10 24.20 24.00 24.00 24.00 24.00 * 23.20 23.40 23.80 24.20 23.90 23.60 23.30 23.10 23.40 23.40 23.60 23.60 23.40 23.30 23.40 23.20 * 1
2018-01-16 17:21:44 23.70 23.80 23.50 24.20 25.60 23.60 23.60 23.60 23.80 23.80 24.00 24.10 23.90 24.00 23.90 23.90 * 23.30 23.60 24.00 24.30 24.00 23.70 23.50 23.20 23.50 23.50 23.70 23.70 23.50 23.40 23.50 23.30 * 1
2018-01-16 17:21:44 23.70 23.80 23.50 24.30 25.60 23.70 23.60 23.60 23.80 23.80 24.10 24.10 23.90 23.90 23.90 23.90 * 23.30 23.50 23.80 24.20 24.00 23.70 23.30 23.20 23.50 23.50 23.70 23.60 23.50 23.40 23.40 23.30 * 1
2018-01-16 17:21:44 23.60 23.70 23.50 24.30 25.60 23.70 23.50 23.60 23.90 23.80 24.10 24.10 23.90 23.90 23.90 23.90 * 23.20 23.30 23.70 24.10 23.90 23.60 23.20 23.10 23.50 23.50 23.60 23.70 23.50 23.40 23.40 23.30 * 1
2018-01-16 17:21:44 23.70 23.70 23.50 24.50 26.00 23.90 23.60 23.60 23.90 23.80 24.10 24.10 23.90 23.90 24.00 24.00 * 23.20 23.30 23.60 24.00 23.90 23.60 23.20 23.10 23.30 23.30 23.40 23.50 23.30 23.30 23.20 23.10 * 1
2018-01-16 17:21:45 23.50 23.60 23.40 24.50 26.20 24.00 23.50 23.50 23.90 23.90 24.10 24.10 24.00 24.00 24.00 24.10 * 23.00 23.10 23.50 23.90 23.80 23.40 23.00 22.90 23.30 23.30 23.50 23.50 23.30 23.20 23.20 23.10 * 1
2018-01-16 17:21:45 23.70 23.70 23.50 24.50 26.60 24.40 23.60 23.60 23.90 23.80 24.10 24.10 24.00 23.90 24.00 24.00 * 23.00 23.10 23.50 23.90 23.90 23.40 23.10 22.90 23.30 23.30 23.50 23.50 23.30 23.20 23.20 23.10 * 1
2018-01-16 17:21:45 23.80 23.70 23.50 24.40 26.70 24.80 23.60 23.60 23.90 23.80 24.10 24.10 24.00 24.00 24.00 24.00 * 23.20 23.20 23.60 24.10 24.00 23.60 23.20 23.00 23.40 23.40 23.60 23.60 23.40 23.40 23.30 23.20 * 1
2018-01-16 17:21:46 23.80 23.70 23.50 24.80 27.00 24.30 23.50 23.60 23.90 23.80 24.00 24.10 23.90 23.90 23.80 23.90 * 23.10 23.20 23.40 23.80 23.90 23.50 23.20 22.90 23.40 23.30 23.60 23.60 23.40 23.30 23.30 23.20 * 1
2018-01-16 17:21:46 23.70 23.70 23.50 25.20 27.30 24.00 23.60 23.70 23.70 23.70 23.90 23.90 23.80 23.80 23.80 23.80 * 23.10 23.20 23.50 23.90 24.00 23.50 23.20 23.00 23.40 23.40 23.60 23.60 23.40 23.40 23.40 23.20 * 1
2018-01-16 17:21:46 23.60 23.70 23.50 25.40 27.40 24.00 23.60 23.70 23.80 23.80 24.00 24.00 23.90 23.90 24.00 23.90 * 23.10 23.20 23.40 23.90 23.90 23.50 23.20 23.00 23.40 23.40 23.60 23.60 23.30 23.30 23.30 23.20 * 1
2018-01-16 17:21:46 23.70 23.70 23.60 25.60 27.30 24.00 23.60 23.70 23.80 23.80 24.00 24.00 23.90 23.90 23.90 23.90 * 23.10 23.20 23.40 23.90 23.90 23.50 23.20 23.00 23.50 23.50 23.60 23.60 23.40 23.40 23.40 23.30 * 1
2018-01-16 17:21:47 23.60 23.60 23.50 25.80 27.10 23.70 23.50 23.60 23.90 23.80 24.10 24.10 23.90 24.00 24.00 24.00 * 23.20 23.20 23.50 23.90 24.00 23.50 23.20 23.00 23.50 23.50 23.60 23.60 23.40 23.40 23.40 23.30 * 1
2018-01-16 17:21:47 23.70 23.70 23.50 26.00 27.10 23.70 23.50 23.60 23.80 23.70 23.90 24.00 23.80 23.80 23.80 23.90 * 23.30 23.30 23.60 24.00 24.10 23.60 23.40 23.10 23.40 23.50 23.60 23.60 23.40 23.40 23.40 23.30 * 1
2018-01-16 17:21:47 23.80 23.90 23.60 26.30 27.10 23.70 23.60 23.60 23.80 23.70 23.90 24.00 23.70 23.70 23.70 23.90 * 23.30 23.40 23.60 24.10 24.00 23.60 23.40 23.10 23.40 23.50 23.60 23.60 23.40 23.30 23.40 23.30 * 1
2018-01-16 17:21:47 23.70 23.80 23.70 26.50 26.90 23.70 23.60 23.60 23.90 23.80 24.00 24.10 23.80 23.90 23.90 23.90 * 23.20 23.30 23.60 24.00 23.90 23.50 23.30 23.00 23.30 23.40 23.70 23.60 23.30 23.30 23.30 23.20 * 1
2018-01-16 17:21:48 23.70 23.70 23.70 26.90 26.50 23.70 23.60 23.60 24.00 23.90 24.10 24.10 24.00 24.10 24.00 24.00 * 23.10 23.20 23.50 24.00 24.00 23.50 23.20 23.00 23.30 23.30 23.60 23.60 23.30 23.30 23.30 23.20 * 1
2018-01-16 17:21:48 23.70 23.70 23.60 26.90 26.30 23.60 23.60 23.60 24.00 23.90 24.10 24.10 24.00 24.00 24.00 24.10 * 23.10 23.20 23.50 24.10 24.00 23.40 23.20 23.00 23.30 23.30 23.60 23.60 23.30 23.30 23.30 23.20 * 1
2018-01-16 17:21:48 23.70 23.80 23.70 27.00 26.20 23.60 23.60 23.70 23.90 23.80 24.00 24.00 23.90 23.90 23.90 23.90 * 23.10 23.20 23.40 24.00 24.00 23.30 23.20 23.00 23.30 23.40 23.50 23.50 23.30 23.20 23.30 23.20 * 1
2018-01-16 17:21:49 23.70 23.70 23.80 27.10 26.20 23.60 23.60 23.60 24.00 23.90 24.00 24.10 23.90 24.00 24.00 24.00 * 23.20 23.20 23.50 24.10 24.10 23.40 23.20 23.00 23.30 23.30 23.50 23.50 23.30 23.20 23.30 23.10 * 1
2018-01-16 17:21:49 23.70 23.70 23.70 27.20 26.30 23.60 23.60 23.60 23.90 23.80 24.00 24.00 23.90 24.00 23.90 24.00 * 23.30 23.20 23.50 24.10 24.10 23.40 23.20 23.00 23.30 23.30 23.50 23.50 23.30 23.20 23.20 23.10 * 1
2018-01-16 17:21:49 23.60 23.70 23.60 27.10 26.40 23.60 23.50 23.50 23.80 23.70 23.90 24.00 23.80 23.80 23.80 23.80 * 23.00 23.10 23.30 23.90 23.90 23.30 23.10 22.90 23.40 23.30 23.60 23.60 23.30 23.20 23.30 23.20 * 1
2018-01-16 17:21:49 23.70 23.70 23.70 27.00 26.60 23.70 23.60 23.60 23.80 23.70 23.90 24.00 23.80 23.80 23.80 23.80 * 23.00 23.20 23.40 24.00 24.00 23.30 23.10 22.90 23.40 23.30 23.50 23.50 23.30 23.20 23.20 23.10 * 1
2018-01-16 17:21:50 23.70 23.70 23.60 26.70 26.90 23.70 23.50 23.60 23.80 23.70 24.00 24.00 23.90 23.80 23.90 23.90 * 23.10 23.20 23.50 24.00 24.10 23.40 23.20 23.00 23.40 23.40 23.60 23.60 23.30 23.30 23.30 23.20 * 1
2018-01-16 17:21:50 23.70 23.80 23.50 26.00 27.40 23.80 23.60 23.60 23.80 23.70 24.00 24.00 23.90 23.80 23.90 23.90 * 23.10 23.20 23.50 23.90 24.00 23.40 23.20 23.00 23.40 23.40 23.60 23.60 23.40 23.30 23.30 23.20 * 1
2018-01-16 17:21:50 23.60 23.70 23.50 25.50 27.40 24.00 23.50 23.50 23.80 23.70 23.90 24.00 23.90 23.80 23.80 23.90 * 23.20 23.30 23.40 23.90 24.00 23.50 23.20 23.00 23.40 23.40 23.60 23.60 23.50 23.30 23.40 23.30 * 1
2018-01-16 17:21:50 23.70 23.70 23.50 25.50 27.40 24.20 23.50 23.50 23.70 23.70 23.90 24.00 23.80 23.70 23.70 23.80 * 23.10 23.20 23.20 23.60 24.00 23.30 23.20 23.00 23.40 23.40 23.50 23.60 23.40 23.30 23.30 23.20 * 1
2018-01-16 17:21:51 23.80 23.70 23.50 25.60 27.50 24.20 23.60 23.60 23.70 23.60 23.90 24.00 23.80 23.80 23.70 23.80 * 23.20 23.30 23.20 23.60 24.00 23.40 23.20 23.00 23.40 23.40 23.60 23.60 23.40 23.30 23.40 23.30 * 1
2018-01-16 17:21:51 23.80 23.80 23.50 26.10 27.50 23.90 23.50 23.60 23.80 23.80 24.00 24.00 23.70 23.70 23.80 23.80 * 23.20 23.30 23.20 23.60 24.00 23.40 23.20 23.10 23.40 23.40 23.60 23.60 23.40 23.30 23.40 23.30 * 1
2018-01-16 17:21:51 23.80 23.80 23.70 26.60 27.30 23.80 23.50 23.70 23.60 23.60 23.80 23.90 23.60 23.70 23.60 23.60 * 23.10 23.20 23.20 23.70 23.90 23.40 23.20 23.00 23.40 23.40 23.60 23.60 23.40 23.40 23.30 23.20 * 1
2018-01-16 17:21:51 23.70 23.70 23.70 27.00 26.90 23.70 23.50 23.70 23.70 23.60 23.90 24.00 23.70 23.80 23.70 23.70 * 23.20 23.20 23.30 23.80 23.90 23.40 23.20 23.10 23.40 23.40 23.60 23.60 23.40 23.30 23.30 23.20 * 1
2018-01-16 17:21:52 23.60 23.70 23.80 27.10 26.60 23.60 23.50 23.60 23.80 23.70 24.00 24.00 23.80 23.80 23.80 23.80 * 23.20 23.20 23.30 23.90 24.00 23.40 23.20 23.00 23.50 23.40 23.60 23.70 23.40 23.40 23.40 23.30 * 1
2018-01-16 17:21:52 23.70 23.70 23.70 27.00 26.60 23.60 23.60 23.60 23.90 23.80 24.00 24.10 23.90 23.90 23.90 24.00 * 23.20 23.20 23.30 24.00 24.00 23.40 23.30 23.00 23.50 23.50 23.60 23.60 23.40 23.40 23.40 23.30 * 1
2018-01-16 17:21:52 23.70 23.60 23.60 26.80 26.80 23.50 23.50 23.50 23.70 23.60 23.90 24.00 23.80 23.80 23.70 23.90 * 23.20 23.20 23.30 23.90 24.10 23.40 23.20 23.00 23.40 23.40 23.50 23.50 23.40 23.30 23.40 23.20 * 1
2018-01-16 17:21:53 23.70 23.70 23.50 26.50 27.10 23.60 23.50 23.60 23.80 23.70 23.90 24.00 23.80 23.80 23.80 23.90 * 23.20 23.20 23.20 23.90 24.10 23.30 23.20 23.00 23.40 23.40 23.50 23.60 23.40 23.30 23.40 23.20 * 1
2018-01-16 17:21:53 23.60 23.60 23.40 26.20 27.30 23.60 23.50 23.50 23.80 23.70 24.00 24.00 23.90 23.80 23.80 23.90 * 23.20 23.20 23.30 23.90 24.10 23.40 23.30 23.10 23.50 23.50 23.60 23.70 23.40 23.40 23.40 23.30 * 1
2018-01-16 17:21:53 23.70 23.70 23.50 25.90 27.50 23.80 23.60 23.60 23.80 23.70 24.10 24.00 23.90 23.90 23.80 24.00 * 23.20 23.20 23.30 23.80 24.10 23.40 23.20 23.10 23.40 23.50 23.60 23.60 23.30 23.30 23.40 23.20 * 1
2018-01-16 17:21:53 23.60 23.60 23.40 25.90 27.40 23.70 23.50 23.50 23.80 23.70 24.00 24.00 23.80 23.90 23.80 23.90 * 23.10 23.10 23.20 23.70 24.10 23.30 23.10 23.00 23.30 23.30 23.60 23.60 23.40 23.30 23.30 23.30 * 1
2018-01-16 17:21:54 23.60 23.60 23.40 25.90 27.40 23.70 23.50 23.50 23.80 23.70 23.90 23.90 23.80 23.80 23.80 23.90 * 23.10 23.20 23.20 23.90 24.20 23.40 23.20 23.10 23.30 23.30 23.50 23.50 23.30 23.30 23.20 23.20 * 1
2018-01-16 17:21:54 23.70 23.70 23.50 25.90 27.50 23.80 23.50 23.60 23.80 23.70 23.90 23.90 23.80 23.80 23.80 23.90 * 23.20 23.20 23.30 23.90 24.20 23.40 23.20 23.10 23.40 23.50 23.60 23.60 23.30 23.40 23.30 23.30 * 1
2018-01-16 17:21:54 23.70 23.70 23.60 26.10 27.50 23.80 23.60 23.60 23.90 23.80 24.10 24.10 23.90 23.90 23.90 24.00 * 23.30 23.30 23.40 23.90 24.20 23.50 23.30 23.20 23.50 23.50 23.60 23.70 23.40 23.40 23.40 23.30 * 1
2018-01-16 17:21:54 23.70 23.70 23.50 26.60 27.20 23.80 23.50 23.60 23.80 23.80 24.00 24.10 23.90 23.80 23.80 24.00 * 23.20 23.20 23.40 23.80 23.90 23.40 23.30 23.10 23.30 23.40 23.50 23.50 23.30 23.20 23.30 23.20 * 1
2018-01-16 17:21:55 23.70 23.70 23.50 26.10 26.80 23.70 23.60 23.50 23.70 23.70 24.00 24.00 23.80 23.80 23.80 23.90 * 23.20 23.20 23.30 23.50 23.80 23.30 23.20 23.10 23.30 23.30 23.50 23.50 23.30 23.20 23.20 23.10 * 1
