2018-01-16 16:46:34 24.40 26.70 27.70 26.60 24.60 23.50 23.20 23.40 23.60 23.70 23.90 23.90 23.80 23.90 24.00 24.00 * 24.40 24.20 24.50 23.80 23.60 23.50 23.30 23.10 23.30 23.30 23.50 23.40 23.10 23.10 23.20 23.10 * 1
2018-01-16 16:46:34 24.30 25.70 28.70 27.30 25.90 24.90 23.50 23.60 25.60 24.60 24.50 24.20 24.00 24.10 24.20 24.10 * 23.50 23.80 25.70 25.00 23.70 23.60 23.40 23.30 23.40 23.50 23.70 23.50 23.20 23.20 23.20 23.10 * 1
2018-01-16 16:46:34 24.10 23.90 24.20 25.50 25.50 25.80 25.80 25.60 26.40 26.20 26.00 25.50 24.60 24.40 24.30 24.30 * 23.30 23.70 24.60 24.60 23.80 23.70 23.60 23.40 23.60 23.60 24.00 24.80 24.20 23.20 23.30 23.20 * 1
2018-01-16 16:46:34 24.10 23.80 23.80 23.70 23.50 24.20 24.40 25.00 24.90 25.40 26.40 27.00 26.10 25.10 24.60 24.50 * 23.30 23.60 23.60 23.90 23.70 23.70 23.50 23.30 23.50 23.50 24.10 25.80 25.30 23.30 23.30 23.20 * 1
2018-01-16 16:46:35 24.00 23.70 23.80 23.70 23.20 23.40 23.30 23.60 23.70 24.00 25.00 27.30 27.50 26.30 24.60 24.60 * 23.20 23.50 23.60 23.50 23.60 23.50 23.40 23.20 23.40 23.40 23.60 23.60 24.90 24.90 23.60 23.30 * 1
2018-01-16 16:46:35 24.00 23.70 23.80 23.80 23.30 23.50 23.30 23.50 23.60 23.80 24.00 26.20 28.30 28.10 25.30 24.70 * 23.30 23.50 23.60 23.50 23.60 23.50 23.40 23.20 23.80 24.00 24.40 23.90 25.10 25.50 23.90 23.30 * 1
2018-01-16 16:46:35 24.10 23.80 23.90 23.80 23.30 23.50 23.30 23.60 23.80 23.90 24.10 24.30 24.90 24.90 24.10 24.00 * 23.40 23.60 23.80 23.70 23.90 24.50 25.10 25.10 25.00 25.20 25.30 24.50 24.80 24.90 23.60 23.20 * 1
2018-01-16 16:46:35 24.10 23.80 23.90 23.80 23.30 23.50 23.40 23.60 23.70 23.80 24.10 24.00 23.90 24.00 24.00 24.00 * 23.30 23.70 24.30 25.00 25.60 26.10 26.20 25.40 26.40 25.00 23.60 23.60 23.30 23.20 23.30 23.20 * 1
2018-01-16 16:46:36 24.00 23.80 23.80 23.80 23.30 23.50 23.30 23.60 23.60 23.70 23.80 24.20 24.10 23.90 24.00 23.90 * 23.50 24.00 25.40 26.90 27.50 27.10 26.60 24.80 26.30 24.60 23.60 23.60 23.30 23.20 23.30 23.20 * 1
2018-01-16 16:46:36 23.90 23.60 23.70 23.70 23.20 23.40 23.20 23.50 23.70 23.80 23.90 24.30 24.10 24.00 24.10 24.00 * 23.60 24.00 24.80 26.30 27.60 27.40 26.50 25.10 26.20 25.00 23.70 23.60 23.30 23.20 23.30 23.30 * 1
2018-01-16 16:46:36 24.00 23.70 23.90 23.70 23.20 23.50 23.30 23.60 23.80 23.90 24.00 24.10 24.10 24.10 24.20 24.20 * 23.50 23.70 23.90 24.50 25.70 26.50 26.40 25.50 26.30 25.60 24.10 23.60 23.30 23.20 23.30 23.20 * 1
2018-01-16 16:46:37 24.00 23.70 23.80 23.70 23.20 23.40 23.30 23.50 23.80 23.80 24.00 24.10 24.00 24.10 24.10 24.10 * 23.40 23.60 23.70 23.80 24.20 25.00 25.90 25.80 25.20 26.00 25.90 23.80 24.10 24.50 23.40 23.20 * 1
2018-01-16 16:46:37 24.00 23.70 23.80 23.70 23.20 23.50 23.30 23.50 23.80 23.80 24.00 24.00 24.00 24.10 24.10 24.10 * 23.40 23.70 23.80 23.80 23.90 24.10 25.20 25.90 24.60 26.00 26.30 24.30 24.60 25.30 23.60 23.20 * 1
2018-01-16 16:46:37 24.10 23.80 23.80 23.70 23.30 23.50 23.20 23.50 23.80 23.90 24.20 24.50 24.10 24.20 24.20 24.20 * 23.50 23.80 23.80 23.80 23.90 23.90 24.30 25.80 24.40 26.00 26.60 24.70 25.20 25.40 23.80 23.30 * 1
2018-01-16 16:46:37 24.10 23.80 23.80 23.70 23.30 23.50 23.30 23.50 23.80 23.90 24.00 24.40 24.20 24.10 24.20 24.20 * 23.50 23.80 23.80 23.80 23.90 23.90 24.10 25.70 24.30 26.10 26.70 24.80 25.50 25.40 23.90 23.40 * 1
2018-01-16 16:46:38 24.00 23.80 23.70 23.70 23.20 23.40 23.30 23.50 23.70 23.80 23.90 24.20 24.10 24.00 24.10 24.00 * 23.50 23.70 23.70 23.70 23.80 23.80 24.00 25.70 24.20 26.10 26.70 24.80 25.50 25.40 23.90 23.40 * 1
2018-01-16 16:46:38 24.00 23.70 23.80 23.70 23.20 23.40 23.20 23.50 23.70 23.90 23.90 24.40 24.10 24.00 24.10 24.00 * 23.40 23.70 23.70 23.70 23.80 23.80 24.00 25.60 24.40 26.20 26.90 24.90 25.60 25.60 24.00 23.50 * 1
2018-01-16 16:46:38 24.10 23.70 23.80 23.60 23.20 23.40 23.20 23.50 23.70 23.80 24.00 24.50 24.00 24.10 24.10 23.90 * 23.40 23.70 23.60 23.70 23.80 23.80 24.00 25.60 24.50 26.30 26.90 25.10 25.80 25.70 24.10 23.60 * 1
2018-01-16 16:46:38 24.00 23.70 23.80 23.60 23.20 23.40 23.30 23.60 23.60 23.70 23.90 24.30 23.90 24.00 24.00 24.00 * 23.40 23.60 23.70 23.60 23.70 23.70 24.10 25.70 24.50 26.30 26.90 25.00 25.80 25.60 24.00 23.50 * 1
2018-01-16 16:46:39 24.10 23.80 23.80 23.70 23.30 23.50 23.30 23.60 23.50 23.60 23.80 24.00 23.80 23.90 23.90 23.90 * 23.40 23.60 23.70 23.60 23.80 23.70 24.20 25.60 24.40 26.10 26.70 24.90 25.70 25.50 23.80 23.30 * 1
2018-01-16 16:46:39 24.00 23.70 23.70 23.60 23.20 23.40 23.30 23.60 23.50 23.60 23.90 24.00 23.80 23.90 24.00 23.90 * 23.30 23.60 23.60 23.60 23.70 23.60 24.20 25.60 24.50 26.10 26.70 24.80 25.70 25.50 23.80 23.30 * 1
2018-01-16 16:46:39 24.00 23.70 23.70 23.60 23.20 23.40 23.30 23.50 23.60 23.70 24.00 24.10 23.90 24.00 24.00 23.90 * 23.40 23.60 23.60 23.60 23.70 23.70 24.30 25.60 24.50 26.10 26.80 24.80 25.70 25.50 23.80 23.40 * 1
2018-01-16 16:46:39 24.10 23.80 23.80 23.70 23.20 23.50 23.30 23.60 23.80 23.90 24.20 24.30 24.00 24.20 24.10 24.00 * 23.40 23.60 23.70 23.70 23.70 23.80 24.40 25.70 24.40 26.10 26.80 24.80 25.70 25.50 23.80 23.40 * 1
2018-01-16 16:46:40 24.10 23.80 23.80 23.70 23.30 23.50 23.30 23.50 23.70 23.90 24.20 24.20 24.00 24.00 24.10 24.10 * 23.30 23.60 23.60 23.60 23.70 23.70 24.30 25.70 24.40 26.10 26.80 24.80 25.70 25.40 23.70 23.30 * 1
2018-01-16 16:46:40 24.10 23.80 23.80 23.70 23.20 23.40 23.30 23.60 23.70 23.80 24.20 24.20 24.00 24.10 24.10 24.10 * 23.40 23.70 23.70 23.70 23.80 23.80 24.40 25.80 24.30 26.10 26.70 24.80 25.70 25.40 23.70 23.20 * 1
2018-01-16 16:46:40 24.10 23.80 23.80 23.70 23.20 23.50 23.40 23.60 23.80 23.80 24.30 24.20 24.00 24.10 24.10 24.10 * 23.50 23.70 23.70 23.70 23.80 23.90 24.40 25.70 24.40 26.10 26.80 24.80 25.80 25.50 23.80 23.30 * 1
2018-01-16 16:46:41 24.20 23.90 23.90 23.80 23.30 23.60 23.40 23.70 23.80 23.80 24.30 24.10 24.00 24.10 24.10 24.10 * 23.40 23.60 23.70 23.70 23.70 23.70 24.30 25.70 24.40 26.10 26.70 24.80 25.70 25.40 23.80 23.30 * 1
2018-01-16 16:46:41 24.20 23.90 23.90 23.80 23.40 23.60 23.40 23.70 23.60 23.80 24.20 24.10 23.90 24.00 24.00 24.00 * 23.40 23.60 23.60 23.60 23.70 23.70 24.30 25.70 24.40 26.00 26.70 24.80 25.70 25.40 23.80 23.20 * 1
2018-01-16 16:46:41 24.10 23.90 23.90 23.80 23.30 23.50 23.30 23.60 23.60 23.70 24.20 24.10 23.90 24.00 24.00 24.00 * 23.30 23.60 23.60 23.60 23.70 23.70 24.20 25.60 24.40 26.10 26.80 24.90 25.70 25.40 23.90 23.30 * 1
2018-01-16 16:46:41 24.10 23.90 23.90 23.70 23.30 23.50 23.40 23.60 23.60 23.70 24.10 24.10 23.90 24.00 24.00 24.00 * 23.30 23.60 23.60 23.60 23.80 23.70 24.20 25.60 24.50 26.00 26.90 24.90 25.70 25.60 24.00 23.50 * 1
2018-01-16 16:46:42 24.10 23.90 23.90 23.80 23.30 23.50 23.30 23.60 23.80 23.90 24.30 24.30 24.00 24.10 24.10 24.10 * 23.40 23.60 23.60 23.70 23.70 23.70 24.20 25.60 24.50 26.10 26.90 24.90 25.80 25.50 24.10 23.50 * 1
2018-01-16 16:46:42 24.20 23.90 23.80 23.80 23.30 23.50 23.30 23.70 23.70 23.90 24.40 24.30 24.00 24.20 24.20 24.10 * 23.30 23.60 23.60 23.60 23.70 23.60 24.20 25.60 24.50 26.10 26.90 24.90 25.80 25.40 24.00 23.50 * 1
2018-01-16 16:46:42 24.10 23.80 23.80 23.70 23.30 23.40 23.30 23.60 23.70 23.90 24.30 24.20 23.90 24.10 24.10 24.10 * 23.20 23.60 23.60 23.60 23.70 23.60 24.10 25.60 24.50 26.10 26.90 24.90 25.70 25.40 24.00 23.40 * 1
2018-01-16 16:46:42 24.00 23.80 23.80 23.70 23.30 23.50 23.30 23.60 23.70 23.90 24.30 24.20 23.90 24.10 24.10 24.10 * 23.30 23.60 23.60 23.60 23.70 23.70 24.20 25.60 24.40 26.10 27.00 24.90 25.70 25.50 24.10 23.50 * 1
2018-01-16 16:46:43 24.10 23.80 23.90 23.70 23.30 23.50 23.40 23.60 23.80 23.90 24.40 24.30 24.00 24.10 24.20 24.10 * 23.30 23.60 23.60 23.60 23.70 23.70 24.10 25.60 24.40 26.00 26.90 24.90 25.60 25.40 24.00 23.40 * 1
2018-01-16 16:46:43 24.10 23.90 24.00 23.80 23.40 23.60 23.50 23.70 23.80 23.90 24.40 24.30 24.00 24.20 24.20 24.10 * 23.30 23.60 23.60 23.60 23.70 23.70 24.10 25.60 24.40 26.00 26.90 24.90 25.60 25.40 24.00 23.30 * 1
2018-01-16 16:46:43 24.10 23.90 23.90 23.80 23.30 23.60 23.40 23.60 23.80 24.00 24.40 24.30 24.10 24.20 24.30 24.10 * 23.20 23.60 23.50 23.60 23.70 23.70 24.10 25.50 24.40 26.00 26.90 24.90 25.70 25.40 24.00 23.30 * 1
2018-01-16 16:46:44 24.10 23.80 23.80 23.80 23.30 23.50 23.30 23.60 23.80 23.90 24.30 24.30 24.10 24.20 24.20 24.10 * 23.30 23.60 23.50 23.60 23.70 23.70 24.20 25.60 24.40 26.00 26.90 25.00 25.70 25.40 24.00 23.40 * 1
2018-01-16 16:46:44 24.10 23.80 23.90 23.80 23.30 23.60 23.40 23.70 23.80 23.90 24.20 24.30 24.00 24.20 24.20 24.10 * 23.30 23.60 23.60 23.60 23.70 23.70 24.20 25.60 24.50 26.10 27.00 25.00 25.80 25.50 24.00 23.50 * 1
2018-01-16 16:46:44 24.10 23.90 23.90 23.80 23.30 23.50 23.40 23.70 23.70 23.80 24.00 24.10 24.00 24.10 24.20 24.10 * 23.20 23.60 23.60 23.60 23.70 23.70 24.10 25.60 24.60 26.20 27.10 25.00 25.80 25.50 24.00 23.50 * 1
2018-01-16 16:46:44 24.00 23.70 23.80 23.70 23.20 23.40 23.30 23.50 23.60 23.70 23.90 24.00 23.90 24.00 24.10 24.00 * 23.30 23.60 23.60 23.60 23.60 23.70 24.10 25.60 24.50 26.10 27.00 24.90 25.70 25.60 23.80 23.40 * 1
2018-01-16 16:46:45 24.00 23.70 23.80 23.70 23.20 23.40 23.20 23.50 23.70 23.80 23.90 23.90 23.90 24.10 24.10 24.10 * 23.30 23.70 23.60 23.60 23.60 23.70 24.20 25.60 24.50 26.10 27.00 25.00 25.80 25.60 23.90 23.40 * 1
2018-01-16 16:46:45 24.00 23.80 23.80 23.70 23.20 23.40 23.20 23.50 23.80 23.90 24.00 24.00 24.00 24.10 24.10 24.10 * 23.30 23.60 23.60 23.60 23.70 23.80 24.30 25.60 24.30 26.00 26.90 24.90 25.70 25.50 23.70 23.30 * 1
2018-01-16 16:46:45 24.00 23.80 23.80 23.70 23.20 23.40 23.20 23.50 23.70 23.80 24.00 24.00 24.00 24.10 24.10 24.10 * 23.30 23.60 23.60 23.60 23.70 23.80 24.20 25.60 24.30 25.90 26.90 24.80 25.60 25.40 23.60 23.20 * 1
2018-01-16 16:46:45 24.00 23.80 23.70 23.70 23.20 23.40 23.20 23.50 23.80 23.80 24.00 24.10 24.00 24.10 24.10 24.00 * 23.30 23.60 23.60 23.60 23.70 23.70 24.20 25.60 24.40 26.00 27.00 24.80 25.70 25.50 23.70 23.20 * 1
2018-01-16 16:46:46 24.00 23.90 23.80 23.70 23.30 23.50 23.30 23.60 23.80 23.80 24.00 24.10 24.00 24.10 24.20 24.10 * 23.40 23.60 23.70 23.60 23.70 23.70 24.20 25.60 24.30 25.90 27.00 24.80 25.70 25.40 23.80 23.30 * 1
2018-01-16 16:46:46 24.10 23.90 23.90 23.70 23.30 23.50 23.40 23.60 23.80 23.80 24.00 24.10 24.00 24.10 24.20 24.10 * 23.40 23.60 23.70 23.60 23.70 23.70 24.30 25.60 24.30 25.90 26.90 24.80 25.70 25.40 23.70 23.30 * 1
2018-01-16 16:46:46 24.10 23.80 23.80 23.70 23.30 23.50 23.40 23.60 23.70 23.70 23.90 24.00 23.90 24.00 24.10 24.10 * 23.30 23.60 23.60 23.60 23.70 23.80 24.20 25.70 24.40 26.10 27.00 24.90 25.80 25.50 23.70 23.30 * 1
2018-01-16 16:46:46 23.90 23.60 23.70 23.60 23.10 23.30 23.20 23.40 23.60 23.70 23.90 24.00 23.90 24.00 24.00 24.00 * 23.30 23.60 23.60 23.60 23.60 23.70 24.20 25.70 24.40 26.10 27.00 24.90 25.80 25.50 23.80 23.30 * 1
2018-01-16 16:46:47 23.90 23.60 23.70 23.60 23.10 23.30 23.20 23.40 23.60 23.80 23.90 24.00 23.90 24.10 24.00 24.00 * 23.40 23.60 23.70 23.60 23.70 23.80 24.20 25.70 24.40 26.10 27.00 24.90 25.70 25.40 23.80 23.40 * 1
2018-01-16 16:46:47 24.00 23.70 23.80 23.70 23.20 23.50 23.30 23.50 23.80 23.90 24.00 24.00 23.90 24.10 24.10 24.10 * 23.40 23.60 23.70 23.60 23.70 23.80 24.20 25.60 24.20 25.90 26.90 24.90 25.70 25.40 23.60 23.20 * 1
2018-01-16 16:46:47 24.00 23.80 23.80 23.70 23.20 23.40 23.30 23.50 23.80 23.90 24.00 24.10 23.90 24.10 24.10 24.00 * 23.40 23.60 23.60 23.60 23.60 23.70 24.20 25.60 24.30 25.90 26.90 24.90 25.70 25.40 23.60 23.20 * 1
2018-01-16 16:46:48 23.90 23.70 23.80 23.70 23.20 23.40 23.30 23.50 23.70 23.80 23.90 24.00 23.90 24.10 24.10 24.00 * 23.40 23.70 23.70 23.60 23.70 23.70 24.20 25.60 24.30 25.90 26.90 24.90 25.70 25.40 23.60 23.20 * 1
2018-01-16 16:46:48 24.00 23.80 23.80 23.60 23.20 23.50 23.20 23.50 23.70 23.80 23.90 24.00 23.90 24.00 24.10 24.10 * 23.40 23.70 23.70 23.60 23.70 23.80 24.20 25.60 24.50 26.20 27.10 25.10 25.90 25.60 23.90 23.40 * 1
2018-01-16 16:46:48 24.00 23.80 23.80 23.80 23.30 23.50 23.40 23.60 23.70 23.80 23.90 24.00 24.00 24.00 24.10 24.10 * 23.40 23.70 23.70 23.70 23.70 23.80 24.30 25.70 24.50 26.10 27.00 25.00 25.80 25.50 23.80 23.40 * 1
2018-01-16 16:46:48 24.00 23.80 23.80 23.80 23.30 23.50 23.30 23.60 23.60 23.70 23.90 24.00 23.90 24.00 24.10 24.10 * 23.30 23.60 23.70 23.70 23.70 23.80 24.20 25.60 24.40 26.00 27.00 24.90 25.80 25.50 23.80 23.30 * 1
2018-01-16 16:46:49 24.00 23.70 23.80 23.70 23.30 23.40 23.20 23.50 23.70 23.80 24.00 24.00 24.00 24.00 24.00 24.00 * 23.40 23.60 23.60 23.60 23.70 23.70 24.20 25.60 24.40 26.00 27.00 24.90 25.80 25.50 23.80 23.30 * 1
2018-01-16 16:46:49 24.10 23.80 23.80 23.70 23.20 23.40 23.30 23.40 23.70 23.90 24.00 24.10 24.00 24.10 24.10 24.10 * 23.40 23.60 23.60 23.60 23.70 23.70 24.20 25.60 24.40 26.00 27.10 24.90 25.80 25.50 23.80 23.40 * 1
2018-01-16 16:46:49 24.10 23.80 23.80 23.80 23.30 23.40 23.30 23.60 23.80 23.90 24.00 24.10 24.00 24.10 24.20 24.20 * 23.40 23.60 23.60 23.60 23.70 23.70 24.20 25.60 24.40 26.00 27.00 25.00 25.80 25.40 23.80 23.40 * 1
2018-01-16 16:46:49 24.10 23.80 23.80 23.70 23.30 23.40 23.30 23.60 23.70 23.80 24.00 24.00 23.90 24.00 24.10 24.10 * 23.30 23.60 23.60 23.60 23.60 23.70 24.10 25.60 24.40 26.00 27.00 25.00 25.80 25.40 23.90 23.50 * 1
2018-01-16 16:46:50 24.00 23.70 23.80 23.60 23.20 23.40 23.30 23.50 23.60 23.80 23.90 24.00 23.90 24.00 24.10 24.10 * 23.50 23.70 23.70 23.70 23.70 23.80 24.30 25.70 24.50 26.10 27.10 25.00 25.90 25.40 23.90 23.50 * 1
