2018-01-16 17:42:01 24.00 23.90 24.50 25.60 25.20 25.40 23.70 23.70 23.80 23.80 23.90 24.00 23.90 24.00 24.10 23.90 * 23.80 23.70 23.70 23.60 23.50 23.60 23.50 23.40 23.10 23.20 23.40 23.30 23.10 23.10 23.10 22.90 * 1
2018-01-16 17:42:01 23.90 23.90 24.00 25.10 25.30 26.20 23.80 23.70 24.10 23.90 24.00 24.00 24.00 24.10 24.10 24.10 * 23.60 23.70 23.70 23.70 23.40 23.60 23.50 23.30 23.30 23.40 23.60 23.50 23.30 23.20 23.20 23.10 * 1
2018-01-16 17:42:01 23.90 23.80 23.90 24.20 25.20 26.00 24.00 23.80 24.70 24.00 24.10 24.10 24.10 24.20 24.20 24.20 * 23.50 23.60 23.90 23.70 23.50 23.60 23.50 23.40 23.40 23.50 23.70 23.60 23.40 23.30 23.30 23.20 * 1
2018-01-16 17:42:02 24.00 23.90 23.90 23.80 24.30 25.90 24.50 23.90 24.90 23.90 24.00 24.00 24.00 24.10 24.20 24.10 * 23.40 23.30 23.90 23.80 23.40 23.60 23.40 23.40 23.40 23.50 23.60 23.60 23.30 23.20 23.30 23.20 * 1
2018-01-16 17:42:02 23.90 23.80 23.70 23.70 23.70 26.30 24.20 23.80 24.60 23.90 24.00 24.10 24.10 24.10 24.20 24.10 * 23.30 23.30 23.60 24.00 23.50 23.60 23.40 23.40 23.20 23.30 23.50 23.40 23.20 23.20 23.20 23.00 * 1
2018-01-16 17:42:02 23.90 23.80 23.70 23.60 23.30 25.70 24.60 23.80 25.30 23.90 24.00 24.10 24.00 24.10 24.10 24.10 * 23.40 23.40 23.40 24.00 23.70 23.60 23.50 23.40 23.40 23.50 23.70 23.60 23.30 23.30 23.30 23.20 * 1
2018-01-16 17:42:02 23.90 23.80 23.70 23.60 23.30 24.40 25.60 23.90 25.70 24.20 24.00 24.00 24.00 24.10 24.10 24.10 * 23.40 23.30 23.30 23.80 23.80 23.70 23.50 23.40 23.30 23.40 23.70 23.50 23.30 23.30 23.30 23.20 * 1
2018-01-16 17:42:03 23.90 23.70 23.70 23.60 23.30 23.60 25.80 24.20 25.30 24.80 24.00 24.00 24.00 24.10 24.20 24.10 * 23.30 23.30 23.20 23.30 23.60 23.90 23.40 23.30 23.20 23.30 23.50 23.40 23.20 23.20 23.20 23.10 * 1
2018-01-16 17:42:03 23.90 23.60 23.70 23.60 23.30 23.50 24.50 25.60 24.80 25.60 24.20 24.00 24.00 24.10 24.20 24.10 * 23.30 23.30 23.20 23.30 23.50 24.00 23.50 23.30 23.30 23.40 23.50 23.40 23.20 23.20 23.20 23.00 * 1
2018-01-16 17:42:03 23.90 23.70 23.70 23.60 23.30 23.60 24.10 26.10 24.40 26.50 25.60 24.10 24.00 24.10 24.10 24.10 * 23.30 23.30 23.30 23.30 23.40 23.80 23.60 23.40 23.70 23.40 23.60 23.50 23.30 23.30 23.30 23.10 * 1
2018-01-16 17:42:03 23.90 23.80 23.80 23.60 23.40 23.60 23.70 26.30 24.30 26.60 26.40 24.00 24.00 24.10 24.10 24.10 * 23.20 23.20 23.20 23.20 23.30 23.60 23.70 23.30 23.90 23.60 23.80 23.60 23.50 23.40 23.40 23.30 * 1
2018-01-16 17:42:04 23.80 23.70 23.70 23.60 23.20 23.40 23.50 25.80 24.20 26.40 27.00 24.00 24.00 24.10 24.10 24.10 * 23.30 23.40 23.30 23.30 23.40 24.10 24.10 23.50 24.10 23.70 23.80 23.70 23.60 23.50 23.50 23.40 * 1
2018-01-16 17:42:04 23.80 23.60 23.60 23.50 23.20 23.40 23.40 24.70 24.00 24.60 26.30 24.10 24.10 24.10 24.20 24.10 * 23.30 23.30 23.20 23.20 23.30 24.10 24.60 24.20 25.10 25.50 25.60 24.10 23.50 23.50 23.50 23.30 * 1
2018-01-16 17:42:04 23.80 23.70 23.60 23.50 23.30 23.40 23.30 23.70 24.00 23.90 24.40 24.10 24.10 24.10 24.10 24.10 * 23.40 23.40 23.20 23.30 23.30 24.00 24.80 25.50 24.80 26.70 27.00 25.70 23.70 23.60 23.60 23.40 * 1
2018-01-16 17:42:05 23.80 23.70 23.60 23.50 23.30 23.50 23.40 23.60 23.90 23.80 24.00 24.10 24.00 24.10 24.10 24.10 * 23.30 23.30 23.20 23.30 23.30 23.60 24.10 25.80 24.00 26.60 27.10 27.30 24.10 23.50 23.50 23.30 * 1
2018-01-16 17:42:05 23.80 23.60 23.60 23.60 23.20 23.50 23.30 23.50 23.80 23.80 24.00 24.10 24.00 24.10 24.10 24.10 * 23.20 23.20 23.20 23.20 23.30 23.40 23.50 25.80 23.90 26.60 27.00 27.60 24.50 23.30 23.40 23.10 * 1
2018-01-16 17:42:05 23.70 23.60 23.60 23.40 23.20 23.40 23.30 23.40 23.80 23.90 24.10 24.10 24.00 24.10 24.10 24.10 * 23.30 23.30 23.20 23.20 23.40 23.60 24.60 26.20 24.50 26.80 27.10 27.60 24.50 23.30 23.40 23.10 * 1
2018-01-16 17:42:05 23.70 23.60 23.60 23.50 23.20 23.40 23.30 23.40 23.80 23.80 24.00 24.00 24.00 24.10 24.10 24.00 * 23.40 23.30 23.30 23.30 23.40 23.70 24.90 26.00 25.00 26.40 27.10 27.70 24.60 23.40 23.40 23.20 * 1
2018-01-16 17:42:06 23.80 23.70 23.60 23.50 23.30 23.40 23.30 23.50 23.90 23.90 24.10 24.10 24.10 24.10 24.20 24.00 * 23.30 23.20 23.20 23.20 23.40 23.90 24.80 25.80 25.00 26.30 27.30 27.60 24.90 23.50 23.30 23.20 * 1
2018-01-16 17:42:06 23.90 23.70 23.70 23.60 23.30 23.50 23.40 23.50 23.80 23.90 24.00 24.00 24.00 24.10 24.10 24.00 * 23.20 23.30 23.30 23.20 23.40 24.00 24.80 25.80 25.10 26.30 27.50 27.60 25.10 23.50 23.30 23.20 * 1
2018-01-16 17:42:06 23.70 23.60 23.50 23.50 23.20 23.40 23.30 23.40 23.70 23.80 24.00 23.90 23.90 24.00 24.00 24.00 * 23.20 23.30 23.20 23.20 23.30 24.00 24.80 25.80 25.10 26.40 27.80 27.60 25.30 23.40 23.40 23.20 * 1
2018-01-16 17:42:06 23.60 23.60 23.50 23.40 23.20 23.40 23.30 23.40 23.80 23.90 24.00 24.00 24.00 24.10 24.10 24.10 * 23.30 23.30 23.10 23.20 23.30 24.00 24.80 25.90 25.20 26.50 28.20 27.80 25.50 23.60 23.50 23.30 * 1
2018-01-16 17:42:07 23.70 23.60 23.50 23.40 23.20 23.40 23.30 23.40 23.70 23.80 23.90 23.90 24.00 24.00 24.10 24.00 * 23.30 23.30 23.20 23.20 23.30 24.00 24.90 25.90 25.20 26.60 28.20 27.80 25.60 23.60 23.50 23.30 * 1
2018-01-16 17:42:07 23.80 23.70 23.60 23.50 23.30 23.50 23.40 23.50 23.70 23.70 23.90 23.90 24.00 24.00 24.00 23.90 * 23.20 23.30 23.10 23.20 23.30 24.00 24.90 25.80 25.10 26.70 28.20 27.80 25.70 23.60 23.50 23.40 * 1
2018-01-16 17:42:07 23.70 23.60 23.50 23.40 23.20 23.40 23.30 23.50 23.80 23.80 24.00 24.00 24.00 24.10 24.10 24.00 * 23.20 23.20 23.20 23.20 23.40 23.90 24.90 25.90 25.10 26.60 28.20 27.80 25.70 23.60 23.50 23.30 * 1
2018-01-16 17:42:08 23.70 23.60 23.60 23.40 23.20 23.40 23.30 23.40 23.70 23.80 24.00 24.00 24.00 24.00 24.00 24.00 * 23.30 23.30 23.30 23.30 23.50 24.00 25.00 26.00 25.10 26.50 28.10 27.80 25.70 23.50 23.40 23.20 * 1
2018-01-16 17:42:08 23.80 23.70 23.70 23.60 23.30 23.50 23.40 23.50 23.80 23.90 24.10 24.10 24.10 24.10 24.10 24.10 * 23.30 23.30 23.20 23.30 23.40 24.00 24.90 25.90 25.20 26.60 28.20 27.80 25.70 23.60 23.50 23.30 * 1
2018-01-16 17:42:08 23.80 23.70 23.70 23.60 23.30 23.60 23.50 23.60 23.80 23.80 23.90 24.00 24.00 24.10 24.10 24.00 * 23.30 23.30 23.30 23.30 23.50 24.10 25.00 26.00 25.20 26.60 28.20 27.80 25.70 23.50 23.40 23.30 * 1
2018-01-16 17:42:08 23.60 23.50 23.60 23.40 23.10 23.30 23.20 23.40 23.60 23.80 24.00 23.90 23.90 24.00 24.00 24.00 * 23.20 23.30 23.20 23.30 23.40 24.10 25.00 25.90 25.10 26.60 28.20 27.80 25.70 23.50 23.40 23.20 * 1
2018-01-16 17:42:09 23.60 23.40 23.50 23.40 23.10 23.30 23.20 23.30 23.70 23.80 24.00 24.00 24.00 24.00 24.10 24.00 * 23.30 23.30 23.30 23.30 23.40 24.10 25.00 25.90 25.40 26.70 28.40 28.10 26.00 23.70 23.70 23.50 * 1
2018-01-16 17:42:09 23.60 23.50 23.50 23.40 23.10 23.30 23.20 23.40 23.60 23.70 23.90 23.90 23.90 23.90 24.00 23.90 * 23.40 23.30 23.40 23.30 23.50 24.10 25.10 26.00 25.40 26.70 28.40 28.00 26.00 23.70 23.60 23.40 * 1
2018-01-16 17:42:09 23.70 23.60 23.60 23.40 23.20 23.40 23.20 23.40 23.70 23.70 23.90 24.00 23.90 24.00 24.00 24.00 * 23.30 23.30 23.30 23.30 23.50 24.10 25.10 26.10 25.30 26.70 28.30 27.90 26.00 23.60 23.50 23.40 * 1
2018-01-16 17:42:09 23.60 23.60 23.60 23.40 23.20 23.40 23.20 23.40 23.70 23.80 24.00 24.00 24.00 24.10 24.10 24.00 * 23.30 23.40 23.30 23.30 23.50 24.10 25.20 26.00 25.20 26.60 28.20 27.90 26.20 23.60 23.40 23.30 * 1
2018-01-16 17:42:10 23.60 23.60 23.70 23.60 23.20 23.50 23.40 23.40 23.80 23.80 24.00 24.00 24.00 24.10 24.10 24.00 * 23.40 23.50 23.30 23.40 23.50 24.10 25.20 26.20 25.20 26.70 28.20 27.90 26.90 23.70 23.50 23.40 * 1
2018-01-16 17:42:10 23.80 23.70 23.70 23.60 23.30 23.50 23.40 23.50 23.80 23.80 24.00 24.10 24.00 24.10 24.10 24.00 * 23.40 23.40 23.20 23.30 23.40 24.00 25.10 26.10 25.30 26.60 28.20 28.00 27.00 23.80 23.50 23.40 * 1
2018-01-16 17:42:10 23.70 23.70 23.70 23.60 23.30 23.50 23.40 23.50 23.60 23.70 23.90 24.00 23.90 24.00 24.10 23.90 * 23.40 23.30 23.20 23.30 23.40 24.00 25.10 26.00 25.30 26.60 28.20 28.00 27.00 23.80 23.40 23.30 * 1
2018-01-16 17:42:10 23.50 23.50 23.50 23.30 23.10 23.30 23.20 23.30 23.70 23.80 23.90 23.90 23.90 24.00 24.10 23.90 * 23.30 23.30 23.20 23.20 23.40 24.10 25.10 26.10 25.30 26.60 28.30 28.00 27.10 23.80 23.50 23.30 * 1
2018-01-16 17:42:11 23.60 23.50 23.50 23.50 23.10 23.30 23.20 23.40 23.80 23.80 23.90 24.00 23.90 24.00 24.00 24.00 * 23.30 23.40 23.20 23.30 23.50 24.10 25.10 26.10 25.30 26.60 28.30 28.00 27.10 23.90 23.50 23.30 * 1
2018-01-16 17:42:11 23.70 23.60 23.60 23.60 23.20 23.40 23.40 23.50 23.70 23.70 23.90 23.90 23.90 24.00 24.10 24.00 * 23.40 23.40 23.30 23.30 23.50 24.10 25.10 26.10 25.20 26.60 28.20 28.00 27.10 23.80 23.40 23.20 * 1
2018-01-16 17:42:11 23.80 23.70 23.70 23.60 23.30 23.50 23.50 23.60 23.70 23.70 23.90 23.90 23.90 24.00 24.10 23.90 * 23.30 23.30 23.20 23.20 23.30 24.00 25.10 26.00 25.20 26.60 28.10 28.00 27.10 23.80 23.40 23.20 * 1
2018-01-16 17:42:11 23.90 23.70 23.70 23.60 23.40 23.60 23.40 23.50 23.60 23.70 23.80 23.90 23.90 24.00 24.00 23.90 * 23.30 23.30 23.20 23.20 23.40 24.00 25.10 26.00 25.20 26.60 28.20 28.00 27.20 23.80 23.40 23.20 * 1
2018-01-16 17:42:12 23.70 23.60 23.60 23.50 23.20 23.40 23.30 23.40 23.80 23.90 24.00 24.00 24.00 24.20 24.20 24.10 * 23.40 23.40 23.30 23.30 23.50 24.10 25.20 26.10 25.50 26.80 28.40 28.10 27.30 23.90 23.60 23.40 * 1
2018-01-16 17:42:12 23.70 23.70 23.60 23.50 23.20 23.40 23.30 23.50 23.80 23.90 24.00 24.00 24.00 24.10 24.10 24.00 * 23.40 23.40 23.30 23.30 23.50 24.10 25.20 26.00 25.50 26.80 28.40 28.10 27.20 23.90 23.60 23.40 * 1
2018-01-16 17:42:12 23.70 23.70 23.70 23.50 23.30 23.50 23.40 23.60 23.70 23.70 23.90 23.90 23.90 24.00 24.00 23.90 * 23.30 23.30 23.20 23.20 23.40 24.10 25.10 26.00 25.30 26.70 28.30 28.10 27.00 23.80 23.50 23.30 * 1
2018-01-16 17:42:13 23.70 23.60 23.50 23.40 23.20 23.40 23.30 23.40 23.70 23.80 23.90 24.00 23.90 24.10 24.00 24.00 * 23.30 23.30 23.20 23.20 23.30 24.00 25.10 26.00 25.30 26.80 28.30 28.10 27.00 23.80 23.50 23.30 * 1
2018-01-16 17:42:13 23.70 23.60 23.60 23.50 23.20 23.40 23.30 23.50 23.80 23.90 24.10 24.10 24.00 24.10 24.10 24.00 * 23.40 23.40 23.20 23.30 23.40 24.10 25.20 26.10 25.40 26.70 28.30 28.10 27.10 23.80 23.50 23.30 * 1
2018-01-16 17:42:13 23.80 23.70 23.70 23.60 23.30 23.40 23.40 23.60 23.90 23.90 24.00 24.00 24.00 24.10 24.10 24.00 * 23.40 23.40 23.30 23.30 23.50 24.10 25.30 26.20 25.30 26.60 28.20 28.00 27.00 23.80 23.40 23.20 * 1
2018-01-16 17:42:13 23.70 23.60 23.60 23.50 23.20 23.40 23.40 23.50 23.70 23.80 23.90 23.90 24.00 24.00 24.10 24.00 * 23.30 23.30 23.20 23.30 23.40 24.10 25.20 26.10 25.30 26.70 28.20 28.10 27.00 23.80 23.50 23.30 * 1
2018-01-16 17:42:14 23.70 23.60 23.60 23.50 23.20 23.40 23.30 23.50 23.60 23.80 24.00 24.00 23.90 24.00 24.10 24.00 * 23.30 23.30 23.20 23.30 23.30 24.10 25.20 26.10 25.40 26.70 28.30 28.10 27.10 23.80 23.60 23.30 * 1
2018-01-16 17:42:14 23.70 23.60 23.60 23.50 23.20 23.40 23.40 23.40 23.80 23.90 24.00 24.00 24.00 24.10 24.10 24.00 * 23.40 23.40 23.30 23.30 23.50 24.10 25.30 26.20 25.40 26.70 28.30 28.20 27.10 23.90 23.50 23.30 * 1
2018-01-16 17:42:14 23.80 23.70 23.70 23.60 23.30 23.50 23.50 23.50 23.80 23.90 24.00 24.00 24.00 24.20 24.10 24.10 * 23.30 23.40 23.30 23.30 23.40 24.10 25.30 26.10 25.20 26.60 28.20 28.00 27.00 23.70 23.30 23.10 * 1
2018-01-16 17:42:15 23.80 23.70 23.70 23.60 23.30 23.50 23.40 23.60 23.70 23.80 24.00 23.90 24.00 24.10 24.00 24.00 * 23.20 23.30 23.10 23.20 23.30 24.00 25.20 26.00 25.20 26.60 28.10 28.00 26.90 23.70 23.30 23.10 * 1
2018-01-16 17:42:15 23.70 23.70 23.60 23.60 23.30 23.40 23.40 23.50 23.60 23.80 23.90 23.90 23.90 24.10 24.00 24.00 * 23.30 23.30 23.20 23.20 23.40 24.10 25.20 26.10 25.30 26.70 28.20 28.20 27.00 23.80 23.40 23.30 * 1
2018-01-16 17:42:15 23.60 23.60 23.60 23.50 23.20 23.40 23.30 23.40 23.80 23.90 24.00 24.00 24.00 24.10 24.20 24.00 * 23.20 23.30 23.20 23.20 23.40 24.10 25.20 26.10 25.30 26.70 28.30 28.20 27.10 23.90 23.50 23.30 * 1
2018-01-16 17:42:15 23.70 23.60 23.60 23.50 23.20 23.40 23.30 23.40 23.80 23.80 24.00 24.00 24.00 24.10 24.10 24.00 * 23.20 23.30 23.20 23.20 23.40 24.10 25.20 26.10 25.40 26.70 28.40 28.20 27.20 23.90 23.60 23.30 * 1
2018-01-16 17:42:16 23.70 23.60 23.60 23.40 23.20 23.40 23.30 23.40 23.70 23.70 23.90 24.00 23.90 24.00 23.90 23.90 * 23.20 23.30 23.20 23.20 23.40 24.00 25.10 26.10 25.40 26.70 28.30 28.20 27.10 23.80 23.40 23.20 * 1
2018-01-16 17:42:16 23.80 23.60 23.60 23.50 23.30 23.50 23.30 23.40 23.60 23.80 23.90 24.00 23.90 24.00 24.00 24.00 * 23.20 23.30 23.20 23.20 23.30 24.00 25.20 26.00 25.40 26.70 28.30 28.20 27.00 23.80 23.40 23.20 * 1
2018-01-16 17:42:16 23.80 23.70 23.70 23.60 23.30 23.50 23.40 23.50 23.70 23.80 24.00 24.00 24.00 24.10 24.10 24.10 * 23.30 23.30 23.20 23.30 23.40 24.10 25.20 26.10 25.40 26.70 28.30 28.20 27.20 23.90 23.50 23.30 * 1
2018-01-16 17:42:16 23.90 23.70 23.70 23.60 23.40 23.60 23.50 23.60 23.70 23.80 24.00 24.00 24.00 24.10 24.00 24.00 * 23.30 23.30 23.20 23.30 23.40 24.10 25.20 26.10 25.20 26.60 28.20 28.10 27.00 23.70 23.30 23.10 * 1
2018-01-16 17:42:17 23.70 23.60 23.70 23.50 23.30 23.50 23.40 23.60 23.80 23.80 24.00 24.00 24.00 24.10 24.00 24.00 * 23.20 23.20 23.20 23.20 23.30 24.00 25.10 26.00 25.20 26.60 28.20 28.10 27.00 23.70 23.30 23.10 * 1
2018-01-16 17:42:17 23.60 23.50 23.60 23.40 23.20 23.40 23.30 23.40 23.70 23.70 24.00 23.90 23.90 24.00 24.00 24.00 * 23.30 23.30 23.20 23.20 23.40 24.10 25.30 26.10 25.30 26.70 28.30 28.10 27.00 23.70 23.40 23.20 * 1
