2018-01-16 17:32:45 23.70 23.40 23.20 23.40 23.50 23.70 24.10 26.10 24.20 26.20 25.40 24.20 23.80 23.80 23.90 23.90 * 23.20 23.30 23.30 23.40 23.60 23.60 23.70 23.80 23.40 23.70 23.90 23.80 23.20 23.10 23.00 22.80 * 1
2018-01-16 17:32:45 23.60 23.30 23.20 23.40 23.40 23.70 23.60 25.00 24.20 25.50 26.10 24.30 23.90 23.90 24.00 24.10 * 23.40 23.40 23.50 23.50 23.70 23.90 23.70 23.70 23.30 23.60 24.00 23.90 23.20 23.10 23.10 22.80 * 1
2018-01-16 17:32:45 23.70 23.30 23.20 23.40 23.40 23.70 23.70 24.60 24.10 24.80 26.50 24.20 24.00 24.00 24.00 24.10 * 23.50 23.50 23.50 23.60 23.80 23.80 23.80 23.70 23.40 23.70 24.20 23.80 23.30 23.10 23.20 23.00 * 1
2018-01-16 17:32:46 23.70 23.30 23.20 23.40 23.50 23.70 23.70 24.30 23.90 24.40 26.10 24.10 23.90 23.90 24.00 24.10 * 23.40 23.40 23.40 23.50 23.70 23.70 23.70 23.60 23.50 23.70 24.30 23.70 23.30 23.20 23.20 23.10 * 1
2018-01-16 17:32:46 23.70 23.30 23.10 23.40 23.50 23.70 23.60 24.20 23.90 24.20 25.80 24.10 23.90 23.90 24.00 24.10 * 23.20 23.20 23.30 23.40 23.70 23.60 23.60 23.50 23.30 23.50 24.10 23.60 23.20 23.20 23.00 22.90 * 1
2018-01-16 17:32:46 23.60 23.40 23.10 23.40 23.50 23.80 23.60 24.10 23.90 24.10 25.70 24.00 23.80 23.80 23.90 24.00 * 23.20 23.20 23.30 23.40 23.70 23.60 23.60 23.50 23.50 23.60 24.10 23.60 23.20 23.20 23.10 23.00 * 1
2018-01-16 17:32:46 23.70 23.40 23.20 23.40 23.50 23.80 23.60 24.10 24.00 24.20 25.80 24.10 23.90 23.90 24.00 24.00 * 23.30 23.40 23.40 23.50 23.70 23.70 23.60 23.60 23.50 23.60 24.00 23.60 23.20 23.20 23.20 23.00 * 1
2018-01-16 17:32:47 23.60 23.30 23.20 23.40 23.40 23.70 23.60 24.20 24.00 24.40 26.00 24.20 23.90 23.90 24.00 24.10 * 23.20 23.30 23.30 23.40 23.60 23.60 23.50 23.50 23.40 23.50 23.80 23.60 23.20 23.10 23.10 22.80 * 1
2018-01-16 17:32:47 23.60 23.30 23.10 23.40 23.40 23.70 23.70 24.60 24.00 25.10 25.80 24.10 23.90 23.80 23.90 24.10 * 23.30 23.30 23.30 23.40 23.60 23.60 23.60 23.60 23.30 23.60 23.80 23.50 23.10 23.00 23.00 22.90 * 1
2018-01-16 17:32:47 23.60 23.30 23.10 23.40 23.50 23.70 23.70 25.40 24.40 25.90 25.30 24.00 23.90 23.90 24.00 24.10 * 23.20 23.20 23.30 23.30 23.60 23.60 23.50 23.60 23.40 23.70 23.70 23.50 23.10 23.10 23.00 22.90 * 1
2018-01-16 17:32:47 23.60 23.30 23.20 23.40 23.50 24.50 25.50 26.20 25.30 26.40 24.90 24.10 23.90 24.00 24.10 24.30 * 23.40 23.40 23.40 23.50 23.80 23.90 24.00 23.90 23.80 23.90 23.70 23.60 23.20 23.20 23.20 23.00 * 1
2018-01-16 17:32:48 23.60 23.30 23.20 23.30 23.80 26.30 26.40 25.40 26.60 25.80 24.40 24.00 24.00 24.00 24.10 24.20 * 23.30 23.40 23.40 24.00 23.90 24.60 24.40 23.90 24.10 23.90 23.70 23.60 23.20 23.20 23.10 22.90 * 1
2018-01-16 17:32:48 23.60 23.30 23.10 23.30 23.80 25.60 25.20 24.20 24.30 24.00 24.10 24.00 24.00 23.90 24.00 24.10 * 23.30 23.40 23.50 24.90 24.10 25.30 24.50 23.90 24.30 23.90 23.70 23.50 23.20 23.20 23.10 22.90 * 1
2018-01-16 17:32:48 23.70 23.30 23.10 23.40 23.60 23.80 23.60 23.80 24.00 24.00 24.00 24.00 24.00 23.90 24.00 24.10 * 23.50 23.60 24.10 25.50 24.70 25.60 24.60 24.10 24.40 24.00 23.80 23.60 23.30 23.20 23.20 23.10 * 1
2018-01-16 17:32:49 23.60 23.30 23.10 23.30 23.40 23.70 23.60 23.80 23.90 23.90 24.00 24.00 23.90 23.80 24.00 24.10 * 23.50 24.30 25.20 25.20 24.60 25.30 24.30 24.00 24.20 24.00 23.70 23.60 23.20 23.20 23.20 23.00 * 1
2018-01-16 17:32:49 23.60 23.30 23.10 23.40 23.40 23.70 23.60 23.80 23.90 24.00 24.10 23.90 23.90 23.90 24.00 24.10 * 23.50 24.60 25.10 25.00 24.50 24.80 24.20 23.90 24.10 24.00 23.70 23.50 23.10 23.20 23.10 23.00 * 1
2018-01-16 17:32:49 23.70 23.30 23.10 23.40 23.50 23.70 23.60 23.70 23.80 23.90 23.90 23.90 23.90 23.80 24.00 24.00 * 23.60 24.60 25.20 25.00 24.40 24.70 24.10 23.90 24.00 23.90 23.70 23.60 23.30 23.20 23.10 23.10 * 1
2018-01-16 17:32:49 23.70 23.30 23.10 23.40 23.50 23.70 23.50 23.70 23.90 24.00 24.00 23.90 23.90 23.90 24.00 24.10 * 23.60 24.60 25.20 25.00 24.40 24.60 24.10 23.70 24.00 23.70 23.70 23.60 23.30 23.20 23.20 23.10 * 1
2018-01-16 17:32:50 23.70 23.40 23.10 23.40 23.50 23.70 23.60 23.80 24.00 24.00 24.00 24.00 24.00 23.90 24.10 24.20 * 23.80 24.70 25.20 25.10 24.40 24.80 24.20 23.80 24.00 23.70 23.70 23.60 23.30 23.20 23.20 23.10 * 1
2018-01-16 17:32:50 23.70 23.30 23.10 23.40 23.50 23.70 23.60 23.80 23.80 23.90 23.90 23.90 23.90 23.80 24.00 24.00 * 23.70 24.80 25.20 25.10 24.40 24.70 24.20 23.70 24.00 23.70 23.70 23.60 23.20 23.20 23.20 23.00 * 1
2018-01-16 17:32:50 23.70 23.30 23.10 23.40 23.50 23.70 23.60 23.80 23.90 24.00 24.00 24.00 23.90 23.90 24.00 24.10 * 23.70 24.90 25.20 25.10 24.50 24.80 24.20 23.70 24.00 23.60 23.70 23.60 23.20 23.20 23.20 23.00 * 1
2018-01-16 17:32:50 23.70 23.30 23.20 23.40 23.40 23.70 23.60 23.80 23.90 23.90 24.00 23.90 23.90 23.90 24.00 24.10 * 23.70 24.90 25.20 25.10 24.40 24.70 24.20 23.70 24.20 23.80 23.70 23.60 23.30 23.30 23.30 23.10 * 1
2018-01-16 17:32:51 23.80 23.40 23.10 23.40 23.40 23.80 23.70 23.80 23.90 23.90 24.10 23.90 23.90 23.90 24.00 24.10 * 23.80 24.90 25.20 25.20 24.50 24.70 24.20 23.70 24.20 23.80 23.70 23.60 23.30 23.30 23.20 23.10 * 1
2018-01-16 17:32:51 23.80 23.40 23.20 23.50 23.50 23.80 23.60 23.80 23.90 23.90 24.00 24.00 23.90 23.90 24.00 24.10 * 23.70 24.90 25.10 25.30 24.70 24.60 24.10 23.60 24.20 23.70 23.70 23.60 23.30 23.20 23.20 23.10 * 1
2018-01-16 17:32:51 23.80 23.40 23.20 23.40 23.50 23.80 23.60 23.80 23.80 23.90 24.00 23.90 23.80 23.90 23.90 24.00 * 23.80 24.90 25.20 25.40 24.80 24.70 24.20 23.80 24.10 23.70 23.70 23.60 23.30 23.20 23.20 23.10 * 1
2018-01-16 17:32:52 23.70 23.40 23.20 23.40 23.50 23.80 23.60 23.80 23.90 23.90 24.00 24.00 23.90 23.80 24.00 24.10 * 23.80 24.90 25.20 25.50 24.70 24.70 24.20 23.80 24.20 23.70 23.80 23.70 23.30 23.30 23.30 23.20 * 1
2018-01-16 17:32:52 23.80 23.40 23.20 23.50 23.50 23.80 23.70 23.90 24.00 24.00 24.00 24.10 24.00 23.90 24.10 24.10 * 23.80 25.00 25.20 25.50 24.80 24.70 24.20 23.80 24.30 23.80 23.90 23.70 23.40 23.30 23.30 23.20 * 1
2018-01-16 17:32:52 23.70 23.20 23.10 23.30 23.40 23.60 23.60 23.80 23.90 23.90 24.00 24.00 23.90 23.90 24.00 24.00 * 23.90 24.90 25.30 25.50 24.80 24.70 24.30 23.80 24.20 23.70 23.80 23.70 23.40 23.30 23.30 23.10 * 1
2018-01-16 17:32:52 23.70 23.30 23.10 23.40 23.40 23.70 23.60 23.80 24.00 24.00 24.10 24.00 24.00 23.90 24.00 24.10 * 23.90 24.90 25.30 25.60 24.80 24.70 24.30 23.90 24.20 23.70 23.80 23.70 23.40 23.30 23.30 23.20 * 1
2018-01-16 17:32:53 23.70 23.30 23.10 23.40 23.40 23.70 23.60 23.80 23.90 24.00 24.00 24.00 23.90 23.80 24.00 24.00 * 23.90 25.00 25.30 25.60 24.90 24.80 24.40 24.00 24.40 24.00 24.00 23.80 23.50 23.50 23.50 23.40 * 1
2018-01-16 17:32:53 23.70 23.20 23.10 23.30 23.40 23.60 23.60 23.70 23.90 24.00 24.00 24.00 23.90 23.90 24.00 24.10 * 23.90 25.10 25.30 25.60 24.90 24.80 24.30 23.90 24.40 24.00 24.00 23.80 23.50 23.50 23.50 23.40 * 1
2018-01-16 17:32:53 23.70 23.20 23.10 23.30 23.40 23.60 23.60 23.60 23.90 23.90 24.00 23.90 23.90 23.80 24.00 24.10 * 23.80 25.00 25.20 25.50 24.80 24.60 24.20 23.80 24.40 23.90 23.90 23.80 23.50 23.40 23.50 23.30 * 1
2018-01-16 17:32:53 23.70 23.30 23.20 23.30 23.40 23.70 23.60 23.70 23.90 23.80 23.90 23.80 23.80 23.80 24.00 24.00 * 23.80 25.00 25.20 25.20 24.60 24.70 24.30 23.80 24.40 23.90 23.90 23.70 23.40 23.40 23.40 23.40 * 1
2018-01-16 17:32:54 23.60 23.30 23.10 23.30 23.40 23.60 23.60 23.80 23.90 24.00 24.10 24.00 23.90 23.90 24.00 24.20 * 23.80 25.00 25.30 25.10 24.50 24.80 24.30 23.80 24.50 23.90 24.00 23.80 23.50 23.40 23.50 23.40 * 1
2018-01-16 17:32:54 23.70 23.30 23.10 23.30 23.50 23.60 23.60 23.70 24.00 24.10 24.10 24.10 24.00 24.00 24.10 24.30 * 23.80 24.90 25.30 25.20 24.50 24.70 24.30 23.80 24.50 23.90 24.00 23.80 23.50 23.40 23.50 23.30 * 1
2018-01-16 17:32:54 23.60 23.20 23.00 23.20 23.40 23.50 23.40 23.60 23.90 24.00 24.10 24.00 24.00 23.90 24.10 24.10 * 23.80 25.00 25.30 25.20 24.50 24.80 24.30 24.00 24.40 24.00 23.80 23.70 23.40 23.30 23.40 23.20 * 1
2018-01-16 17:32:54 23.60 23.20 23.00 23.20 23.40 23.60 23.50 23.60 23.90 24.00 24.10 24.00 24.00 24.00 24.00 24.10 * 23.80 25.00 25.30 25.10 24.40 24.70 24.20 24.00 24.50 24.20 23.80 23.70 23.40 23.30 23.40 23.30 * 1
2018-01-16 17:32:55 23.70 23.30 23.10 23.30 23.40 23.70 23.60 23.70 23.90 24.00 24.00 24.00 24.00 23.90 24.00 24.10 * 23.80 25.00 25.30 25.10 24.40 24.80 24.30 24.00 24.50 24.30 23.90 23.70 23.40 23.40 23.40 23.30 * 1
2018-01-16 17:32:55 23.70 23.30 23.20 23.40 23.40 23.60 23.50 23.80 24.00 24.00 24.00 24.00 24.00 23.90 24.00 24.10 * 23.90 25.10 25.30 25.20 24.60 24.90 24.40 24.10 24.40 24.20 23.80 23.60 23.40 23.30 23.30 23.20 * 1
2018-01-16 17:32:55 23.60 23.20 23.10 23.30 23.40 23.60 23.50 23.60 23.90 24.00 24.00 24.00 24.00 23.80 24.00 24.10 * 23.90 25.10 25.30 25.10 24.60 24.80 24.40 24.10 24.30 24.10 23.70 23.60 23.30 23.30 23.30 23.20 * 1
2018-01-16 17:32:56 23.60 23.20 23.10 23.30 23.40 23.60 23.60 23.70 23.80 23.90 24.00 23.90 23.90 23.80 23.90 24.10 * 23.80 24.90 25.20 25.00 24.40 24.70 24.20 23.90 24.30 24.10 23.70 23.50 23.30 23.20 23.20 23.20 * 1
2018-01-16 17:32:56 23.60 23.20 23.10 23.30 23.40 23.60 23.60 23.70 23.90 23.90 24.10 24.00 24.00 24.00 24.00 24.10 * 23.70 24.90 25.20 25.00 24.40 24.70 24.20 24.00 24.30 24.10 23.70 23.60 23.30 23.30 23.30 23.20 * 1
2018-01-16 17:32:56 23.60 23.20 23.00 23.30 23.40 23.60 23.50 23.60 23.90 23.90 24.00 24.00 23.90 23.90 24.00 24.10 * 23.70 24.90 25.20 25.00 24.40 24.80 24.20 24.00 24.40 24.20 23.80 23.60 23.40 23.30 23.30 23.30 * 1
2018-01-16 17:32:56 23.50 23.20 23.00 23.20 23.30 23.50 23.40 23.60 23.80 23.90 24.00 24.00 23.90 23.90 24.00 24.10 * 23.80 24.90 25.20 25.00 24.40 24.70 24.30 23.90 24.30 24.10 23.80 23.60 23.30 23.20 23.30 23.20 * 1
2018-01-16 17:32:57 23.50 23.20 23.00 23.20 23.30 23.60 23.40 23.60 23.80 23.80 24.00 23.90 23.90 23.90 24.00 24.00 * 23.80 25.20 25.20 25.00 24.50 24.80 24.20 23.80 24.30 24.10 23.80 23.60 23.30 23.20 23.30 23.10 * 1
2018-01-16 17:32:57 23.50 23.20 23.10 23.20 23.30 23.60 23.50 23.60 23.90 24.00 24.00 24.00 24.00 23.90 24.10 24.20 * 24.50 25.30 25.30 25.10 24.50 24.80 24.30 23.90 24.60 24.40 23.90 23.70 23.50 23.40 23.50 23.40 * 1
2018-01-16 17:32:57 23.60 23.30 23.10 23.30 23.40 23.60 23.50 23.60 24.00 24.00 24.00 24.00 24.00 24.00 24.10 24.10 * 25.10 25.40 25.30 25.20 24.50 24.90 24.30 24.10 24.50 24.30 23.80 23.80 23.40 23.40 23.40 23.30 * 1
2018-01-16 17:32:57 23.60 23.20 23.00 23.20 23.30 23.60 23.40 23.60 23.90 23.90 24.00 23.90 23.90 23.80 24.00 23.90 * 24.90 25.40 25.20 25.20 24.50 24.80 24.30 24.10 24.40 24.30 23.90 23.70 23.40 23.40 23.40 23.30 * 1
2018-01-16 17:32:58 23.60 23.20 23.00 23.20 23.30 23.60 23.50 23.60 23.80 23.80 24.00 23.90 23.90 23.70 23.90 24.00 * 25.00 25.40 25.20 25.10 24.50 24.80 24.20 23.90 24.40 24.20 23.80 23.60 23.40 23.30 23.30 23.20 * 1
2018-01-16 17:32:58 23.60 23.20 23.00 23.30 23.30 23.60 23.50 23.60 23.90 24.00 24.10 24.00 23.90 23.90 24.10 24.20 * 25.20 25.50 25.20 25.10 24.50 24.90 24.30 24.00 24.50 24.10 23.80 23.70 23.40 23.30 23.30 23.30 * 1
2018-01-16 17:32:58 23.60 23.20 23.00 23.30 23.40 23.60 23.50 23.60 23.90 24.00 24.00 23.90 23.90 23.80 24.00 24.10 * 25.00 25.50 25.20 25.10 24.50 24.90 24.30 24.00 24.40 24.20 23.80 23.70 23.30 23.30 23.30 23.20 * 1
2018-01-16 17:32:58 23.60 23.20 23.00 23.20 23.40 23.60 23.50 23.70 23.80 24.00 24.00 23.90 23.90 23.90 24.00 24.00 * 24.60 25.30 25.10 25.10 24.40 24.80 24.10 23.80 24.40 24.20 23.80 23.70 23.30 23.20 23.30 23.20 * 1
2018-01-16 17:32:59 23.70 23.30 23.10 23.30 23.40 23.70 23.60 23.80 23.90 23.90 24.00 24.00 24.00 23.90 24.00 24.10 * 24.50 25.30 25.10 25.10 24.40 24.80 24.10 23.90 24.40 24.20 23.80 23.70 23.40 23.30 23.30 23.30 * 1
2018-01-16 17:32:59 23.70 23.40 23.20 23.40 23.50 23.70 23.70 23.80 23.90 24.00 24.10 24.10 23.90 24.00 24.10 24.20 * 25.00 25.30 25.20 25.10 24.50 24.90 24.30 23.90 24.50 24.30 23.90 23.70 23.40 23.40 23.40 23.40 * 1
2018-01-16 17:32:59 23.80 23.50 23.30 23.40 23.50 23.80 23.70 23.90 23.90 24.00 24.10 24.10 24.00 24.00 24.10 24.20 * 25.10 25.60 25.10 25.00 24.40 24.80 24.10 23.80 24.40 24.10 23.80 23.60 23.40 23.30 23.30 23.20 * 1
2018-01-16 17:33:00 23.70 23.20 23.10 23.40 23.40 23.60 23.60 23.70 23.90 23.90 24.00 24.00 24.00 23.90 24.00 24.10 * 24.80 26.10 25.30 25.10 24.50 24.80 24.20 23.80 24.50 24.10 23.80 23.60 23.40 23.30 23.30 23.20 * 1
2018-01-16 17:33:00 23.60 23.20 23.00 23.30 23.30 23.60 23.50 23.60 24.00 23.90 24.10 24.00 24.00 24.00 24.00 24.10 * 24.30 25.90 24.40 25.50 24.30 24.70 24.60 23.90 24.70 24.10 23.80 23.60 23.30 23.20 23.20 23.10 * 1
2018-01-16 17:33:00 23.60 23.20 23.00 23.30 23.30 23.60 23.50 23.60 24.00 24.00 24.10 24.00 24.00 23.90 24.00 24.10 * 24.50 25.90 24.40 25.50 24.20 24.50 24.90 24.10 25.00 24.20 23.80 23.60 23.40 23.30 23.30 23.10 * 1
2018-01-16 17:33:00 23.70 23.40 23.10 23.40 23.40 23.70 23.60 23.70 24.00 24.10 24.10 24.00 23.90 23.90 24.00 24.10 * 24.30 25.70 24.30 25.40 24.10 24.20 25.00 24.10 25.10 24.20 23.80 23.60 23.30 23.20 23.30 23.10 * 1
2018-01-16 17:33:01 23.60 23.40 23.20 23.40 23.40 23.70 23.60 23.70 24.00 24.10 24.10 24.00 23.90 23.90 24.10 24.20 * 23.70 24.50 23.90 25.30 24.10 24.10 25.00 24.10 25.20 24.30 23.70 23.40 23.20 23.20 23.10 23.00 * 1
2018-01-16 17:33:01 23.50 23.20 23.10 23.90 23.80 23.70 23.50 23.60 24.00 24.00 24.10 23.90 23.90 23.90 24.00 24.10 * 23.40 23.50 23.70 25.20 24.40 24.50 25.30 24.30 25.30 24.40 23.80 23.60 23.30 23.20 23.20 23.00 * 1
