2018-01-16 17:46:50 24.10 23.90 23.90 23.60 23.40 23.60 23.50 23.70 23.80 24.10 26.90 25.40 26.50 27.10 27.60 25.70 * 23.50 23.50 23.70 23.70 23.80 23.70 23.60 24.20 23.50 24.20 25.90 25.40 26.80 26.30 24.50 23.30 * 1
2018-01-16 17:46:50 24.00 23.90 23.90 23.60 23.40 23.60 23.50 23.80 24.00 24.20 27.10 26.10 27.10 27.20 26.50 24.70 * 23.40 23.50 23.60 23.60 23.70 23.70 23.50 24.50 23.50 24.50 25.60 24.90 25.60 24.90 23.80 23.30 * 1
2018-01-16 17:46:50 23.90 23.80 23.90 23.60 23.40 23.60 23.60 24.00 24.00 24.40 26.90 26.90 27.20 25.90 24.70 24.30 * 23.40 23.50 23.60 23.60 23.70 23.70 23.80 24.70 24.30 24.80 25.00 23.50 23.30 23.20 23.30 23.00 * 1
2018-01-16 17:46:51 23.90 23.70 23.80 23.60 23.30 23.50 23.50 24.30 24.00 24.70 27.30 27.10 26.50 24.30 24.10 24.10 * 23.40 23.50 23.60 23.60 23.70 23.70 24.60 25.00 24.50 24.60 24.20 23.50 23.30 23.20 23.20 23.10 * 1
2018-01-16 17:46:51 23.90 23.60 23.80 23.60 23.30 23.50 23.50 25.60 24.50 28.10 28.80 27.60 24.30 24.10 24.20 24.10 * 23.40 23.50 23.70 23.70 23.80 23.90 24.80 24.50 24.40 24.50 23.80 23.50 23.30 23.30 23.20 23.10 * 1
2018-01-16 17:46:51 23.80 23.70 23.70 23.60 23.20 23.50 23.60 27.20 24.50 28.20 27.60 25.60 24.00 24.10 24.10 24.00 * 23.50 23.60 23.90 23.80 24.80 24.80 24.90 24.60 24.40 24.50 23.60 23.50 23.30 23.30 23.20 23.00 * 1
2018-01-16 17:46:51 24.00 23.80 23.80 23.60 23.30 23.50 23.60 25.40 24.10 26.00 24.90 24.00 23.90 24.00 24.00 24.00 * 23.50 23.70 24.50 24.30 26.00 25.60 24.80 24.40 24.40 24.30 23.60 23.50 23.40 23.20 23.20 23.00 * 1
2018-01-16 17:46:52 24.00 23.80 23.80 23.60 23.40 23.50 23.50 23.60 23.80 23.90 24.00 24.10 24.00 24.20 24.10 24.10 * 23.40 23.90 25.30 25.50 26.40 25.50 24.60 23.80 24.10 23.60 23.60 23.50 23.40 23.30 23.30 23.10 * 1
2018-01-16 17:46:52 23.90 23.80 23.70 23.60 23.30 23.50 23.40 23.50 23.80 23.90 24.10 24.10 24.10 24.20 24.10 24.10 * 23.70 25.60 26.30 26.40 26.50 25.10 24.00 23.60 23.70 23.50 23.60 23.60 23.40 23.30 23.30 23.10 * 1
2018-01-16 17:46:52 23.80 23.70 23.70 23.50 23.30 23.40 23.30 23.50 23.70 23.80 24.00 24.00 24.00 24.00 24.00 24.00 * 23.80 25.60 26.30 26.50 26.50 25.10 24.00 23.60 23.80 23.60 23.80 23.70 23.60 23.40 23.40 23.30 * 1
2018-01-16 17:46:53 24.00 23.80 23.90 23.70 23.40 23.60 23.50 23.70 23.80 23.90 24.00 24.00 24.00 24.10 24.10 24.00 * 23.80 25.60 26.20 26.40 26.50 25.30 24.20 23.60 24.00 23.60 23.80 23.70 23.60 23.50 23.50 23.30 * 1
2018-01-16 17:46:53 24.00 23.80 23.90 23.70 23.40 23.60 23.60 23.70 23.70 23.90 23.90 24.00 23.90 24.10 24.10 24.00 * 23.60 25.50 26.10 26.30 26.50 25.50 24.50 23.70 24.80 24.10 23.60 23.50 23.40 23.30 23.20 22.90 * 1
2018-01-16 17:46:53 23.90 23.70 23.70 23.60 23.30 23.50 23.50 23.50 23.70 23.70 23.90 23.90 23.90 24.00 24.10 24.00 * 23.60 25.50 26.10 26.30 26.40 25.90 25.20 24.20 25.20 24.50 23.70 23.60 23.50 23.40 23.30 23.10 * 1
2018-01-16 17:46:53 23.80 23.60 23.70 23.60 23.30 23.50 23.40 23.50 23.70 23.70 23.90 24.00 23.90 24.10 24.10 24.00 * 23.60 25.50 26.20 26.30 26.40 26.10 25.50 24.50 25.20 24.50 23.80 23.60 23.50 23.40 23.30 23.20 * 1
2018-01-16 17:46:54 23.90 23.70 23.80 23.70 23.40 23.50 23.50 23.70 23.60 23.70 23.90 23.90 23.90 24.00 24.00 23.90 * 23.70 25.50 26.20 26.40 26.40 26.10 25.50 24.50 25.20 24.40 23.70 23.50 23.50 23.30 23.30 23.00 * 1
2018-01-16 17:46:54 23.90 23.80 23.80 23.60 23.40 23.60 23.50 23.70 23.70 23.80 24.00 23.90 23.90 23.90 24.00 24.00 * 23.60 25.40 26.20 26.30 26.30 26.00 25.40 24.40 25.30 24.50 23.70 23.50 23.50 23.30 23.30 23.10 * 1
2018-01-16 17:46:54 23.90 23.80 23.80 23.60 23.40 23.60 23.50 23.60 23.80 23.90 24.10 24.00 24.00 24.10 24.10 24.10 * 23.60 25.50 26.20 26.30 26.30 26.00 25.40 24.50 25.20 24.50 23.70 23.50 23.40 23.30 23.20 23.10 * 1
2018-01-16 17:46:54 23.80 23.70 23.70 23.60 23.30 23.50 23.50 23.60 23.80 23.90 24.10 24.00 24.00 24.10 24.20 24.20 * 23.70 25.50 26.20 26.30 26.40 26.00 25.50 24.50 25.20 24.50 23.70 23.60 23.50 23.30 23.30 23.20 * 1
2018-01-16 17:46:55 23.90 23.80 23.70 23.60 23.40 23.50 23.50 23.60 23.80 23.90 24.00 24.00 24.00 24.10 24.20 24.20 * 23.60 25.50 26.20 26.30 26.40 26.00 25.50 24.50 25.20 24.50 23.70 23.50 23.50 23.40 23.40 23.20 * 1
2018-01-16 17:46:55 23.90 23.70 23.70 23.60 23.40 23.50 23.50 23.60 23.70 23.90 23.90 24.00 24.00 24.10 24.00 24.10 * 23.60 25.40 26.20 26.30 26.40 26.00 25.40 24.40 25.30 24.50 23.70 23.50 23.40 23.30 23.30 23.10 * 1
2018-01-16 17:46:55 23.90 23.70 23.70 23.60 23.30 23.60 23.50 23.60 23.70 23.80 23.90 24.00 23.90 24.00 24.10 24.00 * 23.60 25.40 26.20 26.30 26.40 26.00 25.40 24.40 25.30 24.50 23.70 23.50 23.50 23.30 23.30 23.10 * 1
2018-01-16 17:46:56 23.90 23.70 23.70 23.60 23.30 23.50 23.40 23.50 23.70 23.80 23.90 23.90 23.90 24.00 24.10 24.00 * 23.60 25.50 26.20 26.30 26.40 26.00 25.50 24.40 25.40 24.60 23.80 23.60 23.50 23.40 23.40 23.20 * 1
2018-01-16 17:46:56 23.80 23.70 23.70 23.60 23.40 23.50 23.30 23.50 23.70 23.70 23.90 23.90 23.90 24.00 24.10 23.90 * 23.60 25.50 26.20 26.30 26.40 26.00 25.50 24.40 25.40 24.60 23.70 23.60 23.50 23.40 23.40 23.20 * 1
2018-01-16 17:46:56 23.80 23.70 23.70 23.60 23.30 23.50 23.30 23.50 23.80 23.80 24.00 24.00 24.00 24.10 24.10 24.00 * 23.60 25.40 26.20 26.30 26.30 25.90 25.40 24.40 25.30 24.60 23.70 23.60 23.50 23.40 23.40 23.20 * 1
2018-01-16 17:46:56 23.80 23.70 23.70 23.60 23.30 23.50 23.30 23.60 23.70 23.80 23.90 23.90 23.90 23.90 23.90 23.80 * 23.60 25.60 26.30 26.40 26.40 26.10 25.50 24.50 25.30 24.60 23.80 23.60 23.50 23.40 23.40 23.20 * 1
2018-01-16 17:46:57 23.80 23.70 23.80 23.60 23.30 23.50 23.40 23.60 23.70 23.80 24.00 24.00 23.90 24.00 24.00 24.00 * 23.60 25.50 26.20 26.30 26.30 26.00 25.40 24.40 25.20 24.60 23.80 23.60 23.50 23.40 23.40 23.20 * 1
2018-01-16 17:46:57 23.90 23.70 23.80 23.60 23.30 23.60 23.40 23.60 23.70 23.80 23.90 24.00 23.90 24.10 24.00 24.00 * 23.60 25.50 26.20 26.30 26.30 25.90 25.40 24.40 25.30 24.60 23.80 23.60 23.50 23.40 23.40 23.20 * 1
2018-01-16 17:46:57 23.80 23.60 23.70 23.60 23.30 23.60 23.40 23.50 23.70 23.70 23.90 24.00 23.90 24.10 24.00 24.00 * 23.60 25.50 26.20 26.30 26.30 25.90 25.40 24.40 25.20 24.50 23.70 23.60 23.40 23.30 23.30 23.10 * 1
2018-01-16 17:46:57 23.80 23.70 23.70 23.60 23.40 23.60 23.50 23.60 23.70 23.80 24.00 24.00 24.00 24.10 24.00 24.00 * 23.60 25.50 26.20 26.30 26.30 25.90 25.40 24.40 25.20 24.50 23.70 23.60 23.40 23.40 23.30 23.10 * 1
2018-01-16 17:46:58 23.80 23.70 23.70 23.60 23.40 23.60 23.40 23.60 23.80 23.90 23.90 23.90 24.00 24.00 24.10 24.00 * 23.70 25.60 26.20 26.40 26.50 25.70 24.90 23.80 24.90 24.00 23.70 23.60 23.50 23.40 23.40 23.20 * 1
2018-01-16 17:46:58 23.90 23.70 23.70 23.60 23.40 23.60 23.40 23.60 23.90 24.00 24.00 24.10 24.10 24.20 24.20 24.20 * 23.80 26.00 26.20 26.40 26.60 25.60 24.70 23.50 24.50 23.60 23.60 23.60 23.50 23.40 23.40 23.30 * 1
2018-01-16 17:46:58 23.90 23.70 23.70 23.60 23.40 23.60 23.50 23.60 23.80 23.90 24.00 24.00 24.00 24.20 24.10 24.20 * 23.80 26.10 26.20 26.50 26.70 25.70 24.70 23.60 24.30 23.50 23.50 23.50 23.30 23.30 23.30 23.10 * 1
2018-01-16 17:46:58 23.90 23.80 23.80 23.70 23.40 23.60 23.50 23.70 23.80 23.90 24.00 24.00 24.00 24.20 24.10 24.10 * 23.90 26.00 26.20 26.60 26.70 25.80 24.70 23.60 24.40 23.50 23.50 23.50 23.40 23.30 23.30 23.10 * 1
2018-01-16 17:46:59 23.90 23.70 23.80 23.60 23.40 23.50 23.40 23.60 23.80 23.80 23.90 24.00 23.90 24.10 24.10 24.00 * 23.70 26.00 26.10 26.50 26.60 25.70 24.80 23.50 24.60 23.60 23.60 23.60 23.40 23.40 23.40 23.20 * 1
2018-01-16 17:46:59 24.00 23.80 23.80 23.60 23.40 23.60 23.50 23.60 23.80 23.80 24.00 24.00 24.00 24.10 24.10 24.00 * 23.90 26.10 25.70 25.00 26.40 25.90 25.00 23.80 24.60 23.60 23.70 23.60 23.50 23.40 23.40 23.20 * 1
2018-01-16 17:46:59 23.80 23.70 23.70 23.50 23.30 23.50 23.40 23.60 23.80 23.90 24.00 24.10 24.00 24.10 24.10 24.00 * 23.80 26.00 25.50 24.30 26.20 25.80 24.90 23.70 24.50 23.60 23.60 23.50 23.40 23.30 23.30 23.10 * 1
2018-01-16 17:46:59 23.70 23.60 23.70 23.50 23.20 23.40 23.40 23.50 23.90 24.00 24.10 24.10 24.00 24.10 24.10 24.10 * 23.70 25.70 25.40 24.50 26.20 25.80 24.60 23.60 24.40 23.60 23.60 23.60 23.40 23.30 23.40 23.10 * 1
2018-01-16 17:47:00 23.70 23.70 23.70 23.60 23.30 23.50 23.40 23.60 23.90 24.00 24.10 24.10 24.00 24.10 24.10 24.10 * 23.60 25.00 25.40 24.80 26.20 26.00 24.50 23.60 24.60 23.90 23.80 23.70 23.50 23.40 23.40 23.30 * 1
2018-01-16 17:47:00 23.80 23.70 23.80 23.60 23.40 23.50 23.50 23.60 23.80 23.90 24.10 24.10 24.00 24.20 24.10 24.10 * 23.60 24.80 25.10 24.70 26.10 26.40 24.80 23.80 24.70 24.00 23.80 23.70 23.60 23.50 23.40 23.30 * 1
2018-01-16 17:47:00 23.80 23.70 23.80 23.70 23.40 23.60 23.40 23.60 23.70 23.80 24.10 24.00 24.00 24.10 24.10 24.00 * 23.50 24.90 24.90 24.60 26.10 26.40 24.70 23.70 24.60 23.90 23.70 23.60 23.50 23.30 23.30 23.20 * 1
2018-01-16 17:47:01 23.80 23.70 23.80 23.80 23.40 23.60 23.40 23.60 23.70 23.80 24.00 24.00 24.00 24.10 24.10 24.00 * 23.50 24.70 24.80 24.60 26.00 26.30 24.60 23.70 24.50 23.90 23.60 23.60 23.40 23.30 23.30 23.20 * 1
2018-01-16 17:47:01 23.80 23.80 23.80 23.80 23.40 23.60 23.40 23.50 23.70 23.80 24.00 24.00 23.90 24.00 24.00 23.90 * 23.50 24.70 24.80 24.60 26.00 26.20 24.40 23.70 24.30 24.00 23.80 23.70 23.60 23.50 23.40 23.40 * 1
2018-01-16 17:47:01 23.80 23.90 23.80 23.80 23.40 23.60 23.50 23.60 23.70 23.80 23.90 24.00 23.90 24.00 24.10 24.00 * 23.60 24.80 24.80 24.70 26.10 26.10 24.20 23.70 24.50 24.00 23.80 23.70 23.60 23.50 23.50 23.40 * 1
2018-01-16 17:47:01 23.90 23.90 23.90 23.90 23.50 23.70 23.60 23.60 23.60 23.70 23.90 23.90 23.80 24.00 23.90 23.90 * 23.50 24.60 24.70 24.70 26.00 26.00 24.20 23.60 24.40 23.90 23.80 23.60 23.60 23.40 23.40 23.20 * 1
2018-01-16 17:47:02 23.90 23.80 23.80 23.80 23.40 23.60 23.50 23.50 23.80 23.80 24.00 24.00 23.90 24.10 24.00 24.00 * 23.40 24.60 24.70 24.70 26.00 26.00 24.20 23.60 24.20 23.90 23.70 23.60 23.50 23.30 23.40 23.20 * 1
2018-01-16 17:47:02 23.80 23.80 23.80 23.70 23.30 23.50 23.40 23.50 23.80 23.90 24.00 24.10 24.00 24.10 24.10 24.00 * 23.50 24.70 24.70 24.80 26.10 26.10 24.30 23.70 24.30 24.00 23.70 23.70 23.50 23.50 23.50 23.20 * 1
2018-01-16 17:47:02 23.90 23.80 23.80 23.70 23.40 23.60 23.50 23.60 23.90 24.00 24.00 24.10 24.10 24.10 24.20 24.20 * 23.60 24.70 24.80 24.80 26.00 26.10 24.30 23.70 24.30 24.00 23.70 23.60 23.50 23.40 23.40 23.20 * 1
2018-01-16 17:47:02 23.80 23.70 23.70 23.80 23.30 23.50 23.50 23.50 23.70 23.90 24.00 24.00 24.00 24.10 24.10 24.00 * 23.50 24.60 24.80 24.80 26.00 26.10 24.20 23.70 24.20 23.90 23.70 23.50 23.50 23.30 23.30 23.20 * 1
2018-01-16 17:47:03 23.80 23.70 23.80 23.80 23.40 23.50 23.50 23.50 23.70 23.80 23.90 23.90 23.90 24.00 24.00 23.90 * 23.50 24.70 24.80 24.80 26.00 26.10 24.20 23.70 24.20 23.80 23.60 23.50 23.40 23.30 23.30 23.20 * 1
2018-01-16 17:47:03 23.80 23.70 23.80 23.90 23.50 23.50 23.50 23.60 23.70 23.90 23.90 24.00 23.90 24.00 24.10 24.00 * 23.50 24.80 24.90 24.90 26.10 26.10 24.30 23.70 24.30 23.90 23.70 23.60 23.50 23.30 23.40 23.20 * 1
2018-01-16 17:47:03 23.90 23.80 23.80 24.00 23.60 23.60 23.50 23.60 23.80 23.90 24.00 24.00 24.00 24.10 24.20 24.10 * 23.60 24.80 24.90 24.80 26.00 26.00 24.30 23.70 24.30 24.00 23.70 23.70 23.50 23.40 23.50 23.30 * 1
2018-01-16 17:47:04 23.90 23.80 23.90 24.30 23.50 23.60 23.50 23.60 23.70 23.70 23.90 23.90 23.80 24.00 24.00 23.90 * 23.50 24.90 24.70 24.80 26.00 26.10 24.20 23.70 24.30 24.00 23.70 23.60 23.50 23.40 23.40 23.20 * 1
2018-01-16 17:47:04 23.80 23.70 23.80 24.90 23.70 23.60 23.40 23.50 23.70 23.70 23.90 23.90 23.80 24.00 24.00 23.90 * 23.50 25.10 24.70 24.80 26.00 26.10 24.20 23.60 24.30 23.90 23.60 23.50 23.40 23.30 23.30 23.10 * 1
2018-01-16 17:47:04 23.90 23.70 23.90 24.80 23.90 23.60 23.40 23.60 23.80 23.80 24.00 24.00 24.00 24.10 24.10 24.00 * 23.60 25.20 24.70 24.80 26.00 26.10 24.30 23.70 24.30 23.90 23.60 23.60 23.40 23.40 23.30 23.20 * 1
2018-01-16 17:47:04 24.00 23.80 23.90 24.70 24.00 23.60 23.50 23.60 23.80 23.90 24.10 24.00 24.00 24.10 24.10 23.90 * 23.60 25.10 24.70 24.80 26.10 26.20 24.30 23.70 24.30 23.90 23.70 23.60 23.50 23.40 23.30 23.10 * 1
2018-01-16 17:47:05 23.90 23.70 23.80 24.50 23.80 23.60 23.50 23.50 23.70 23.80 24.00 23.90 23.90 24.10 24.10 24.00 * 23.60 25.10 24.70 24.80 26.00 26.10 24.30 23.70 24.30 23.90 23.60 23.60 23.50 23.30 23.30 23.10 * 1
2018-01-16 17:47:05 24.00 23.80 23.80 24.60 23.80 23.70 23.60 23.60 23.70 23.80 24.00 24.00 24.00 24.10 24.10 24.00 * 23.60 25.10 24.70 24.80 26.00 26.10 24.30 23.70 24.30 23.90 23.60 23.60 23.40 23.30 23.30 23.10 * 1
2018-01-16 17:47:05 24.00 23.90 23.90 24.60 23.70 23.70 23.60 23.60 23.80 23.90 24.00 24.10 24.10 24.10 24.10 24.10 * 23.60 24.90 24.80 24.80 26.10 26.20 24.30 23.80 24.30 23.90 23.60 23.60 23.40 23.30 23.30 23.20 * 1
2018-01-16 17:47:05 23.90 23.80 23.80 24.30 23.50 23.60 23.40 23.60 23.90 24.00 24.10 24.10 24.10 24.20 24.20 24.20 * 23.50 24.60 24.90 24.80 26.10 26.10 24.30 23.70 24.10 23.80 23.60 23.50 23.40 23.30 23.30 23.10 * 1
2018-01-16 17:47:06 23.90 23.70 23.80 24.00 23.40 23.50 23.40 23.60 23.80 23.80 23.90 23.90 24.00 24.10 24.10 24.00 * 23.50 24.60 24.90 24.90 26.10 26.10 24.30 23.70 24.10 23.80 23.60 23.60 23.40 23.30 23.30 23.10 * 1
2018-01-16 17:47:06 24.00 23.90 23.90 24.00 23.50 23.70 23.50 23.70 23.60 23.70 23.80 23.80 23.80 23.90 24.00 23.90 * 23.50 24.70 24.90 24.90 26.10 25.90 24.30 23.70 24.10 23.70 23.50 23.50 23.30 23.20 23.20 23.10 * 1
