2018-01-16 16:18:05 26.60 26.50 24.20 23.60 23.40 23.50 23.50 23.80 24.00 24.00 24.60 24.10 24.00 24.00 24.10 23.90 * 23.50 25.30 24.80 24.10 23.50 23.40 23.30 23.20 23.30 23.30 23.40 23.50 23.40 23.20 23.10 23.00 * 0
2018-01-16 16:18:06 26.50 26.00 24.10 24.30 23.40 23.60 23.60 23.80 24.10 24.10 24.60 24.10 24.00 24.00 24.10 23.90 * 23.40 24.80 24.40 24.10 23.50 23.40 23.30 23.20 23.30 23.30 23.50 23.50 23.40 23.30 23.10 23.10 * 0
2018-01-16 16:18:06 26.50 25.50 23.90 23.50 23.40 23.60 23.60 23.80 24.20 24.20 24.80 24.20 24.10 24.20 24.20 24.10 * 23.40 24.80 24.30 24.10 23.50 23.50 23.30 23.20 23.30 23.40 23.50 23.60 23.50 23.30 23.20 23.10 * 0
2018-01-16 16:18:06 26.80 24.80 23.40 23.40 23.40 23.70 23.70 23.90 24.20 24.20 24.80 24.20 24.20 24.20 24.20 24.00 * 23.50 25.10 24.90 24.10 23.60 23.40 23.40 23.30 23.30 23.20 23.40 23.50 23.40 23.30 23.20 23.20 * 0
2018-01-16 16:18:06 26.70 24.90 23.50 23.50 23.40 23.70 23.70 23.90 24.20 24.10 24.70 24.20 24.10 24.10 24.10 24.00 * 23.40 24.90 24.80 23.70 23.50 23.40 23.30 23.10 23.30 23.30 23.50 23.50 23.40 23.30 23.20 23.10 * 0
2018-01-16 16:18:07 26.10 25.60 23.50 23.50 23.40 23.60 23.60 23.80 24.10 24.10 24.70 24.20 24.10 24.10 24.10 24.00 * 23.40 24.40 24.90 23.90 23.60 23.50 23.30 23.10 23.40 23.40 23.50 23.60 23.50 23.40 23.20 23.20 * 0
2018-01-16 16:18:07 25.10 27.10 24.60 23.50 23.40 23.60 23.60 23.90 24.20 24.30 24.80 24.20 24.20 24.20 24.30 24.20 * 23.40 24.00 25.10 24.00 23.90 23.90 23.50 23.20 23.50 23.40 23.50 23.60 23.50 23.40 23.20 23.20 * 0
2018-01-16 16:18:07 24.30 25.80 25.90 24.80 23.50 23.60 23.60 23.80 24.30 24.30 24.80 24.30 24.20 24.30 24.30 24.20 * 23.30 23.80 24.90 23.80 23.80 24.50 23.70 23.30 23.60 23.30 23.50 23.50 23.40 23.30 23.20 23.10 * 0
2018-01-16 16:18:08 23.90 24.20 25.00 25.70 24.80 24.00 23.50 23.70 24.20 24.10 24.60 24.10 24.00 24.10 24.10 24.00 * 23.30 23.60 23.70 23.80 23.60 24.90 24.00 23.60 23.80 23.60 23.50 23.50 23.40 23.20 23.20 23.00 * 0
2018-01-16 16:18:08 23.80 23.80 23.50 24.50 25.80 24.70 23.80 23.70 24.80 24.10 24.60 24.10 24.00 24.10 24.10 24.00 * 23.30 23.60 23.70 23.80 23.60 24.50 24.00 24.00 23.80 24.00 23.90 23.50 23.40 23.20 23.20 23.00 * 0
2018-01-16 16:18:08 23.80 23.90 23.40 23.40 23.70 26.70 25.50 24.20 25.70 24.20 24.70 24.10 24.00 24.10 24.00 23.90 * 23.30 23.50 23.60 23.70 23.50 23.80 23.70 24.00 23.70 23.80 24.10 23.50 23.40 23.30 23.20 23.10 * 0
2018-01-16 16:18:08 23.80 23.90 23.40 23.30 23.40 26.60 25.60 24.90 26.00 24.70 24.70 24.10 24.00 24.00 24.00 23.90 * 23.30 23.50 23.60 23.60 23.50 23.50 23.60 24.10 23.50 23.90 24.10 23.50 23.40 23.30 23.20 23.10 * 0
2018-01-16 16:18:09 23.90 23.90 23.40 23.40 23.40 26.40 25.70 25.30 26.00 25.00 24.60 24.10 24.00 24.00 24.00 23.90 * 23.20 23.40 23.50 23.60 23.40 23.40 23.50 24.00 23.40 24.10 24.00 23.50 23.40 23.30 23.20 23.10 * 0
2018-01-16 16:18:09 24.00 23.90 23.50 23.50 24.20 26.70 26.00 24.40 25.90 24.40 24.60 24.00 24.00 24.00 24.00 23.90 * 23.30 23.50 23.60 23.70 23.50 23.50 23.70 24.10 23.60 24.30 24.10 23.50 23.40 23.30 23.30 23.10 * 0
2018-01-16 16:18:09 24.00 23.90 23.50 23.50 24.00 27.00 26.00 24.20 26.00 24.10 24.60 24.00 24.00 24.00 24.00 23.90 * 23.20 23.50 23.60 23.70 23.50 23.50 23.70 24.00 23.60 24.10 24.10 23.50 23.40 23.30 23.30 23.10 * 0
2018-01-16 16:18:09 23.90 23.90 23.40 23.40 23.50 27.20 26.10 24.20 26.30 24.80 24.60 24.10 24.00 24.00 23.90 23.80 * 23.10 23.40 23.50 23.60 23.40 23.40 23.60 23.40 23.40 23.60 24.30 23.40 23.30 23.10 23.10 23.00 * 0
2018-01-16 16:18:10 23.90 23.90 23.40 23.40 23.50 27.10 26.10 25.00 26.30 25.40 24.70 24.00 23.90 24.00 23.90 23.80 * 23.20 23.50 23.60 23.60 23.50 23.50 23.60 23.40 23.30 23.60 24.50 23.40 23.30 23.20 23.10 23.00 * 0
2018-01-16 16:18:10 23.90 23.90 23.40 23.40 23.50 26.40 26.00 25.70 26.40 25.50 25.10 24.00 23.90 24.10 24.00 23.80 * 23.20 23.50 23.60 23.60 23.50 23.50 23.50 23.60 23.40 24.10 24.60 23.50 23.40 23.30 23.20 23.10 * 0
2018-01-16 16:18:10 23.90 23.80 23.40 23.40 23.40 23.80 25.60 26.00 26.30 25.70 25.50 24.10 24.00 24.10 24.10 24.00 * 23.30 23.50 23.70 23.70 23.60 23.50 23.50 23.90 23.50 24.50 24.60 23.50 23.40 23.30 23.20 23.10 * 0
2018-01-16 16:18:11 23.80 23.80 23.40 23.40 23.40 23.60 25.00 26.40 25.70 26.30 26.00 24.10 24.00 24.10 24.00 23.90 * 23.30 23.50 23.60 23.70 23.60 23.50 23.60 24.30 23.30 24.50 24.50 23.40 23.30 23.20 23.10 23.00 * 0
2018-01-16 16:18:11 23.80 23.80 23.30 23.30 23.30 23.50 24.50 27.00 25.00 27.60 28.00 24.40 24.10 24.10 24.10 23.90 * 23.30 23.50 23.60 23.70 23.60 23.60 23.60 24.30 23.40 24.60 24.50 23.50 23.40 23.20 23.20 23.00 * 0
2018-01-16 16:18:11 23.80 23.80 23.30 23.30 23.20 23.40 24.00 26.90 24.90 27.30 28.20 24.60 24.20 24.20 24.20 24.00 * 23.40 23.60 23.70 23.70 23.60 23.60 23.60 24.30 23.30 24.40 25.00 23.60 23.40 23.30 23.30 23.10 * 0
2018-01-16 16:18:11 23.80 23.70 23.30 23.30 23.30 23.50 23.70 26.10 24.90 27.00 28.20 24.50 24.20 24.20 24.20 24.10 * 23.30 23.50 23.60 23.60 23.50 23.40 23.40 24.00 23.20 23.90 25.30 23.60 23.40 23.30 23.20 23.10 * 0
2018-01-16 16:18:12 23.70 23.60 23.30 23.20 23.20 23.40 23.70 26.00 24.80 26.90 28.20 24.50 24.20 24.20 24.20 24.00 * 23.10 23.30 23.40 23.50 23.40 23.30 23.20 23.60 23.20 23.70 25.40 23.50 23.40 23.30 23.20 23.10 * 0
2018-01-16 16:18:12 23.70 23.70 23.30 23.20 23.20 23.50 23.80 26.00 24.70 27.00 28.10 24.40 24.20 24.30 24.20 24.00 * 23.10 23.30 23.40 23.50 23.30 23.30 23.20 23.60 23.30 23.70 25.40 23.50 23.40 23.30 23.20 23.10 * 0
2018-01-16 16:18:12 23.80 23.80 23.30 23.30 23.30 23.60 23.80 26.10 24.80 27.10 28.10 24.40 24.30 24.20 24.30 24.10 * 23.10 23.30 23.40 23.50 23.30 23.30 23.20 23.60 23.40 23.80 25.60 23.60 23.50 23.40 23.30 23.20 * 0
2018-01-16 16:18:12 23.90 23.80 23.40 23.40 23.50 23.70 23.90 26.20 24.70 26.90 28.00 24.30 24.10 24.10 24.20 24.00 * 23.10 23.30 23.40 23.50 23.30 23.30 23.20 23.50 23.40 23.80 25.60 23.60 23.50 23.40 23.30 23.20 * 0
2018-01-16 16:18:13 23.80 23.80 23.40 23.40 23.30 23.50 23.80 26.10 24.70 26.80 28.00 24.30 24.00 24.00 24.10 23.90 * 23.10 23.30 23.40 23.50 23.30 23.30 23.20 23.50 23.30 23.60 25.50 23.50 23.40 23.30 23.20 23.10 * 0
2018-01-16 16:18:13 23.80 23.90 23.40 23.40 23.30 23.60 23.80 26.30 24.80 27.00 28.00 24.30 24.10 24.10 24.20 24.00 * 23.10 23.40 23.50 23.50 23.40 23.30 23.30 23.60 23.30 23.70 25.30 23.60 23.40 23.30 23.20 23.20 * 0
2018-01-16 16:18:13 23.80 23.90 23.40 23.40 23.40 23.60 24.00 26.80 25.20 27.70 28.00 24.50 24.20 24.20 24.30 24.10 * 23.20 23.40 23.60 23.60 23.40 23.40 23.30 23.60 23.40 23.70 25.20 23.60 23.40 23.40 23.20 23.20 * 0
2018-01-16 16:18:13 23.90 23.90 23.50 23.40 23.40 23.70 24.60 27.30 25.50 27.50 27.00 24.30 24.20 24.20 24.20 24.00 * 23.30 23.50 23.60 23.60 23.50 23.50 23.40 23.60 23.50 23.60 25.20 23.60 23.50 23.40 23.30 23.20 * 0
2018-01-16 16:18:14 23.70 23.70 23.20 23.20 23.20 23.90 26.00 26.00 26.00 26.60 25.60 24.10 24.00 24.00 24.00 23.90 * 23.20 23.50 23.60 23.60 23.40 23.50 23.40 23.50 23.40 23.60 25.00 23.60 23.50 23.30 23.30 23.20 * 0
2018-01-16 16:18:14 23.70 23.70 23.20 23.20 23.60 24.50 27.00 24.90 26.90 25.30 25.00 24.10 24.00 24.00 24.00 23.90 * 23.20 23.50 23.60 23.70 23.50 23.70 23.70 23.80 23.60 23.70 24.90 23.50 23.40 23.30 23.30 23.20 * 0
2018-01-16 16:18:14 23.70 23.80 23.30 23.30 24.50 25.20 26.90 24.40 26.40 24.30 25.00 24.20 24.10 24.10 24.10 24.00 * 23.20 23.50 23.60 23.70 23.50 24.10 23.90 23.70 24.10 23.70 24.00 23.60 23.40 23.30 23.20 23.10 * 0
2018-01-16 16:18:15 23.80 23.90 23.40 23.40 25.50 25.90 26.00 24.30 25.00 24.20 24.90 24.10 24.00 24.10 24.00 23.80 * 23.30 23.50 23.60 23.70 23.60 24.60 24.00 23.60 24.00 23.50 23.50 23.50 23.40 23.30 23.20 23.10 * 0
2018-01-16 16:18:15 23.70 23.90 24.10 25.80 25.60 24.10 23.60 23.80 24.10 24.20 24.90 24.10 24.00 24.00 24.00 23.80 * 23.30 23.50 23.70 24.10 23.80 24.60 24.00 23.30 23.90 23.30 23.40 23.50 23.40 23.30 23.20 23.10 * 0
2018-01-16 16:18:15 23.90 24.30 25.50 25.60 24.00 23.60 23.60 23.80 24.10 24.30 25.00 24.20 24.10 24.10 24.10 23.90 * 23.30 23.60 24.00 24.90 23.80 24.10 23.50 23.30 23.70 23.30 23.40 23.50 23.40 23.30 23.20 23.20 * 0
2018-01-16 16:18:15 24.10 25.30 26.60 24.30 23.50 23.60 23.60 23.80 24.20 24.30 25.00 24.30 24.10 24.20 24.10 24.00 * 23.20 23.50 24.10 24.90 23.70 23.50 23.40 23.20 23.30 23.40 23.60 23.60 23.50 23.40 23.30 23.20 * 0
2018-01-16 16:18:16 24.60 26.00 26.80 23.60 23.50 23.70 23.60 23.90 24.20 24.40 25.00 24.30 24.10 24.20 24.10 24.00 * 23.20 23.50 24.60 24.80 23.50 23.40 23.20 23.10 23.30 23.40 23.50 23.60 23.50 23.40 23.20 23.10 * 0
2018-01-16 16:18:16 25.50 26.60 25.60 23.40 23.40 23.60 23.60 23.90 24.00 24.20 24.80 24.10 24.00 24.10 24.00 23.90 * 23.30 23.60 25.00 24.40 23.50 23.40 23.20 23.10 23.30 23.30 23.50 23.60 23.50 23.40 23.20 23.10 * 0
2018-01-16 16:18:16 26.40 26.90 24.10 23.40 23.40 23.60 23.60 23.90 24.00 24.20 24.90 24.10 23.90 24.10 24.00 23.90 * 23.30 23.90 25.10 23.90 23.50 23.50 23.30 23.10 23.30 23.30 23.50 23.60 23.50 23.40 23.20 23.20 * 0
2018-01-16 16:18:16 26.60 26.60 23.80 23.40 23.40 23.60 23.60 23.90 24.10 24.20 25.00 24.20 24.00 24.10 24.10 24.00 * 23.50 24.70 25.10 23.80 23.60 23.50 23.40 23.20 23.40 23.30 23.50 23.50 23.50 23.40 23.20 23.20 * 0
2018-01-16 16:18:17 26.40 26.10 23.90 23.40 23.40 23.60 23.50 23.80 24.10 24.30 25.00 24.30 24.20 24.20 24.20 24.00 * 23.50 24.70 24.90 23.70 23.60 23.50 23.40 23.20 23.30 23.40 23.50 23.60 23.40 23.40 23.30 23.20 * 0
2018-01-16 16:18:17 26.20 25.70 23.50 23.30 23.20 23.40 23.40 23.60 24.10 24.20 24.90 24.20 24.10 24.10 24.10 24.00 * 23.50 24.60 24.40 23.70 23.50 23.50 23.30 23.20 23.40 23.40 23.50 23.60 23.50 23.40 23.30 23.20 * 0
2018-01-16 16:18:17 26.50 25.30 23.20 23.20 23.10 23.30 23.40 23.60 24.10 24.20 24.90 24.20 24.10 24.10 24.10 24.00 * 23.50 24.50 24.10 24.20 23.60 23.50 23.40 23.20 23.40 23.40 23.50 23.60 23.50 23.40 23.30 23.20 * 0
2018-01-16 16:18:17 26.80 25.70 23.30 23.30 23.30 23.40 23.40 23.70 24.20 24.20 25.00 24.30 24.20 24.20 24.20 24.00 * 23.50 24.60 24.00 25.30 23.90 23.60 23.40 23.30 23.40 23.40 23.60 23.60 23.50 23.40 23.30 23.30 * 0
2018-01-16 16:18:18 27.20 26.20 24.50 23.40 23.40 23.50 23.50 23.80 24.20 24.30 24.90 24.20 24.10 24.10 24.20 24.10 * 23.40 23.90 24.00 25.60 24.30 23.60 23.40 23.20 23.50 23.30 23.50 23.60 23.50 23.40 23.30 23.20 * 0
2018-01-16 16:18:18 26.80 26.40 25.80 24.70 23.40 23.60 23.50 23.70 24.10 24.20 24.90 24.20 24.10 24.10 24.10 24.00 * 23.20 23.50 24.00 25.60 24.40 24.20 24.10 23.40 24.50 23.80 23.50 23.60 23.50 23.40 23.30 23.20 * 0
2018-01-16 16:18:18 24.80 27.00 26.70 26.30 24.90 23.70 23.60 23.70 24.10 24.20 24.90 24.20 24.10 24.10 24.10 24.00 * 23.20 23.50 23.80 25.60 24.30 24.50 25.30 24.30 25.60 24.60 23.60 23.60 23.50 23.40 23.20 23.20 * 0
2018-01-16 16:18:19 24.00 24.90 25.40 26.30 26.30 25.30 24.40 23.90 24.40 24.20 24.90 24.20 24.10 24.20 24.10 24.00 * 23.20 23.50 23.70 24.60 24.10 24.10 25.70 24.90 25.70 25.00 23.70 23.60 23.50 23.40 23.20 23.20 * 0
2018-01-16 16:18:19 23.80 23.80 23.40 24.80 26.10 26.40 25.70 25.10 26.00 25.40 25.70 24.30 24.10 24.20 24.20 24.10 * 23.20 23.50 23.60 23.60 23.50 24.00 25.70 25.20 25.70 25.20 24.20 24.30 24.30 24.00 23.40 23.20 * 0
2018-01-16 16:18:19 23.90 23.90 23.40 23.50 24.30 25.30 25.80 26.10 25.60 26.10 26.20 26.60 26.90 24.30 24.20 24.10 * 23.20 23.40 23.60 23.60 23.50 23.80 25.00 25.00 24.60 24.70 23.80 23.70 23.70 25.90 25.50 23.50 * 0
2018-01-16 16:18:19 23.90 23.80 23.30 23.40 23.40 24.00 24.60 25.50 24.50 25.20 26.10 26.30 28.20 25.10 24.30 24.00 * 23.20 23.40 23.60 23.60 23.50 23.50 23.80 24.10 23.40 23.80 23.70 23.70 23.70 25.80 25.30 24.00 * 0
2018-01-16 16:18:20 23.80 23.80 23.40 23.40 23.40 23.60 23.60 23.80 24.20 24.30 25.50 26.20 27.10 26.30 25.30 24.30 * 23.20 23.50 23.60 23.60 23.50 23.50 23.40 23.20 23.30 23.40 23.50 23.50 23.60 25.90 25.40 24.10 * 0
2018-01-16 16:18:20 23.80 23.80 23.30 23.40 23.40 23.60 23.60 23.90 24.20 24.30 25.10 25.20 26.20 26.60 26.20 25.50 * 23.30 23.50 23.60 23.70 23.60 23.50 23.30 23.20 23.30 23.40 23.50 23.50 23.60 25.30 25.40 23.70 * 0
2018-01-16 16:18:20 23.80 23.80 23.30 23.40 23.30 23.50 23.60 23.80 24.10 24.30 24.90 24.30 25.20 26.00 26.40 25.70 * 23.20 23.40 23.50 23.60 23.50 23.40 23.20 23.10 23.30 23.40 23.50 23.50 23.50 23.30 23.40 24.50 * 0
2018-01-16 16:18:20 23.70 23.70 23.20 23.30 23.20 23.40 23.40 23.60 24.10 24.20 24.90 24.30 26.20 24.90 26.40 25.70 * 23.10 23.30 23.50 23.50 23.40 23.30 23.20 23.00 23.30 23.30 23.60 23.60 23.40 23.40 23.20 24.20 * 0
2018-01-16 16:18:21 23.80 23.80 23.30 23.30 23.30 23.50 23.40 23.70 24.10 24.20 24.90 24.20 25.40 25.30 26.70 26.10 * 23.10 23.40 23.50 23.50 23.40 23.30 23.20 23.00 23.30 23.40 23.60 23.60 23.50 23.40 23.30 24.10 * 0
2018-01-16 16:18:21 23.90 23.80 23.30 23.40 23.40 23.60 23.50 23.80 24.10 24.20 24.90 24.30 24.30 25.70 27.20 26.70 * 23.10 23.40 23.50 23.50 23.40 23.30 23.20 23.10 23.30 23.40 23.40 23.60 23.50 23.40 23.30 23.90 * 0
2018-01-16 16:18:21 23.90 23.80 23.40 23.40 23.40 23.60 23.50 23.90 24.10 24.20 24.90 24.30 24.20 25.20 27.20 25.50 * 23.10 23.30 23.40 23.50 23.40 23.30 23.10 23.00 23.20 23.30 23.40 23.50 23.50 23.30 23.30 23.70 * 0
2018-01-16 16:18:21 23.90 23.90 23.40 23.50 23.40 23.60 23.60 23.80 24.10 24.20 24.90 24.40 25.10 25.90 26.70 24.80 * 23.20 23.50 23.50 23.60 23.40 23.40 23.20 23.00 23.30 23.40 23.50 23.80 24.00 24.00 23.80 24.30 * 0
2018-01-16 16:18:22 23.90 23.90 23.40 23.40 23.40 23.60 23.60 24.00 24.10 24.20 25.50 25.50 26.70 26.80 26.00 24.50 * 23.30 23.50 23.60 23.60 23.40 23.40 23.30 23.10 23.30 23.50 23.70 24.80 25.30 24.30 23.80 24.60 * 0
2018-01-16 16:18:22 23.90 23.90 23.40 23.50 23.40 23.60 23.60 25.80 24.40 26.30 26.40 26.90 26.70 25.90 24.90 24.10 * 23.20 23.50 23.60 23.60 23.50 23.50 23.40 23.20 23.30 23.50 23.90 25.60 26.00 24.20 23.70 24.10 * 0
2018-01-16 16:18:22 23.90 23.80 23.40 23.40 23.40 23.60 24.10 27.20 26.40 28.40 27.60 25.00 24.20 24.20 24.20 24.00 * 23.20 23.40 23.50 23.60 23.90 24.80 24.60 23.90 24.80 24.00 23.90 25.50 25.60 23.80 23.40 23.20 * 0
2018-01-16 16:18:23 23.80 23.80 23.40 23.30 23.40 24.50 25.80 27.10 26.70 26.50 25.70 24.30 24.10 24.20 24.20 24.00 * 23.30 23.50 23.60 23.70 24.50 26.10 25.00 23.50 24.60 23.50 23.70 24.60 24.30 23.50 23.30 23.20 * 0
2018-01-16 16:18:23 23.90 23.90 24.60 25.60 26.60 26.50 24.70 24.00 25.30 24.50 24.90 24.20 24.10 24.20 24.20 24.10 * 23.40 23.60 23.70 24.00 25.10 26.30 25.00 23.50 24.60 23.50 23.60 23.60 23.50 23.40 23.30 23.20 * 0
2018-01-16 16:18:23 24.00 24.30 25.90 27.20 26.60 25.30 23.80 23.80 24.40 24.30 25.00 24.30 24.10 24.20 24.20 24.10 * 23.40 23.60 23.90 24.90 25.50 26.30 24.80 23.40 24.30 23.50 23.50 23.50 23.50 23.30 23.30 23.20 * 0
2018-01-16 16:18:23 24.50 24.70 26.30 28.30 26.50 24.00 23.60 23.90 24.20 24.30 25.00 24.30 24.20 24.20 24.20 24.20 * 23.20 23.60 24.20 25.70 25.80 24.20 23.60 23.30 23.30 23.30 23.50 23.50 23.50 23.30 23.20 23.10 * 0
2018-01-16 16:18:24 24.60 24.70 26.70 27.70 25.10 23.70 23.60 23.90 24.10 24.20 24.90 24.20 24.10 24.10 24.00 24.00 * 23.20 23.50 24.50 26.30 25.80 23.70 23.40 23.20 23.40 23.30 23.50 23.50 23.50 23.40 23.30 23.20 * 0
2018-01-16 16:18:24 24.30 25.90 26.40 26.10 23.60 23.70 23.70 23.90 24.10 24.10 24.80 24.10 24.00 24.00 24.00 23.90 * 23.30 23.50 24.80 26.60 25.80 23.60 23.30 23.20 23.40 23.40 23.50 23.60 23.50 23.50 23.30 23.30 * 0
2018-01-16 16:18:24 24.30 26.20 26.20 25.90 23.50 23.70 23.60 23.80 24.10 24.10 24.80 24.10 24.00 24.10 24.10 23.90 * 23.30 23.60 25.10 26.80 25.80 23.70 23.40 23.20 23.50 23.40 23.60 23.60 23.60 23.50 23.40 23.30 * 0
2018-01-16 16:18:24 24.30 26.10 26.30 25.40 23.50 23.60 23.60 23.80 24.20 24.20 24.80 24.10 24.10 24.00 24.10 23.90 * 23.20 23.50 24.60 26.60 25.80 23.70 23.40 23.20 23.40 23.40 23.60 23.60 23.50 23.40 23.30 23.30 * 0
2018-01-16 16:18:25 24.20 25.70 26.30 25.20 23.60 23.70 23.60 23.80 24.20 24.20 24.80 24.10 24.10 24.00 24.10 23.90 * 23.30 23.60 24.50 26.60 26.00 23.90 23.50 23.30 23.40 23.40 23.60 23.60 23.60 23.40 23.30 23.30 * 0
2018-01-16 16:18:25 24.00 24.40 26.10 26.00 23.60 23.60 23.50 23.80 24.10 24.10 24.70 24.10 24.00 24.00 24.10 23.90 * 23.40 23.60 24.20 25.90 26.10 24.80 23.60 23.30 23.60 23.50 23.60 23.60 23.60 23.40 23.40 23.40 * 0
2018-01-16 16:18:25 24.10 24.40 26.20 26.20 23.90 23.60 23.50 23.80 24.20 24.20 24.80 24.20 24.00 24.20 24.20 24.00 * 23.30 23.60 23.80 25.30 26.10 26.10 23.70 23.40 23.70 23.50 23.60 23.60 23.60 23.50 23.40 23.40 * 0
2018-01-16 16:18:26 24.10 24.30 26.40 26.20 24.60 23.60 23.50 23.80 24.10 24.30 24.90 24.20 24.10 24.10 24.20 24.00 * 23.50 23.60 23.90 25.40 26.10 26.70 23.90 23.50 23.70 23.40 23.50 23.50 23.40 23.40 23.30 23.20 * 0
2018-01-16 16:18:26 24.60 24.90 26.50 26.30 25.70 23.80 23.60 23.80 24.20 24.30 24.80 24.20 24.20 24.20 24.10 24.00 * 23.40 23.60 23.80 25.40 26.20 26.60 23.90 23.50 23.80 23.50 23.60 23.60 23.50 23.40 23.30 23.30 * 0
2018-01-16 16:18:26 24.80 27.90 28.30 27.90 26.30 24.30 23.70 24.00 24.20 24.30 24.90 24.30 24.20 24.20 24.20 24.10 * 23.40 23.60 23.80 25.50 26.30 26.60 23.90 23.50 23.70 23.50 23.60 23.60 23.50 23.50 23.30 23.30 * 0
2018-01-16 16:18:26 25.30 29.30 28.80 27.60 24.60 23.70 23.60 23.90 24.20 24.30 24.90 24.30 24.20 24.20 24.20 24.10 * 23.40 23.70 23.90 25.60 26.10 26.60 23.80 23.40 23.60 23.40 23.50 23.50 23.50 23.40 23.30 23.20 * 0
2018-01-16 16:18:27 25.40 29.80 29.80 27.40 23.60 23.60 23.60 23.90 24.20 24.30 24.90 24.20 24.20 24.20 24.20 24.10 * 23.40 23.60 23.90 25.60 25.90 26.40 23.70 23.40 23.60 23.30 23.50 23.50 23.50 23.40 23.20 23.20 * 0
2018-01-16 16:18:27 25.10 29.50 29.60 27.30 23.50 23.70 23.60 23.80 24.20 24.20 24.90 24.20 24.10 24.20 24.20 24.00 * 23.30 23.60 23.80 25.50 25.90 26.40 23.70 23.30 23.60 23.50 23.60 23.60 23.60 23.40 23.40 23.30 * 0
2018-01-16 16:18:27 25.20 29.70 29.70 27.00 23.50 23.60 23.60 23.80 24.20 24.30 24.90 24.30 24.20 24.10 24.20 24.10 * 23.50 23.70 23.90 25.60 26.10 26.60 23.90 23.50 23.70 23.60 23.60 23.70 23.60 23.50 23.40 23.40 * 0
2018-01-16 16:18:27 25.10 29.30 29.70 27.00 23.60 23.70 23.60 23.80 24.30 24.30 24.90 24.30 24.20 24.20 24.20 24.10 * 23.50 23.70 24.00 25.70 26.10 26.70 23.90 23.60 23.60 23.50 23.60 23.70 23.50 23.40 23.30 23.30 * 0
2018-01-16 16:18:28 25.10 29.30 29.70 26.80 23.50 23.60 23.60 23.80 24.10 24.20 24.80 24.20 24.10 24.10 24.10 24.00 * 23.40 23.60 23.90 25.60 26.00 26.50 23.70 23.50 23.50 23.40 23.50 23.50 23.50 23.30 23.20 23.20 * 0
2018-01-16 16:18:28 25.20 29.50 29.70 26.50 23.50 23.60 23.60 23.80 24.10 24.20 24.70 24.20 24.10 24.10 24.10 24.00 * 23.30 23.60 23.80 25.60 26.00 26.50 23.70 23.40 23.60 23.40 23.60 23.60 23.50 23.40 23.30 23.30 * 0
2018-01-16 16:18:28 25.50 30.00 29.90 26.20 23.50 23.60 23.60 23.90 24.20 24.20 24.80 24.20 24.20 24.20 24.20 24.10 * 23.30 23.60 23.80 25.60 26.00 26.50 23.60 23.30 23.60 23.40 23.60 23.60 23.50 23.40 23.30 23.30 * 0
2018-01-16 16:18:28 25.60 30.00 29.90 26.00 23.50 23.60 23.60 23.80 24.30 24.30 24.90 24.20 24.20 24.20 24.30 24.10 * 23.20 23.50 23.80 25.60 25.90 26.40 23.60 23.20 23.50 23.50 23.50 23.60 23.50 23.40 23.40 23.30 * 0
2018-01-16 16:18:29 25.60 30.10 30.00 25.90 23.40 23.60 23.60 23.80 24.30 24.30 24.90 24.30 24.20 24.20 24.30 24.10 * 23.30 23.50 23.80 25.50 25.90 26.40 23.70 23.30 23.60 23.50 23.50 23.60 23.50 23.40 23.40 23.30 * 0
2018-01-16 16:18:29 25.60 30.20 30.00 25.90 23.40 23.60 23.60 23.80 24.20 24.20 24.90 24.20 24.20 24.20 24.20 24.00 * 23.40 23.60 23.90 25.60 25.90 26.50 23.70 23.30 23.50 23.40 23.50 23.60 23.40 23.30 23.20 23.20 * 0
2018-01-16 16:18:29 25.50 30.10 29.90 26.00 23.50 23.60 23.60 23.80 24.20 24.30 24.90 24.30 24.20 24.20 24.30 24.10 * 23.40 23.60 23.90 25.60 25.90 26.50 23.70 23.30 23.60 23.50 23.60 23.60 23.50 23.50 23.30 23.30 * 0
2018-01-16 16:18:30 25.60 30.20 30.00 25.80 23.40 23.60 23.50 23.80 24.20 24.30 24.90 24.30 24.20 24.20 24.30 24.10 * 23.40 23.60 23.90 25.60 25.90 26.50 23.70 23.30 23.60 23.40 23.50 23.60 23.50 23.40 23.30 23.20 * 0
2018-01-16 16:18:30 25.90 30.40 30.00 25.80 23.40 23.50 23.50 23.70 24.10 24.30 24.70 24.20 24.10 24.10 24.20 24.00 * 23.40 23.60 23.90 25.70 26.00 26.50 23.80 23.50 23.50 23.30 23.40 23.50 23.40 23.30 23.20 23.20 * 0
2018-01-16 16:18:30 27.30 30.70 30.00 25.90 23.40 23.40 23.50 23.60 24.10 24.20 24.70 24.20 24.10 24.10 24.20 24.10 * 23.40 23.60 24.00 25.70 26.00 26.50 23.70 23.40 23.50 23.40 23.40 23.60 23.40 23.30 23.30 23.20 * 0
2018-01-16 16:18:30 29.70 31.20 30.00 26.00 23.40 23.40 23.50 23.60 24.10 24.20 24.80 24.20 24.20 24.20 24.20 24.00 * 23.40 23.60 24.40 25.70 26.00 26.60 23.80 23.40 23.60 23.50 23.50 23.60 23.50 23.40 23.30 23.20 * 0
2018-01-16 16:18:31 31.30 31.70 30.00 26.40 23.50 23.70 23.50 23.80 24.00 24.10 24.80 24.20 24.10 24.10 24.20 24.00 * 23.30 23.60 24.90 25.60 26.00 26.60 23.70 23.40 23.60 23.40 23.50 23.50 23.50 23.40 23.30 23.20 * 0
2018-01-16 16:18:31 30.30 31.40 30.10 26.80 23.50 23.60 23.60 23.80 24.00 24.10 24.70 24.20 24.10 24.10 24.10 24.00 * 23.30 23.50 24.60 25.60 25.80 26.50 23.60 23.30 23.50 23.30 23.40 23.50 23.40 23.30 23.20 23.20 * 0
2018-01-16 16:18:31 27.50 30.00 29.90 27.70 23.60 23.70 23.60 23.90 24.00 24.20 24.70 24.10 24.00 24.00 24.10 23.90 * 23.40 23.60 23.80 25.50 25.90 26.50 23.70 23.30 23.50 23.30 23.50 23.50 23.40 23.30 23.10 23.10 * 0
2018-01-16 16:18:31 25.50 28.90 29.50 27.80 23.60 23.60 23.60 23.80 24.10 24.20 24.70 24.20 24.00 24.10 24.10 24.00 * 23.40 23.60 23.80 25.60 25.90 26.50 23.70 23.30 23.50 23.40 23.50 23.60 23.50 23.30 23.20 23.20 * 0
2018-01-16 16:18:32 25.80 29.60 29.80 26.90 23.50 23.60 23.60 23.80 24.10 24.10 24.80 24.20 24.00 24.10 24.20 24.00 * 23.40 23.70 24.20 25.60 26.00 26.50 23.70 23.30 23.50 23.50 23.60 23.60 23.50 23.30 23.30 23.20 * 0
2018-01-16 16:18:32 28.10 31.00 29.80 25.20 23.40 23.50 23.50 23.70 24.10 24.10 24.80 24.20 24.10 24.20 24.20 24.00 * 23.30 23.70 24.50 25.60 26.00 26.50 23.60 23.30 23.50 23.40 23.50 23.60 23.40 23.40 23.20 23.20 * 0
2018-01-16 16:18:32 28.50 31.20 29.90 25.40 23.40 23.60 23.50 23.70 24.10 24.20 24.80 24.10 24.10 24.10 24.20 24.10 * 23.20 23.60 24.40 25.50 25.90 26.50 23.70 23.20 23.60 23.40 23.50 23.60 23.50 23.40 23.30 23.20 * 0
2018-01-16 16:19:02 23.80 23.90 24.50 23.50 23.20 23.50 23.50 23.60 24.00 24.00 24.20 24.30 24.90 25.80 26.20 26.00 * 23.10 23.40 23.50 23.50 23.30 23.30 23.20 23.00 23.20 23.30 23.40 23.40 23.40 23.30 23.20 24.50 * 0
2018-01-16 16:19:02 23.80 24.00 24.50 23.60 23.30 23.50 23.50 23.60 24.00 23.90 24.10 24.10 24.00 24.70 26.10 26.30 * 23.20 23.50 23.60 23.60 23.50 23.40 23.30 23.20 23.20 23.20 23.40 23.40 23.40 23.30 23.20 23.70 * 0
2018-01-16 16:19:03 24.00 24.10 24.70 23.70 23.50 23.60 23.60 23.80 24.20 24.10 24.20 24.20 24.10 24.20 26.00 26.30 * 23.30 23.50 23.60 23.70 23.50 23.50 23.40 23.20 23.20 23.20 23.50 23.50 23.40 23.30 23.10 23.20 * 0
2018-01-16 16:19:03 24.10 24.20 24.80 23.80 23.60 23.70 23.70 23.90 24.10 24.10 24.20 24.20 24.10 24.20 25.70 26.30 * 23.30 23.60 23.70 23.80 23.60 23.60 23.50 23.30 23.20 23.30 23.40 23.50 23.40 23.30 23.10 23.10 * 0
2018-01-16 16:19:03 24.10 24.30 24.80 23.80 23.50 23.70 23.70 23.90 24.20 24.10 24.30 24.30 24.20 24.20 25.20 26.40 * 23.40 23.60 23.70 23.80 23.60 23.60 23.50 23.40 23.30 23.30 23.50 23.50 23.50 23.40 23.20 23.10 * 0
2018-01-16 16:19:03 24.10 24.20 24.70 23.80 23.50 23.70 23.70 23.80 24.10 24.10 24.30 24.20 24.20 24.20 24.90 26.30 * 23.40 23.60 23.70 23.70 23.60 23.60 23.40 23.30 23.30 23.40 23.60 23.50 23.50 23.40 23.30 23.20 * 0
2018-01-16 16:19:04 24.10 24.10 24.70 23.70 23.50 23.70 23.60 23.70 24.10 24.00 24.20 24.10 24.10 24.20 25.00 26.30 * 23.40 23.60 23.60 23.60 23.50 23.60 23.40 23.30 23.10 23.10 23.30 23.40 23.30 23.20 23.10 23.10 * 0
2018-01-16 16:19:04 23.90 24.00 24.60 23.60 23.40 23.60 23.50 23.70 24.00 24.00 24.20 24.10 24.10 24.10 25.20 26.10 * 23.30 23.60 23.60 23.60 23.50 23.50 23.40 23.30 23.20 23.20 23.40 23.40 23.40 23.30 23.20 23.30 * 0
2018-01-16 16:19:04 24.00 24.00 24.60 23.60 23.40 23.60 23.60 23.70 24.10 24.00 24.10 24.20 24.10 24.10 25.60 25.70 * 23.20 23.50 23.60 23.60 23.50 23.40 23.30 23.20 23.30 23.30 23.50 23.50 23.40 23.30 23.20 23.60 * 0
2018-01-16 16:19:05 23.90 24.10 24.60 23.70 23.40 23.60 23.60 23.70 24.10 23.90 24.10 24.10 24.10 24.00 26.30 24.90 * 23.20 23.40 23.50 23.60 23.50 23.40 23.30 23.20 23.20 23.30 23.50 23.50 23.40 23.30 23.20 23.80 * 0
2018-01-16 16:19:05 23.90 24.10 24.60 23.70 23.40 23.60 23.60 23.70 24.10 24.00 24.20 24.10 24.10 25.20 25.70 24.20 * 23.20 23.50 23.60 23.70 23.50 23.50 23.30 23.20 23.20 23.30 23.40 23.50 23.40 23.20 23.30 23.90 * 0
2018-01-16 16:19:05 23.90 24.10 24.60 23.60 23.40 23.60 23.60 23.70 24.10 24.00 24.20 24.10 24.10 26.20 24.80 24.00 * 23.10 23.40 23.50 23.60 23.40 23.40 23.20 23.10 23.20 23.30 23.40 23.50 23.40 23.30 24.10 23.90 * 0
2018-01-16 16:19:05 24.00 24.10 24.60 23.70 23.40 23.60 23.70 23.80 24.10 24.00 24.20 24.20 24.40 26.40 24.30 24.00 * 23.20 23.30 23.50 23.50 23.40 23.40 23.20 23.10 23.20 23.30 23.40 23.40 23.40 23.30 24.20 23.60 * 0
2018-01-16 16:19:06 24.00 24.10 24.70 23.70 23.40 23.60 23.60 23.80 24.10 24.00 24.30 24.50 25.90 25.20 24.20 24.00 * 23.20 23.40 23.60 23.60 23.50 23.50 23.30 23.10 23.20 23.30 23.40 23.50 23.40 23.50 24.40 23.30 * 0
2018-01-16 16:19:06 24.00 24.10 24.60 23.60 23.40 23.60 23.60 23.80 24.10 24.00 24.20 24.90 26.20 24.90 24.20 24.00 * 23.30 23.50 23.60 23.60 23.50 23.50 23.30 23.20 23.10 23.10 23.40 23.40 23.30 24.20 24.00 23.10 * 0
2018-01-16 16:19:06 23.80 24.00 24.60 23.50 23.30 23.50 23.50 23.70 24.10 24.00 24.20 25.30 26.40 24.50 24.10 23.90 * 23.20 23.50 23.60 23.60 23.50 23.50 23.30 23.20 23.20 23.20 23.40 23.40 23.40 24.40 23.50 23.00 * 0
2018-01-16 16:19:06 23.80 24.00 24.60 23.50 23.40 23.60 23.60 23.70 24.10 24.00 24.30 26.20 25.80 24.20 24.10 23.90 * 23.20 23.50 23.60 23.60 23.50 23.50 23.30 23.20 23.30 23.30 23.50 23.50 23.90 24.40 23.30 23.10 * 0
2018-01-16 16:19:07 23.90 24.10 24.60 23.70 23.40 23.60 23.60 23.70 24.00 24.00 24.30 26.90 24.70 24.10 24.10 23.90 * 23.30 23.50 23.60 23.60 23.50 23.50 23.30 23.20 23.30 23.30 23.50 23.60 24.30 24.40 23.40 23.20 * 0
2018-01-16 16:19:07 23.90 24.10 24.60 23.70 23.40 23.60 23.60 23.70 24.00 24.10 26.00 26.10 24.20 24.20 24.10 24.00 * 23.30 23.60 23.70 23.80 23.60 23.60 23.40 23.40 23.30 23.40 23.50 23.70 24.30 24.20 23.30 23.20 * 0
2018-01-16 16:19:07 23.80 24.00 24.50 23.60 23.30 23.50 23.50 23.80 24.00 24.40 26.30 25.30 24.10 24.10 24.00 23.90 * 23.30 23.60 23.60 23.70 23.60 23.50 23.40 23.30 23.40 23.40 23.60 23.90 24.50 23.50 23.30 23.20 * 0
2018-01-16 16:19:08 23.70 23.90 24.50 23.50 23.30 23.40 23.50 24.80 24.10 24.90 26.20 25.20 24.10 24.10 24.10 23.90 * 23.30 23.50 23.60 23.60 23.50 23.40 23.30 23.20 23.50 23.50 23.70 24.50 24.40 23.50 23.40 23.30 * 0
2018-01-16 16:19:08 23.70 23.90 24.50 23.60 23.40 23.50 23.50 25.10 24.10 25.20 26.30 24.70 24.10 24.10 24.10 23.90 * 23.30 23.50 23.60 23.70 23.60 23.50 23.50 23.20 23.50 23.50 23.80 25.00 24.10 23.50 23.50 23.30 * 0
2018-01-16 16:19:08 23.90 24.10 24.60 23.70 23.50 23.60 23.80 25.40 24.60 26.30 25.90 24.20 24.10 24.10 24.10 24.00 * 23.30 23.50 23.70 23.70 23.60 23.50 23.50 23.30 23.30 23.40 23.80 24.90 23.70 23.50 23.40 23.20 * 0
2018-01-16 16:19:08 23.80 24.00 24.60 23.60 23.30 23.50 24.10 25.90 24.80 26.90 24.70 24.10 24.00 24.10 24.10 23.90 * 23.20 23.50 23.60 23.60 23.50 23.50 23.40 23.60 23.30 24.10 24.00 24.70 23.40 23.40 23.30 23.10 * 0
2018-01-16 16:19:09 23.80 24.00 24.50 23.60 23.30 23.60 24.80 26.20 25.40 26.90 24.20 24.10 24.00 24.10 24.00 23.90 * 23.20 23.40 23.50 23.60 23.40 23.40 23.30 24.00 23.40 24.40 23.90 24.30 23.50 23.40 23.30 23.10 * 0
2018-01-16 16:19:09 23.70 24.00 24.50 23.60 23.30 24.30 25.60 25.60 26.10 26.10 24.10 24.10 24.00 24.10 24.00 23.90 * 23.20 23.40 23.50 23.60 23.40 23.40 23.30 24.10 23.50 24.50 24.00 23.80 23.50 23.40 23.30 23.20 * 0
2018-01-16 16:19:09 23.90 24.00 24.60 23.70 23.80 25.00 26.40 24.80 26.30 24.10 24.10 24.10 24.10 24.10 24.10 24.00 * 23.30 23.50 23.60 23.60 23.50 23.60 24.00 24.30 23.90 24.50 23.80 23.50 23.60 23.40 23.40 23.30 * 0
2018-01-16 16:19:09 23.90 24.10 24.70 23.80 25.30 26.50 25.10 24.00 25.30 23.90 24.10 24.10 24.00 24.10 24.00 23.90 * 23.20 23.40 23.50 23.50 23.40 23.60 24.20 24.10 24.40 24.10 23.50 23.50 23.50 23.40 23.30 23.20 * 0
2018-01-16 16:19:10 23.90 24.10 24.70 23.80 26.00 26.60 23.90 23.80 24.30 23.90 24.10 24.10 24.00 24.10 24.10 23.90 * 23.20 23.30 23.50 23.50 23.40 23.60 24.20 23.60 24.50 23.60 23.50 23.60 23.50 23.50 23.30 23.20 * 0
2018-01-16 16:19:10 23.90 24.10 24.80 24.80 27.00 25.40 23.70 23.70 24.00 23.90 24.10 24.10 24.00 24.10 24.10 23.90 * 23.20 23.40 23.50 23.60 23.50 24.00 24.30 23.20 24.50 23.50 23.60 23.60 23.50 23.50 23.40 23.30 * 0
2018-01-16 16:19:10 24.00 24.10 25.00 25.90 27.10 25.00 23.70 23.70 24.10 24.00 24.10 24.10 24.10 24.20 24.10 24.00 * 23.40 23.60 23.70 23.70 24.20 24.00 24.40 23.50 24.50 23.50 23.60 23.60 23.60 23.50 23.40 23.30 * 0
2018-01-16 16:19:10 23.90 24.10 25.30 26.20 26.10 25.30 23.70 23.60 24.00 24.00 24.10 24.10 24.00 24.10 24.10 23.90 * 23.30 23.50 23.60 23.70 24.20 24.00 24.00 23.30 23.80 23.30 23.40 23.40 23.40 23.30 23.20 23.10 * 0
2018-01-16 16:19:11 23.70 24.20 25.50 26.20 24.40 24.10 23.40 23.40 24.00 24.00 24.10 24.10 24.10 24.10 24.10 23.90 * 23.30 23.50 23.70 23.70 24.20 24.20 23.70 23.20 23.80 23.40 23.50 23.40 23.40 23.30 23.30 23.20 * 0
2018-01-16 16:19:11 23.70 24.10 25.70 26.20 24.20 23.90 23.40 23.40 23.90 24.00 24.10 24.20 24.10 24.10 24.10 23.90 * 23.30 23.50 23.70 23.70 24.20 24.50 23.70 23.30 24.00 23.60 23.70 23.60 23.60 23.50 23.50 23.40 * 0
2018-01-16 16:19:11 23.80 24.10 25.80 26.30 25.10 23.80 23.50 23.60 24.00 24.00 24.10 24.10 24.00 24.00 24.10 23.90 * 23.30 23.50 23.70 23.80 24.30 24.50 23.80 23.30 23.90 23.40 23.60 23.60 23.60 23.40 23.40 23.20 * 0
2018-01-16 16:19:12 23.80 24.10 27.10 27.20 24.40 23.50 23.50 23.60 23.90 23.80 24.00 24.00 24.00 24.00 24.00 23.80 * 23.30 23.50 23.60 23.70 24.20 24.50 23.80 23.30 24.00 23.50 23.60 23.70 23.60 23.50 23.50 23.30 * 0
2018-01-16 16:19:12 23.80 24.20 27.50 27.50 24.10 23.50 23.50 23.60 23.80 23.80 24.00 24.00 24.00 24.00 23.90 23.80 * 23.30 23.50 23.60 23.70 24.20 24.40 23.80 23.20 24.20 23.50 23.60 23.70 23.60 23.50 23.50 23.40 * 0
2018-01-16 16:19:12 23.80 24.50 27.40 27.20 24.40 23.50 23.50 23.60 23.80 23.90 24.00 24.00 24.00 24.00 23.90 23.70 * 23.30 23.50 23.60 23.70 24.20 24.20 24.00 23.20 24.50 23.50 23.70 23.70 23.70 23.60 23.50 23.50 * 0
2018-01-16 16:19:12 23.90 25.00 27.10 27.20 24.10 23.60 23.50 23.60 23.80 23.80 24.00 24.00 24.10 24.00 24.00 23.80 * 23.40 23.50 23.70 23.70 24.30 24.00 24.30 23.40 24.60 23.60 23.70 23.80 23.70 23.60 23.60 23.50 * 0
2018-01-16 16:19:13 24.00 25.20 27.10 27.30 23.80 23.60 23.50 23.60 23.80 23.70 24.00 24.00 24.00 24.00 24.00 23.80 * 23.30 23.50 23.70 23.70 24.30 24.00 24.20 23.40 24.50 23.50 23.50 23.60 23.50 23.50 23.40 23.20 * 0
2018-01-16 16:19:13 24.00 25.20 27.10 27.30 23.60 23.60 23.50 23.60 23.80 23.80 24.10 24.10 24.00 24.00 24.00 23.80 * 23.30 23.50 23.70 23.80 24.30 24.10 24.30 23.40 24.50 23.40 23.50 23.60 23.50 23.40 23.30 23.20 * 0
2018-01-16 16:19:13 24.00 25.10 27.20 27.30 23.70 23.60 23.50 23.60 23.90 23.90 24.10 24.10 24.10 24.00 24.10 23.90 * 23.40 23.60 23.70 23.70 24.30 24.10 24.30 23.40 24.40 23.40 23.40 23.60 23.50 23.40 23.30 23.30 * 0
2018-01-16 16:19:13 24.10 25.20 27.30 27.30 23.80 23.60 23.60 23.70 24.00 24.00 24.20 24.20 24.20 24.10 24.10 24.00 * 23.40 23.60 23.80 23.80 24.30 24.10 24.40 23.50 24.40 23.30 23.40 23.50 23.40 23.40 23.20 23.10 * 0
2018-01-16 16:19:14 24.00 25.10 27.20 27.30 23.70 23.60 23.60 23.70 23.90 23.90 24.10 24.10 24.10 24.10 24.10 23.90 * 23.40 23.60 23.80 23.80 24.30 24.10 24.40 23.40 24.30 23.20 23.40 23.40 23.40 23.30 23.20 23.10 * 0
2018-01-16 16:19:14 23.90 25.10 27.20 27.20 23.60 23.60 23.40 23.50 24.00 23.90 24.10 24.10 24.10 24.10 24.10 23.90 * 23.40 23.60 23.70 23.70 24.40 24.10 24.40 23.40 24.30 23.30 23.50 23.50 23.40 23.30 23.20 23.10 * 0
2018-01-16 16:19:14 23.80 25.00 27.10 27.20 23.60 23.50 23.40 23.40 24.00 23.90 24.20 24.10 24.10 24.10 24.10 23.90 * 23.40 23.60 23.70 23.70 24.40 24.10 24.40 23.50 24.40 23.40 23.50 23.60 23.50 23.40 23.30 23.20 * 0
2018-01-16 16:19:15 23.90 25.10 27.10 27.20 23.60 23.50 23.50 23.50 24.00 23.90 24.20 24.20 24.10 24.20 24.10 23.90 * 23.40 23.60 23.70 23.70 24.40 24.10 24.40 23.40 24.40 23.50 23.50 23.60 23.60 23.50 23.30 23.20 * 0
2018-01-16 16:19:15 23.90 25.10 27.20 27.30 23.60 23.50 23.50 23.50 23.90 23.90 24.10 24.10 24.10 24.10 24.00 23.90 * 23.30 23.50 23.70 23.70 24.30 24.00 24.40 23.40 24.40 23.40 23.50 23.60 23.60 23.50 23.30 23.20 * 0
2018-01-16 16:19:15 23.90 25.00 27.20 27.30 23.60 23.50 23.40 23.50 23.90 23.90 24.10 24.10 24.10 24.10 24.00 23.90 * 23.30 23.50 23.70 23.70 24.40 24.00 24.40 23.40 24.60 23.40 23.60 23.60 23.60 23.50 23.40 23.40 * 0
2018-01-16 16:19:15 23.90 25.00 27.20 27.30 23.60 23.50 23.40 23.50 23.90 23.90 24.20 24.10 24.10 24.10 24.10 23.90 * 23.30 23.50 23.70 23.70 24.40 24.00 24.30 23.40 24.60 23.50 23.60 23.60 23.70 23.50 23.40 23.40 * 0
2018-01-16 16:19:16 24.00 25.10 27.30 27.30 23.80 23.60 23.50 23.70 23.90 23.90 24.10 24.10 24.10 24.10 24.10 23.80 * 23.30 23.50 23.60 23.70 24.30 24.00 24.30 23.30 24.50 23.50 23.60 23.60 23.60 23.50 23.40 23.30 * 0
2018-01-16 16:19:16 24.00 25.10 27.30 27.30 23.80 23.60 23.50 23.70 23.90 23.90 24.10 24.10 24.10 24.00 24.00 23.80 * 23.10 23.40 23.60 23.70 24.20 24.00 24.20 23.20 24.50 23.40 23.50 23.60 23.50 23.40 23.30 23.20 * 0
2018-01-16 16:19:16 23.90 25.10 27.20 27.30 23.60 23.50 23.50 23.60 24.00 24.00 24.10 24.20 24.10 24.10 24.10 23.90 * 23.10 23.40 23.60 23.70 24.20 24.00 24.20 23.20 24.40 23.40 23.50 23.50 23.50 23.40 23.30 23.20 * 0
2018-01-16 16:19:16 23.90 25.10 27.30 27.30 23.60 23.60 23.60 23.60 24.00 23.90 24.10 24.20 24.20 24.20 24.10 23.90 * 23.20 23.50 23.60 23.70 24.20 24.00 24.30 23.20 24.40 23.40 23.50 23.50 23.50 23.40 23.40 23.30 * 0
2018-01-16 16:19:17 23.90 25.10 27.30 27.30 23.60 23.60 23.50 23.60 24.00 24.00 24.20 24.20 24.30 24.20 24.20 24.00 * 23.20 23.50 23.60 23.70 24.20 24.00 24.20 23.20 24.50 23.40 23.50 23.60 23.50 23.40 23.40 23.30 * 0
2018-01-16 16:19:17 24.00 25.10 27.30 27.40 23.70 23.60 23.50 23.60 24.10 24.00 24.20 24.20 24.20 24.20 24.20 24.00 * 23.20 23.50 23.60 23.60 24.20 24.00 24.20 23.20 24.50 23.40 23.50 23.60 23.50 23.30 23.30 23.20 * 0
2018-01-16 16:19:17 24.00 25.10 27.30 27.40 23.70 23.60 23.50 23.60 24.00 23.90 24.10 24.10 24.10 24.10 24.10 23.90 * 23.30 23.60 23.70 23.70 24.40 24.10 24.30 23.30 24.50 23.50 23.60 23.60 23.50 23.40 23.30 23.20 * 0
2018-01-16 16:19:17 24.00 25.10 27.30 27.40 23.70 23.60 23.50 23.60 23.90 23.90 24.10 24.10 24.10 24.10 24.00 23.90 * 23.30 23.60 23.70 23.80 24.40 24.10 24.40 23.40 24.60 23.50 23.60 23.60 23.60 23.50 23.40 23.40 * 0
2018-01-16 16:19:18 23.90 25.00 27.20 27.30 23.60 23.50 23.40 23.40 23.90 23.90 24.10 24.10 24.10 24.10 24.00 23.90 * 23.30 23.50 23.70 23.70 24.40 24.10 24.30 23.40 24.60 23.50 23.60 23.60 23.60 23.50 23.40 23.40 * 0
2018-01-16 16:19:18 24.00 25.10 27.30 27.40 23.70 23.60 23.50 23.60 23.90 23.90 24.00 24.10 24.10 24.00 24.00 23.80 * 23.40 23.60 23.70 23.80 24.40 24.10 24.50 23.40 24.50 23.40 23.50 23.60 23.60 23.50 23.40 23.30 * 0
2018-01-16 16:19:18 24.10 25.20 27.40 27.40 23.70 23.70 23.60 23.70 23.80 23.80 24.00 24.00 24.10 24.00 24.00 23.70 * 23.40 23.60 23.70 23.80 24.40 24.10 24.40 23.40 24.50 23.50 23.60 23.70 23.60 23.40 23.40 23.30 * 0
2018-01-16 16:19:19 24.10 25.20 27.40 27.50 23.80 23.60 23.60 23.70 23.80 23.80 24.10 24.10 24.10 24.00 24.00 23.80 * 23.30 23.50 23.70 23.70 24.40 24.10 24.30 23.40 24.40 23.40 23.50 23.60 23.50 23.40 23.30 23.30 * 0
2018-01-16 16:19:19 24.00 25.20 27.40 27.40 23.70 23.60 23.50 23.70 23.90 23.80 24.10 24.10 24.10 24.10 24.10 23.90 * 23.20 23.50 23.70 23.70 24.30 24.00 24.30 23.40 24.40 23.40 23.50 23.60 23.50 23.40 23.30 23.20 * 0
2018-01-16 16:19:19 24.00 25.10 27.40 27.40 23.70 23.60 23.50 23.60 23.90 23.90 24.10 24.10 24.10 24.10 24.00 23.80 * 23.30 23.50 23.70 23.70 24.30 24.00 24.20 23.20 24.40 23.40 23.50 23.60 23.50 23.40 23.30 23.20 * 0
2018-01-16 16:19:19 24.00 25.00 27.60 27.30 24.10 23.70 23.60 23.70 24.00 23.90 24.10 24.10 24.10 24.00 24.00 23.70 * 23.30 23.50 23.70 23.60 24.30 24.40 23.90 23.20 24.10 23.30 23.50 23.50 23.50 23.40 23.20 23.20 * 0
2018-01-16 16:19:20 24.00 24.50 28.20 27.50 25.80 23.70 23.60 23.60 23.90 23.90 24.10 24.10 24.00 24.00 24.00 23.70 * 23.40 23.50 23.70 23.70 24.40 25.00 23.70 23.30 23.60 23.40 23.50 23.50 23.50 23.30 23.20 23.20 * 0
2018-01-16 16:19:20 24.00 24.30 27.40 27.40 26.40 23.70 23.60 23.60 23.90 23.90 24.10 24.10 24.00 24.00 24.00 23.80 * 23.40 23.60 23.70 23.80 24.40 25.10 23.60 23.40 23.60 23.40 23.50 23.60 23.50 23.40 23.30 23.30 * 0
2018-01-16 16:19:20 24.00 24.30 26.40 27.00 26.30 23.70 23.60 23.70 23.80 23.80 24.10 24.10 24.00 24.00 24.00 23.80 * 23.40 23.60 23.80 23.80 24.10 25.00 23.70 23.30 23.50 23.40 23.40 23.60 23.50 23.40 23.30 23.20 * 0
2018-01-16 16:19:20 24.00 24.30 26.10 26.20 26.00 23.80 23.60 23.60 23.80 23.80 24.00 24.10 24.00 24.00 24.00 23.80 * 23.30 23.60 23.70 23.70 23.60 24.90 23.80 23.40 23.90 23.80 23.70 23.50 23.50 23.40 23.30 23.30 * 0
2018-01-16 16:19:21 23.80 24.10 25.90 24.20 26.00 24.60 23.60 23.60 23.80 23.80 24.00 24.10 24.00 24.00 24.00 23.90 * 23.30 23.60 23.70 23.70 23.50 25.00 23.80 23.70 23.80 24.00 24.40 23.60 23.50 23.50 23.30 23.30 * 0
2018-01-16 16:19:21 23.80 24.10 25.90 24.00 24.70 25.80 24.10 23.60 24.40 23.90 24.10 24.20 24.10 24.10 24.10 24.00 * 23.30 23.50 23.60 23.60 23.50 24.50 23.60 23.80 23.70 24.00 24.70 23.60 23.50 23.50 23.40 23.30 * 0
2018-01-16 16:19:21 23.90 24.10 25.90 23.90 23.60 25.40 25.30 23.90 26.10 24.20 24.10 24.10 24.00 24.00 24.00 23.90 * 23.20 23.40 23.60 23.60 23.50 23.50 23.30 23.60 23.60 23.90 24.80 23.70 23.60 23.50 23.40 23.30 * 0
2018-01-16 16:19:22 23.80 24.00 25.80 23.80 23.40 24.00 26.00 24.20 25.50 25.20 24.10 24.10 24.00 24.00 24.10 23.90 * 23.20 23.40 23.60 23.60 23.50 23.50 23.30 23.40 23.40 23.70 25.00 24.20 23.60 23.50 23.40 23.30 * 0
2018-01-16 16:19:22 23.80 24.10 25.80 23.90 23.40 23.60 24.30 25.80 24.80 26.40 24.30 24.10 24.10 24.00 24.10 24.00 * 23.20 23.50 23.60 23.60 23.50 23.50 23.40 23.20 23.30 23.40 24.00 24.70 23.80 23.40 23.30 23.10 * 0
2018-01-16 16:19:22 24.00 24.10 25.90 23.90 23.50 23.70 23.90 26.20 24.60 27.00 24.70 24.30 24.20 24.10 24.10 24.00 * 23.30 23.50 23.60 23.70 23.60 23.50 23.40 23.20 23.30 23.40 24.00 24.80 24.40 23.50 23.20 23.20 * 0
2018-01-16 16:19:22 23.80 24.10 25.70 23.80 23.40 23.60 23.60 25.80 24.40 26.70 25.40 24.30 24.20 24.20 24.10 24.10 * 23.30 23.50 23.60 23.60 23.50 23.50 23.40 23.20 23.30 23.30 23.80 24.60 24.60 23.50 23.20 23.20 * 0
2018-01-16 16:19:23 23.80 24.00 25.60 23.80 23.30 23.60 23.40 24.70 24.10 24.20 26.60 24.60 24.10 24.10 24.10 24.00 * 23.40 23.50 23.60 23.60 23.50 23.60 23.40 23.30 23.30 23.30 23.50 24.10 24.70 23.40 23.20 23.20 * 0
2018-01-16 16:19:23 23.80 24.00 25.70 23.80 23.30 23.50 23.50 23.80 24.00 23.90 25.60 25.30 24.20 24.10 24.10 24.00 * 23.40 23.60 23.60 23.70 23.60 23.60 23.50 23.30 23.40 23.40 23.50 23.70 24.80 23.80 23.40 23.30 * 0
2018-01-16 16:19:23 23.60 23.90 25.50 23.70 23.20 23.40 23.30 23.40 23.90 23.90 24.60 26.10 24.60 24.10 24.10 24.00 * 23.40 23.60 23.70 23.70 23.60 23.60 23.50 23.30 23.50 23.50 23.60 23.70 24.40 23.90 24.30 23.50 * 0
2018-01-16 16:19:23 23.60 23.90 25.50 23.70 23.20 23.30 23.30 23.40 23.90 23.80 24.20 26.30 25.00 24.10 24.10 23.90 * 23.30 23.50 23.60 23.70 23.50 23.50 23.40 23.20 23.40 23.50 23.60 23.60 23.80 23.80 24.40 23.40 * 0
2018-01-16 16:19:24 23.60 23.90 25.50 23.60 23.20 23.40 23.40 23.40 23.90 23.80 24.10 25.20 26.00 24.10 24.00 23.90 * 23.30 23.50 23.60 23.70 23.50 23.50 23.40 23.20 23.40 23.50 23.60 23.60 23.60 23.70 24.50 23.80 * 0
2018-01-16 16:19:24 23.70 23.90 25.50 23.70 23.20 23.40 23.40 23.50 23.80 23.80 24.10 24.20 25.50 25.60 24.10 23.90 * 23.30 23.50 23.60 23.60 23.60 23.50 23.30 23.30 23.40 23.50 23.60 23.60 23.60 23.60 24.40 24.20 * 0
2018-01-16 16:19:24 23.80 24.00 25.60 23.80 23.30 23.50 23.40 23.60 23.90 23.90 24.10 24.10 24.30 26.20 24.70 24.00 * 23.40 23.60 23.70 23.70 23.60 23.60 23.40 23.30 23.50 23.50 23.60 23.70 23.60 23.60 24.30 24.40 * 0
2018-01-16 16:19:24 23.70 23.90 25.50 23.70 23.30 23.50 23.40 23.50 23.80 23.90 24.00 24.10 24.00 25.30 25.30 24.10 * 23.30 23.40 23.70 23.70 23.60 23.50 23.40 23.20 23.50 23.40 23.60 23.60 23.60 23.50 23.50 24.30 * 0
2018-01-16 16:19:25 23.70 24.00 25.50 23.70 23.30 23.50 23.40 23.50 23.80 23.80 24.00 24.10 24.00 24.50 25.60 24.10 * 23.20 23.40 23.60 23.60 23.50 23.40 23.30 23.10 23.40 23.40 23.50 23.60 23.50 23.40 23.30 24.10 * 0
2018-01-16 16:19:25 23.80 24.00 25.50 23.80 23.30 23.50 23.50 23.60 23.90 23.80 24.00 24.00 24.10 24.10 25.90 24.30 * 23.20 23.50 23.50 23.60 23.40 23.40 23.30 23.20 23.30 23.30 23.50 23.60 23.50 23.40 23.30 23.80 * 0
2018-01-16 16:19:25 23.80 24.00 25.50 23.90 23.30 23.50 23.50 23.60 23.80 23.80 24.00 24.00 24.00 24.00 24.90 25.10 * 23.30 23.50 23.60 23.60 23.50 23.50 23.50 23.30 23.30 23.30 23.50 23.60 23.50 23.40 23.30 23.40 * 0
2018-01-16 16:19:25 23.80 24.00 25.50 23.80 23.30 23.50 23.50 23.60 23.80 23.80 24.00 24.00 24.00 24.00 24.50 25.40 * 23.20 23.50 23.60 23.60 23.50 23.50 23.40 23.20 23.30 23.30 23.50 23.60 23.40 23.40 23.20 23.20 * 0
2018-01-16 16:19:26 23.70 24.00 25.40 23.60 23.20 23.40 23.40 23.50 23.90 23.80 24.00 24.10 24.00 24.00 24.40 25.60 * 23.30 23.50 23.60 23.60 23.50 23.50 23.40 23.20 23.30 23.40 23.50 23.60 23.50 23.40 23.30 23.20 * 0
2018-01-16 16:19:26 23.70 23.90 25.30 23.60 23.20 23.30 23.30 23.40 23.90 23.80 24.00 24.10 24.00 24.00 24.40 25.80 * 23.40 23.50 23.60 23.70 23.50 23.50 23.40 23.20 23.50 23.50 23.60 23.60 23.60 23.50 23.40 23.30 * 0
2018-01-16 16:19:26 23.80 24.00 25.40 23.70 23.30 23.40 23.40 23.50 24.00 24.00 24.20 24.20 24.10 24.10 24.50 25.90 * 23.30 23.50 23.60 23.70 23.60 23.60 23.50 23.30 23.50 23.40 23.60 23.60 23.50 23.40 23.30 23.30 * 0
2018-01-16 16:19:27 23.80 24.00 25.40 23.80 23.30 23.50 23.40 23.50 24.00 24.00 24.10 24.20 24.10 24.10 24.60 25.90 * 23.20 23.50 23.60 23.60 23.50 23.50 23.40 23.20 23.30 23.30 23.50 23.60 23.40 23.30 23.20 23.20 * 0
2018-01-16 16:19:27 23.60 23.90 25.30 23.70 23.20 23.40 23.30 23.40 24.00 23.90 24.10 24.20 24.10 24.10 24.90 25.80 * 23.20 23.40 23.60 23.60 23.50 23.40 23.30 23.20 23.30 23.30 23.50 23.60 23.50 23.30 23.30 23.60 * 0
2018-01-16 16:19:27 23.70 24.00 25.40 23.70 23.30 23.40 23.40 23.50 23.90 23.90 24.10 24.10 24.10 24.10 25.50 25.60 * 23.20 23.40 23.60 23.60 23.50 23.50 23.30 23.20 23.40 23.40 23.50 23.60 23.60 23.30 24.00 24.00 * 0
2018-01-16 16:19:27 23.80 24.10 25.50 23.80 23.30 23.50 23.50 23.60 24.00 23.90 24.10 24.10 24.00 25.00 25.90 24.60 * 23.30 23.50 23.60 23.70 23.50 23.50 23.30 23.20 23.40 23.40 23.50 23.60 23.50 23.40 24.70 23.80 * 0
2018-01-16 16:19:28 23.70 24.10 25.40 23.80 23.30 23.50 23.50 23.60 23.80 23.80 24.10 24.10 24.20 25.90 25.40 24.10 * 23.30 23.50 23.60 23.60 23.50 23.50 23.30 23.20 23.30 23.30 23.50 23.60 23.40 23.40 24.90 23.70 * 0
2018-01-16 16:19:28 23.70 23.90 25.30 23.60 23.20 23.50 23.40 23.60 23.80 23.80 24.10 24.10 24.90 26.10 24.50 23.90 * 23.30 23.50 23.60 23.60 23.50 23.50 23.30 23.20 23.50 23.40 23.60 23.80 24.40 24.10 25.20 24.00 * 0
2018-01-16 16:19:28 23.80 24.00 25.30 23.70 23.30 23.50 23.50 23.70 23.80 23.80 24.10 24.20 25.70 25.50 24.10 23.80 * 23.30 23.50 23.60 23.60 23.50 23.50 23.30 23.30 23.50 23.50 23.60 24.60 25.20 24.00 25.20 23.80 * 0
2018-01-16 16:19:28 23.90 24.20 25.50 23.90 23.50 23.60 23.60 23.80 24.00 24.00 25.20 26.10 25.00 24.10 24.10 24.00 * 23.30 23.50 23.70 23.70 23.60 23.60 23.50 23.30 23.40 23.40 23.60 25.10 25.20 23.80 24.50 23.50 * 0
2018-01-16 16:19:29 23.90 24.20 25.40 23.90 23.40 23.60 23.60 23.80 24.10 24.80 26.20 25.50 24.20 24.00 24.10 23.90 * 23.30 23.50 23.70 23.70 23.60 23.60 23.50 23.60 23.90 23.90 24.00 25.30 25.10 23.40 23.30 23.30 * 0
2018-01-16 16:19:29 23.70 24.00 25.40 23.70 23.30 23.50 23.90 25.30 24.50 25.90 25.90 24.40 24.10 24.00 24.10 23.90 * 23.30 23.60 23.70 23.70 23.60 23.80 24.20 23.80 24.60 23.80 23.70 25.30 24.90 23.40 23.30 23.30 * 0
