2018-01-16 17:36:25 25.10 26.40 27.20 26.30 25.70 27.40 24.10 23.70 23.90 23.80 23.90 24.00 23.80 24.00 24.00 23.90 * 24.90 23.20 23.20 23.30 23.40 23.50 23.30 23.10 23.40 23.40 23.60 23.50 23.30 23.30 23.30 23.20 * 1
2018-01-16 17:36:25 24.30 25.10 26.80 26.40 25.80 26.70 23.70 23.60 23.90 23.80 24.00 24.00 23.90 24.00 24.10 24.10 * 24.50 24.10 23.30 23.30 23.50 23.50 23.30 23.20 23.60 23.60 23.60 23.50 23.40 23.40 23.40 23.30 * 1
2018-01-16 17:36:25 24.20 24.20 26.50 26.50 26.10 26.40 24.10 23.70 25.90 23.80 24.00 24.00 24.00 24.10 24.20 24.10 * 23.90 24.50 23.80 23.70 23.70 23.60 23.40 23.30 23.50 23.50 23.60 23.50 23.40 23.40 23.40 23.30 * 1
2018-01-16 17:36:26 24.10 23.90 24.00 24.80 26.50 27.70 26.40 24.20 26.70 24.10 24.00 24.00 24.00 24.10 24.20 24.00 * 23.50 24.10 24.50 24.50 24.00 23.70 23.40 23.30 23.50 23.50 23.60 23.50 23.40 23.40 23.40 23.30 * 1
2018-01-16 17:36:26 24.20 23.90 24.00 23.80 24.10 25.70 25.40 24.20 25.40 24.20 24.00 23.90 23.90 24.00 24.00 23.90 * 23.40 23.80 24.40 25.00 24.00 24.50 23.40 23.30 23.60 23.50 23.60 23.60 23.40 23.40 23.40 23.30 * 1
2018-01-16 17:36:26 24.10 23.90 23.90 23.80 23.40 23.70 23.70 23.90 23.90 24.00 24.00 24.00 23.90 24.00 24.00 23.90 * 23.40 23.80 24.20 24.80 23.90 25.40 23.60 23.40 23.70 23.60 23.70 23.60 23.40 23.30 23.40 23.20 * 1
2018-01-16 17:36:26 24.10 23.90 23.80 23.70 23.40 23.70 23.50 23.70 23.90 23.90 24.00 24.10 24.00 24.10 24.10 24.00 * 23.50 23.90 24.60 25.20 25.20 25.50 23.60 23.30 23.80 23.60 23.70 23.60 23.50 23.40 23.50 23.30 * 1
2018-01-16 17:36:27 24.00 23.80 23.80 23.70 23.40 23.60 23.50 23.70 23.80 23.80 24.00 24.00 23.90 24.10 24.10 24.10 * 23.40 23.80 24.50 25.10 25.30 25.70 23.70 23.30 24.00 23.50 23.60 23.60 23.40 23.30 23.40 23.20 * 1
2018-01-16 17:36:27 24.00 23.80 23.80 23.60 23.40 23.60 23.40 23.70 23.90 23.90 24.00 24.00 24.00 24.20 24.10 24.10 * 23.30 23.60 24.40 24.90 25.40 26.00 23.90 23.30 24.40 23.50 23.60 23.60 23.40 23.30 23.40 23.20 * 1
2018-01-16 17:36:27 23.90 23.70 23.70 23.60 23.30 23.50 23.40 23.60 23.80 23.80 23.90 23.90 23.90 24.00 24.00 24.00 * 23.20 23.50 24.50 24.80 25.50 26.00 24.20 23.40 24.90 23.60 23.70 23.60 23.40 23.30 23.40 23.30 * 1
2018-01-16 17:36:27 23.90 23.70 23.70 23.60 23.40 23.50 23.40 23.60 23.80 23.80 23.90 24.00 23.90 24.00 24.10 24.10 * 23.40 23.60 24.60 24.90 25.60 26.00 24.60 23.60 25.00 23.50 23.60 23.60 23.40 23.30 23.30 23.20 * 1
2018-01-16 17:36:28 23.90 23.70 23.70 23.70 23.40 23.50 23.40 23.60 23.90 23.90 24.10 24.10 24.00 24.10 24.20 24.10 * 23.30 23.80 24.60 24.90 25.60 26.00 24.40 23.50 25.00 23.50 23.60 23.60 23.40 23.30 23.40 23.20 * 1
2018-01-16 17:36:28 23.90 23.70 23.70 23.60 23.20 23.50 23.40 23.50 23.80 23.90 23.90 24.00 23.90 24.10 24.10 24.10 * 23.40 24.30 24.70 25.10 25.70 26.10 24.40 23.50 25.00 23.60 23.60 23.60 23.40 23.40 23.40 23.20 * 1
2018-01-16 17:36:28 24.00 23.70 23.80 23.60 23.20 23.50 23.40 23.60 23.80 23.80 24.00 24.10 24.00 24.10 24.20 24.10 * 23.50 24.50 24.70 25.10 25.70 26.00 24.50 23.50 25.00 23.60 23.60 23.60 23.40 23.40 23.40 23.20 * 1
2018-01-16 17:36:28 24.10 23.80 23.80 23.60 23.30 23.60 23.50 23.60 23.70 23.80 24.00 24.00 24.00 24.00 24.10 24.00 * 23.50 24.60 24.80 25.10 25.70 26.00 24.50 23.50 25.00 23.60 23.70 23.60 23.40 23.30 23.40 23.20 * 1
2018-01-16 17:36:29 24.00 23.80 23.70 23.60 23.40 23.50 23.50 23.60 23.60 23.80 23.90 24.00 23.90 24.00 24.00 24.00 * 23.50 24.60 24.70 25.10 25.70 26.00 24.40 23.40 25.00 23.50 23.60 23.50 23.30 23.30 23.40 23.30 * 1
2018-01-16 17:36:29 23.90 23.70 23.70 23.60 23.30 23.50 23.50 23.60 23.70 23.70 23.90 24.00 23.90 24.10 24.00 24.00 * 23.50 24.60 24.70 25.00 25.70 26.00 24.50 23.50 25.00 23.50 23.60 23.50 23.30 23.30 23.40 23.20 * 1
2018-01-16 17:36:29 23.90 23.80 23.70 23.60 23.30 23.50 23.40 23.60 23.80 23.80 24.00 24.00 23.90 24.10 24.10 24.10 * 23.50 24.60 24.80 25.10 25.80 26.10 24.50 23.50 25.10 23.60 23.70 23.60 23.40 23.30 23.40 23.30 * 1
2018-01-16 17:36:30 23.90 23.70 23.70 23.60 23.30 23.50 23.50 23.50 23.80 23.80 24.00 24.00 24.00 24.10 24.10 24.10 * 23.50 24.60 24.80 25.10 25.90 26.10 24.50 23.50 25.10 23.60 23.70 23.60 23.40 23.30 23.40 23.30 * 1
2018-01-16 17:36:30 23.90 23.70 23.70 23.50 23.20 23.50 23.50 23.50 23.70 23.80 24.00 24.00 24.00 24.10 24.10 24.10 * 23.40 24.60 24.70 25.10 25.80 26.00 24.40 23.40 25.00 23.60 23.60 23.60 23.30 23.30 23.30 23.30 * 1
2018-01-16 17:36:30 23.80 23.70 23.70 23.50 23.20 23.50 23.40 23.50 23.70 23.80 24.00 23.90 23.90 24.00 24.10 24.00 * 23.40 24.70 24.70 25.10 25.80 26.00 24.50 23.50 25.10 23.60 23.60 23.60 23.40 23.40 23.40 23.30 * 1
2018-01-16 17:36:30 24.00 23.80 23.70 23.60 23.40 23.60 23.50 23.70 23.70 23.70 23.90 23.80 23.80 24.00 24.10 24.00 * 23.50 24.80 24.80 25.20 25.90 26.10 24.50 23.50 25.10 23.60 23.60 23.60 23.40 23.40 23.40 23.30 * 1
2018-01-16 17:36:31 24.10 23.90 23.80 23.70 23.40 23.70 23.60 23.70 23.70 23.70 23.90 23.90 23.90 24.10 24.10 24.00 * 23.50 24.70 24.80 25.20 25.90 26.10 24.50 23.50 25.10 23.60 23.70 23.60 23.40 23.30 23.50 23.30 * 1
2018-01-16 17:36:31 23.90 23.80 23.70 23.60 23.30 23.60 23.40 23.60 23.70 23.70 23.80 23.90 24.00 24.00 24.00 23.90 * 23.40 24.70 24.70 25.10 25.90 26.00 24.50 23.50 25.00 23.50 23.60 23.50 23.30 23.20 23.30 23.30 * 1
2018-01-16 17:36:31 23.90 23.80 23.70 23.60 23.30 23.60 23.40 23.60 23.70 23.70 23.80 23.90 23.90 23.90 24.00 23.90 * 23.50 24.70 24.80 25.10 25.90 26.00 24.60 23.50 25.20 23.50 23.60 23.50 23.40 23.30 23.40 23.20 * 1
2018-01-16 17:36:31 23.90 23.80 23.70 23.60 23.30 23.60 23.40 23.60 23.60 23.70 23.90 23.90 23.80 24.00 24.00 23.90 * 23.50 24.60 24.70 25.20 25.90 26.00 24.80 23.50 25.30 23.60 23.70 23.60 23.50 23.40 23.50 23.40 * 1
2018-01-16 17:36:32 23.90 23.70 23.70 23.60 23.30 23.50 23.40 23.60 23.90 24.00 24.10 24.10 24.00 24.10 24.20 24.10 * 23.50 24.70 24.80 25.20 25.90 26.10 24.90 23.60 25.40 23.60 23.70 23.60 23.40 23.40 23.50 23.40 * 1
2018-01-16 17:36:32 24.00 23.80 23.80 23.70 23.40 23.60 23.40 23.60 23.90 23.90 24.00 24.00 24.00 24.10 24.00 24.00 * 23.40 24.60 24.80 25.10 25.90 26.10 24.90 23.60 25.40 23.60 23.70 23.60 23.40 23.40 23.40 23.30 * 1
2018-01-16 17:36:32 23.90 23.70 23.70 23.60 23.30 23.50 23.40 23.50 23.80 23.80 24.00 24.00 24.00 24.10 24.00 24.00 * 23.30 24.50 24.70 25.10 25.80 26.00 24.90 23.50 25.30 23.60 23.70 23.60 23.50 23.40 23.40 23.30 * 1
2018-01-16 17:36:32 23.90 23.60 23.60 23.60 23.20 23.50 23.40 23.50 23.80 23.80 24.00 24.00 24.00 24.10 24.10 24.10 * 23.40 24.60 24.80 25.20 25.80 26.00 24.90 23.50 25.20 23.50 23.60 23.50 23.30 23.30 23.30 23.30 * 1
2018-01-16 17:36:33 23.90 23.70 23.70 23.60 23.30 23.50 23.40 23.60 23.70 23.80 24.00 24.00 23.90 24.10 24.10 24.10 * 23.60 24.70 24.80 25.20 25.90 26.10 24.90 23.60 25.30 23.60 23.70 23.60 23.40 23.40 23.40 23.40 * 1
2018-01-16 17:36:33 23.90 23.70 23.70 23.60 23.30 23.60 23.40 23.60 23.70 23.70 23.90 24.00 23.90 24.10 24.10 23.90 * 23.40 24.70 24.80 25.20 25.80 26.00 24.80 23.60 25.30 23.60 23.70 23.50 23.40 23.40 23.40 23.30 * 1
2018-01-16 17:36:33 23.90 23.60 23.60 23.60 23.30 23.50 23.40 23.50 23.80 23.80 23.90 23.90 24.00 24.00 24.00 23.90 * 23.40 24.70 24.80 25.20 25.90 26.10 24.90 23.60 25.20 23.60 23.60 23.50 23.30 23.30 23.40 23.30 * 1
2018-01-16 17:36:33 23.90 23.60 23.70 23.60 23.30 23.50 23.50 23.50 23.70 23.80 23.90 23.90 24.00 24.00 24.00 23.90 * 23.40 24.70 24.80 25.20 25.90 26.10 24.90 23.60 25.20 23.50 23.60 23.50 23.30 23.40 23.40 23.30 * 1
2018-01-16 17:36:34 24.00 23.80 23.80 23.70 23.40 23.60 23.50 23.60 23.80 23.90 24.00 24.10 24.00 24.10 24.10 24.00 * 23.50 24.80 24.90 25.30 25.90 26.10 24.90 23.60 25.20 23.50 23.60 23.50 23.30 23.30 23.30 23.20 * 1
2018-01-16 17:36:34 23.90 23.70 23.70 23.60 23.30 23.50 23.40 23.60 23.70 23.70 23.90 23.90 23.80 24.00 24.00 23.90 * 23.60 24.70 24.80 25.20 25.90 26.10 24.90 23.60 25.30 23.50 23.60 23.50 23.30 23.30 23.30 23.20 * 1
2018-01-16 17:36:34 23.80 23.60 23.70 23.50 23.30 23.50 23.30 23.50 23.80 23.80 23.90 23.90 23.90 24.00 24.10 24.00 * 23.50 24.70 24.80 25.20 25.90 26.10 24.90 23.60 25.30 23.60 23.70 23.60 23.40 23.30 23.40 23.20 * 1
2018-01-16 17:36:35 23.80 23.60 23.60 23.50 23.20 23.40 23.40 23.50 23.70 23.80 23.90 24.00 24.00 24.00 24.00 24.00 * 23.40 24.80 24.80 25.20 25.90 26.10 24.90 23.60 25.30 23.60 23.70 23.60 23.40 23.30 23.40 23.30 * 1
2018-01-16 17:36:35 23.90 23.70 23.60 23.60 23.30 23.40 23.40 23.60 23.70 23.70 23.90 24.00 23.90 24.00 24.00 24.00 * 23.50 24.80 24.90 25.30 26.00 26.20 25.00 23.60 25.30 23.60 23.60 23.60 23.40 23.30 23.40 23.30 * 1
2018-01-16 17:36:35 23.90 23.70 23.70 23.60 23.30 23.50 23.40 23.60 23.70 23.70 23.90 24.00 23.90 24.00 24.00 24.00 * 23.50 24.70 24.80 25.20 25.90 26.00 24.90 23.50 25.20 23.50 23.60 23.50 23.30 23.30 23.30 23.20 * 1
2018-01-16 17:36:35 23.90 23.60 23.70 23.50 23.20 23.50 23.40 23.50 23.60 23.70 23.90 23.90 23.80 24.00 24.00 23.80 * 23.50 24.70 24.80 25.30 26.00 26.00 24.90 23.60 25.30 23.50 23.60 23.50 23.30 23.30 23.30 23.20 * 1
2018-01-16 17:36:36 23.80 23.70 23.70 23.50 23.20 23.50 23.40 23.50 23.80 23.80 23.90 23.90 23.90 24.00 24.00 23.90 * 23.50 24.70 24.80 25.30 26.00 26.10 24.90 23.60 25.30 23.50 23.60 23.60 23.40 23.40 23.50 23.30 * 1
2018-01-16 17:36:36 24.00 23.80 23.80 23.60 23.40 23.60 23.50 23.60 23.80 23.80 24.00 24.00 24.00 24.10 24.10 24.10 * 23.50 24.80 24.80 25.30 26.00 26.10 24.90 23.60 25.30 23.50 23.60 23.60 23.40 23.30 23.40 23.30 * 1
2018-01-16 17:36:36 24.00 23.80 23.80 23.70 23.40 23.60 23.50 23.60 23.70 23.80 23.90 23.90 23.90 24.00 23.90 23.90 * 23.50 24.70 24.80 25.20 25.90 26.10 24.90 23.50 25.30 23.60 23.60 23.60 23.40 23.40 23.40 23.30 * 1
2018-01-16 17:36:36 23.80 23.70 23.70 23.60 23.30 23.50 23.40 23.60 23.80 23.80 24.00 24.00 24.00 24.00 24.00 24.00 * 23.50 24.70 24.80 25.20 25.90 26.10 24.90 23.60 25.30 23.60 23.70 23.60 23.40 23.30 23.30 23.30 * 1
2018-01-16 17:36:37 23.80 23.60 23.60 23.50 23.20 23.40 23.40 23.50 23.70 23.80 24.00 24.00 23.90 24.00 24.00 24.00 * 23.60 24.80 24.80 25.30 26.00 26.20 25.00 23.70 25.30 23.60 23.70 23.60 23.40 23.30 23.40 23.30 * 1
2018-01-16 17:36:37 24.00 23.80 23.80 23.70 23.40 23.50 23.50 23.60 23.60 23.70 23.90 23.90 23.90 24.00 24.00 24.00 * 23.50 24.70 24.80 25.20 26.00 26.10 25.00 23.60 25.40 23.60 23.70 23.60 23.40 23.40 23.40 23.30 * 1
2018-01-16 17:36:37 24.10 24.00 23.90 23.80 23.50 23.70 23.60 23.70 23.70 23.70 23.90 23.90 23.90 24.00 24.10 24.00 * 23.40 24.60 24.70 25.20 25.90 26.00 24.90 23.50 25.20 23.50 23.60 23.50 23.30 23.30 23.30 23.20 * 1
2018-01-16 17:36:37 24.00 23.80 23.80 23.70 23.40 23.60 23.50 23.60 23.60 23.70 23.90 23.90 23.90 23.90 24.00 23.90 * 23.30 24.70 24.70 25.20 25.90 26.00 24.70 23.40 25.20 23.50 23.60 23.50 23.30 23.20 23.30 23.20 * 1
2018-01-16 17:36:38 23.90 23.60 23.70 23.60 23.30 23.50 23.40 23.50 23.70 23.80 24.00 24.00 23.90 24.00 24.00 24.00 * 23.30 24.60 24.70 25.20 25.90 26.00 24.70 23.40 25.20 23.50 23.60 23.50 23.30 23.20 23.30 23.20 * 1
2018-01-16 17:36:38 24.10 23.90 23.80 23.70 23.40 23.60 23.50 23.60 23.80 23.90 24.00 24.00 23.90 24.00 24.00 24.00 * 23.40 24.60 24.80 25.20 25.90 26.00 24.90 23.50 25.20 23.50 23.50 23.50 23.30 23.20 23.30 23.20 * 1
2018-01-16 17:36:38 24.00 23.80 23.80 23.60 23.30 23.50 23.40 23.60 23.70 23.80 24.00 23.90 23.90 24.00 24.00 23.90 * 23.40 24.70 24.70 25.20 25.90 26.10 24.90 23.50 25.20 23.50 23.60 23.40 23.30 23.30 23.30 23.20 * 1
2018-01-16 17:36:39 23.90 23.70 23.60 23.50 23.30 23.50 23.40 23.50 23.70 23.80 24.00 23.90 24.00 24.00 24.00 23.90 * 23.30 24.60 24.60 25.20 25.80 26.00 24.80 23.40 25.30 23.50 23.60 23.50 23.30 23.30 23.30 23.20 * 1
2018-01-16 17:36:39 23.80 23.70 23.70 23.60 23.20 23.50 23.40 23.60 23.70 23.70 23.90 23.90 23.90 24.00 24.00 23.90 * 23.40 24.70 24.70 25.30 25.90 26.10 24.90 23.60 25.40 23.60 23.60 23.60 23.40 23.30 23.40 23.30 * 1
2018-01-16 17:36:39 23.90 23.70 23.70 23.50 23.20 23.50 23.40 23.50 23.70 23.70 23.90 24.00 23.90 24.00 24.10 24.00 * 23.40 24.70 24.80 25.30 25.90 26.10 24.90 23.60 25.30 23.50 23.50 23.50 23.30 23.30 23.30 23.10 * 1
2018-01-16 17:36:39 23.80 23.60 23.60 23.50 23.20 23.40 23.30 23.50 23.70 23.80 24.00 24.00 23.90 24.00 24.10 24.00 * 23.40 24.70 24.80 25.20 25.90 26.00 24.90 23.50 25.20 23.50 23.50 23.30 23.20 23.20 23.20 23.10 * 1
2018-01-16 17:36:40 23.80 23.60 23.60 23.50 23.20 23.50 23.30 23.50 23.60 23.70 24.00 23.90 23.80 24.00 24.10 24.00 * 23.50 24.80 24.90 25.40 26.10 26.20 25.10 23.70 25.30 23.50 23.60 23.50 23.30 23.20 23.30 23.10 * 1
2018-01-16 17:36:40 23.80 23.70 23.60 23.50 23.20 23.50 23.40 23.60 23.80 23.80 23.90 24.00 24.00 24.10 24.10 24.00 * 23.60 24.90 24.90 25.30 26.10 26.20 25.00 23.70 25.40 23.60 23.60 23.60 23.50 23.30 23.30 23.20 * 1
2018-01-16 17:36:40 23.90 23.80 23.70 23.70 23.40 23.60 23.50 23.60 23.80 23.80 23.90 24.00 24.00 24.10 24.00 24.00 * 23.40 24.70 24.90 25.20 26.00 26.10 24.90 23.60 25.40 23.60 23.60 23.60 23.50 23.40 23.40 23.20 * 1
2018-01-16 17:36:40 23.90 23.70 23.60 23.60 23.30 23.50 23.40 23.60 23.70 23.70 23.90 24.00 24.00 24.00 24.00 24.00 * 23.40 24.70 24.80 25.30 25.90 26.10 24.80 23.60 24.80 23.50 23.60 23.50 23.30 23.30 23.30 23.20 * 1
2018-01-16 17:36:41 23.80 23.60 23.60 23.60 23.30 23.40 23.30 23.50 23.80 23.80 24.00 24.00 24.00 24.10 24.10 24.00 * 23.30 23.80 24.50 25.00 26.00 26.10 24.00 23.30 24.50 23.50 23.60 23.50 23.40 23.30 23.30 23.20 * 1
