2018-01-16 16:34:31 24.10 24.80 26.80 25.50 25.30 23.90 23.20 23.40 23.80 23.80 23.90 24.00 23.90 24.00 24.10 24.00 * 23.70 23.80 23.70 23.40 23.40 23.30 23.10 22.90 23.00 23.10 23.40 23.30 23.10 23.00 23.00 22.90 * 0
2018-01-16 16:34:31 24.30 25.00 26.80 25.30 24.40 24.00 23.30 23.50 23.90 23.90 24.00 24.10 24.00 24.10 24.20 24.10 * 23.90 23.90 23.60 23.40 23.40 23.40 23.30 23.10 23.10 23.20 23.50 23.40 23.30 23.20 23.20 23.00 * 0
2018-01-16 16:34:32 24.40 25.40 26.80 24.70 23.70 24.00 23.40 23.50 23.90 23.90 24.00 24.10 24.00 24.10 24.20 24.20 * 23.80 24.00 23.60 23.50 23.40 23.40 23.30 23.10 23.10 23.10 23.40 23.40 23.20 23.10 23.20 22.90 * 0
2018-01-16 16:34:32 24.30 25.20 26.80 25.30 23.70 24.00 23.40 23.50 23.90 23.90 24.10 24.10 24.10 24.10 24.20 24.10 * 23.80 23.80 23.70 23.40 23.40 23.30 23.20 23.00 23.10 23.10 23.30 23.30 23.10 23.10 23.10 22.90 * 0
2018-01-16 16:34:32 24.30 24.70 26.70 26.20 24.00 24.00 23.40 23.50 23.80 23.90 24.00 24.00 24.00 24.10 24.20 24.00 * 23.70 23.70 23.90 23.40 23.50 23.40 23.20 23.00 23.10 23.10 23.30 23.30 23.10 23.10 23.10 22.90 * 0
2018-01-16 16:34:32 24.20 24.20 26.30 26.60 25.10 24.00 23.40 23.60 23.80 23.90 24.00 24.00 24.00 24.10 24.10 24.10 * 23.50 23.80 24.10 23.50 23.50 23.40 23.20 23.00 23.10 23.20 23.40 23.40 23.10 23.10 23.10 23.00 * 0
2018-01-16 16:34:33 24.30 24.10 26.20 26.60 25.80 24.70 23.50 23.60 24.10 23.90 24.00 24.10 24.00 24.10 24.10 24.10 * 23.50 23.70 24.60 23.90 23.50 23.40 23.30 23.10 23.30 23.30 23.60 23.50 23.30 23.30 23.30 23.10 * 0
2018-01-16 16:34:33 24.20 24.20 25.80 26.80 26.60 26.70 24.70 24.20 25.00 24.40 24.20 24.00 24.00 24.10 24.10 24.00 * 23.40 23.60 25.10 24.40 23.60 23.40 23.30 23.10 23.10 23.20 23.40 23.40 23.20 23.20 23.20 23.10 * 0
2018-01-16 16:34:33 24.10 24.00 24.80 26.70 26.90 26.60 25.70 24.30 25.80 24.40 24.50 24.80 24.40 24.10 24.10 24.00 * 23.40 23.60 24.90 24.70 23.60 23.50 23.40 23.10 23.20 23.20 23.40 23.40 23.20 23.10 23.20 23.00 * 0
2018-01-16 16:34:33 24.10 24.00 24.00 25.10 27.00 26.80 26.20 24.70 26.80 25.90 24.70 24.60 24.20 24.10 24.10 24.10 * 23.50 23.60 23.90 24.40 24.20 25.10 23.60 23.30 23.50 23.20 23.40 23.40 23.30 23.20 23.20 23.10 * 0
2018-01-16 16:34:34 24.10 23.90 23.90 23.90 26.20 26.80 26.50 25.80 26.80 26.40 24.60 24.10 24.00 24.10 24.10 24.00 * 23.50 23.60 23.60 23.80 24.10 24.80 23.60 23.20 23.60 23.20 23.40 23.40 23.20 23.10 23.20 23.00 * 0
2018-01-16 16:34:34 24.00 23.70 23.70 23.70 23.80 27.20 26.70 26.20 27.20 26.30 25.70 24.30 24.00 24.10 24.10 24.00 * 23.40 23.50 23.50 23.50 23.70 25.20 24.40 23.20 24.50 23.40 23.40 23.40 23.20 23.10 23.20 23.00 * 0
2018-01-16 16:34:34 24.00 23.80 23.80 23.70 23.60 25.20 26.80 27.00 27.80 27.50 26.50 25.40 24.00 24.10 24.10 24.10 * 23.40 23.50 23.50 23.50 23.60 26.00 25.60 23.50 25.30 23.70 23.40 23.40 23.10 23.10 23.10 23.10 * 0
2018-01-16 16:34:34 24.00 23.80 23.70 23.60 23.60 23.90 25.70 26.90 26.80 27.70 27.40 27.50 25.40 24.20 24.20 24.20 * 23.50 23.60 23.60 23.50 23.70 26.20 25.90 24.10 25.40 24.00 24.20 24.40 23.80 23.30 23.20 23.00 * 0
2018-01-16 16:34:35 24.00 23.80 23.70 23.60 23.60 23.90 24.10 25.50 24.20 25.00 25.80 26.30 26.70 26.20 25.60 24.70 * 23.50 23.60 23.60 23.60 23.70 25.20 25.50 23.90 24.70 23.60 23.60 24.80 26.20 25.40 23.40 23.10 * 0
2018-01-16 16:34:35 24.00 23.80 23.80 23.60 23.60 23.90 23.30 23.50 23.90 24.00 24.50 25.10 26.10 26.50 26.40 25.70 * 23.40 23.50 23.50 23.50 23.50 23.80 24.20 23.40 23.70 23.60 23.70 24.80 26.20 25.40 24.10 23.40 * 0
2018-01-16 16:34:35 24.10 23.80 23.80 23.70 23.60 23.90 23.40 23.50 24.00 24.00 24.20 24.20 25.00 26.60 26.60 26.40 * 23.40 23.50 23.50 23.50 23.50 23.40 23.30 23.10 23.30 23.30 23.50 24.60 26.30 25.40 24.20 24.40 * 0
2018-01-16 16:34:36 24.00 23.80 23.80 23.70 23.60 23.90 23.40 23.60 24.00 24.00 24.10 24.20 24.10 24.40 25.80 26.60 * 23.40 23.50 23.50 23.50 23.40 23.30 23.20 23.10 23.20 23.30 23.40 24.30 26.30 25.40 23.60 25.00 * 0
2018-01-16 16:34:36 24.00 23.80 23.80 23.70 23.60 23.90 23.30 23.60 23.90 23.90 24.00 24.10 24.10 24.20 24.60 25.90 * 23.30 23.50 23.40 23.40 23.40 23.40 23.20 23.10 23.30 23.30 23.50 23.50 23.40 24.00 23.80 24.90 * 0
2018-01-16 16:34:36 23.90 23.70 23.70 23.70 23.50 23.90 23.30 23.50 23.80 23.80 24.00 24.00 24.00 24.10 24.10 24.80 * 23.30 23.50 23.40 23.40 23.40 23.40 23.20 23.00 23.20 23.20 23.50 23.50 23.20 23.20 23.40 24.80 * 0
2018-01-16 16:34:36 24.00 23.80 23.80 23.70 23.60 23.90 23.40 23.50 23.80 23.80 24.00 24.00 24.00 24.10 24.10 24.20 * 23.30 23.50 23.50 23.50 23.50 23.40 23.20 23.00 23.20 23.20 23.40 23.50 23.20 23.20 23.20 24.50 * 0
2018-01-16 16:34:37 24.10 23.80 23.90 23.80 23.60 23.90 23.40 23.60 23.80 23.80 24.00 24.00 24.00 24.00 24.10 24.10 * 23.30 23.50 23.50 23.50 23.40 23.40 23.10 23.00 23.20 23.30 23.40 23.50 23.20 23.20 23.20 23.80 * 0
2018-01-16 16:34:37 24.20 23.80 23.90 23.80 23.70 24.00 23.40 23.60 23.80 23.90 23.90 24.00 23.90 24.10 24.10 24.00 * 23.40 23.60 23.60 23.50 23.50 23.50 23.30 23.10 23.30 23.20 23.50 23.50 23.20 23.20 23.20 23.20 * 0
2018-01-16 16:34:37 24.20 23.90 23.90 23.90 23.70 24.00 23.50 23.70 23.70 23.80 23.90 23.90 23.90 24.00 24.10 24.00 * 23.40 23.50 23.50 23.50 23.50 23.40 23.30 23.00 23.40 23.50 23.60 23.60 23.40 23.30 23.40 23.30 * 0
2018-01-16 16:34:37 24.20 23.90 23.90 23.90 23.70 24.00 23.40 23.60 23.80 23.80 23.90 24.00 24.00 24.10 24.10 24.10 * 23.50 23.50 23.60 23.60 23.50 23.50 23.30 23.10 23.30 23.40 23.60 23.60 23.40 23.30 23.40 23.30 * 0
2018-01-16 16:34:38 24.10 23.90 23.80 23.80 23.70 24.00 23.30 23.60 23.90 23.80 24.00 24.00 24.00 24.10 24.10 24.20 * 23.50 23.50 23.60 23.60 23.60 23.60 23.40 23.20 23.30 23.30 23.50 23.60 23.30 23.30 23.30 23.30 * 0
2018-01-16 16:34:38 24.10 23.90 23.80 23.80 23.70 24.00 23.40 23.50 24.10 24.00 24.10 24.10 24.10 24.20 24.20 24.20 * 23.40 23.50 23.50 23.50 23.50 23.50 23.30 23.10 23.20 23.20 23.40 23.50 23.10 23.20 23.10 23.10 * 0
2018-01-16 16:34:38 24.00 23.70 23.70 23.70 23.60 23.90 23.30 23.50 24.00 23.90 24.00 24.00 24.00 24.10 24.20 24.10 * 23.40 23.40 23.50 23.40 23.50 23.40 23.20 23.10 23.20 23.20 23.40 23.40 23.10 23.10 23.10 23.10 * 0
2018-01-16 16:34:39 24.00 23.70 23.70 23.70 23.60 23.90 23.30 23.50 23.90 23.90 24.00 24.00 24.00 24.10 24.20 24.10 * 23.30 23.40 23.50 23.40 23.50 23.40 23.30 23.10 23.20 23.20 23.40 23.40 23.20 23.10 23.20 23.20 * 0
2018-01-16 16:34:39 24.00 23.70 23.70 23.70 23.60 23.80 23.30 23.50 23.90 23.80 24.10 24.00 24.00 24.10 24.20 24.10 * 23.30 23.50 23.50 23.40 23.40 23.40 23.30 23.10 23.20 23.20 23.40 23.50 23.20 23.20 23.30 23.20 * 0
2018-01-16 16:34:39 24.00 23.70 23.80 23.70 23.60 23.90 23.30 23.50 23.80 23.80 24.10 24.00 24.10 24.10 24.30 24.20 * 23.50 23.60 23.60 23.50 23.50 23.50 23.30 23.10 23.20 23.20 23.50 23.50 23.20 23.20 23.30 23.30 * 0
2018-01-16 16:34:39 24.00 23.70 23.70 23.70 23.60 23.90 23.30 23.50 23.90 23.90 24.00 24.00 24.00 24.00 24.10 24.10 * 23.30 23.40 23.40 23.30 23.40 23.30 23.20 23.10 23.20 23.20 23.50 23.50 23.20 23.20 23.20 23.20 * 0
2018-01-16 16:34:40 23.90 23.70 23.70 23.70 23.60 23.80 23.30 23.50 23.80 23.90 23.90 24.00 23.90 24.00 24.10 24.00 * 23.30 23.50 23.40 23.40 23.50 23.30 23.20 23.10 23.20 23.30 23.50 23.50 23.30 23.20 23.20 23.20 * 0
2018-01-16 16:34:40 24.00 23.80 23.80 23.70 23.60 23.90 23.30 23.50 23.80 23.80 23.90 24.00 23.90 24.00 24.10 24.00 * 23.30 23.50 23.40 23.50 23.50 23.30 23.20 23.00 23.20 23.20 23.40 23.50 23.30 23.20 23.30 23.40 * 0
2018-01-16 16:34:40 24.10 23.90 23.80 23.80 23.60 23.90 23.40 23.60 23.80 23.90 24.00 24.10 24.00 24.10 24.10 24.20 * 23.40 23.50 23.40 23.50 23.50 23.40 23.20 23.00 23.20 23.20 23.50 23.50 23.30 23.20 23.20 23.60 * 0
2018-01-16 16:34:40 24.20 23.90 23.80 23.90 23.70 24.00 23.40 23.60 23.70 23.70 23.90 23.90 24.00 24.00 24.10 24.00 * 23.30 23.50 23.50 23.40 23.40 23.40 23.20 23.10 23.20 23.20 23.50 23.40 23.20 23.20 23.20 23.50 * 0
2018-01-16 16:34:41 24.20 23.90 23.80 23.80 23.60 23.90 23.40 23.60 23.70 23.70 23.80 23.90 24.00 24.00 24.10 24.00 * 23.30 23.50 23.50 23.40 23.50 23.40 23.20 23.00 23.20 23.30 23.50 23.50 23.30 23.20 23.30 23.80 * 0
2018-01-16 16:34:41 24.10 23.90 23.80 23.80 23.60 23.90 23.40 23.70 23.80 23.70 23.90 24.00 24.00 24.00 24.10 24.10 * 23.30 23.50 23.60 23.40 23.50 23.40 23.20 23.00 23.20 23.30 23.50 23.50 23.30 23.20 23.30 24.10 * 0
2018-01-16 16:34:41 24.00 23.90 23.80 23.80 23.60 23.90 23.40 23.70 23.90 23.80 24.00 24.00 24.00 24.10 24.20 24.20 * 23.30 23.50 23.50 23.50 23.60 23.40 23.30 23.10 23.30 23.30 23.60 23.50 23.40 23.30 23.40 24.10 * 0
2018-01-16 16:34:42 24.00 23.80 23.70 23.70 23.60 23.90 23.30 23.50 23.80 23.90 24.10 24.10 24.10 24.10 24.30 24.60 * 23.30 23.50 23.60 23.40 23.40 23.30 23.30 23.00 23.20 23.20 23.40 23.40 23.20 23.20 23.10 24.00 * 0
2018-01-16 16:34:42 24.00 23.80 23.70 23.70 23.60 23.80 23.30 23.50 23.80 23.90 24.00 24.10 24.10 24.10 24.20 24.60 * 23.30 23.50 23.60 23.40 23.50 23.30 23.30 23.00 23.20 23.20 23.40 23.40 23.20 23.20 23.20 23.90 * 0
2018-01-16 16:34:42 24.00 23.80 23.70 23.70 23.60 23.80 23.20 23.50 23.90 23.90 24.10 24.10 24.10 24.10 24.30 24.60 * 23.30 23.50 23.60 23.40 23.50 23.40 23.30 23.10 23.20 23.30 23.40 23.50 23.20 23.20 23.20 23.90 * 0
2018-01-16 16:34:42 24.00 23.80 23.70 23.70 23.60 23.90 23.30 23.50 23.90 24.00 24.10 24.10 24.10 24.20 24.30 24.40 * 23.40 23.50 23.60 23.50 23.60 23.50 23.30 23.20 23.20 23.30 23.40 23.40 23.30 23.20 23.30 23.90 * 0
2018-01-16 16:34:43 23.90 23.80 23.70 23.70 23.60 23.80 23.30 23.40 23.80 23.80 24.00 24.00 24.00 24.10 24.10 24.10 * 23.50 23.60 23.60 23.60 23.60 23.50 23.40 23.20 23.20 23.20 23.50 23.50 23.20 23.10 23.10 23.60 * 0
2018-01-16 16:34:43 24.00 23.80 23.70 23.70 23.60 23.90 23.30 23.50 23.80 23.80 23.90 23.90 23.90 23.90 24.10 24.10 * 23.40 23.60 23.60 23.60 23.60 23.50 23.40 23.20 23.20 23.10 23.50 23.50 23.20 23.20 23.20 23.70 * 0
2018-01-16 16:34:43 24.10 23.80 23.80 23.80 23.60 23.90 23.30 23.60 23.80 23.80 23.90 23.90 23.90 23.90 24.00 24.10 * 23.40 23.60 23.60 23.60 23.60 23.50 23.30 23.20 23.30 23.20 23.50 23.50 23.30 23.20 23.30 23.90 * 0
2018-01-16 16:34:43 24.20 23.90 23.90 23.80 23.80 24.00 23.40 23.70 23.80 23.90 24.00 23.90 23.90 24.00 24.10 24.30 * 23.40 23.60 23.60 23.50 23.50 23.50 23.30 23.10 23.20 23.20 23.50 23.40 23.20 23.20 23.20 23.70 * 0
2018-01-16 16:34:44 24.10 23.80 23.80 23.80 23.50 23.90 23.40 23.50 23.80 23.80 23.90 24.00 23.90 24.00 24.00 24.20 * 23.30 23.40 23.50 23.40 23.50 23.40 23.30 23.00 23.20 23.30 23.50 23.50 23.20 23.20 23.20 23.60 * 0
2018-01-16 16:34:44 24.10 23.80 23.80 23.70 23.50 23.90 23.30 23.50 23.80 23.80 23.90 23.90 24.00 24.00 24.10 24.20 * 23.40 23.50 23.50 23.40 23.50 23.50 23.30 23.10 23.20 23.30 23.50 23.50 23.30 23.20 23.30 23.60 * 0
2018-01-16 16:34:44 24.00 23.80 23.80 23.70 23.60 23.90 23.30 23.60 23.80 23.80 23.90 24.00 24.00 24.10 24.10 24.10 * 23.40 23.60 23.60 23.50 23.60 23.50 23.30 23.10 23.20 23.30 23.60 23.50 23.30 23.20 23.30 23.70 * 0
2018-01-16 16:34:44 24.00 23.80 23.80 23.70 23.60 24.00 23.40 23.60 23.90 23.90 24.00 24.00 24.00 24.10 24.20 24.20 * 23.40 23.50 23.50 23.50 23.50 23.40 23.30 23.10 23.10 23.20 23.50 23.50 23.30 23.20 23.30 23.60 * 0
2018-01-16 16:34:45 24.10 23.80 23.80 23.80 23.60 23.90 23.30 23.60 23.80 23.90 24.00 24.00 24.00 24.10 24.10 24.20 * 23.40 23.50 23.50 23.50 23.50 23.50 23.30 23.20 23.20 23.20 23.40 23.40 23.20 23.10 23.10 23.50 * 0
2018-01-16 16:34:45 24.00 23.70 23.70 23.70 23.60 23.90 23.30 23.50 23.90 23.90 24.10 24.10 24.00 24.10 24.10 24.20 * 23.50 23.60 23.60 23.60 23.60 23.50 23.30 23.20 23.20 23.20 23.40 23.50 23.30 23.20 23.20 23.60 * 0
2018-01-16 16:34:45 24.00 23.80 23.80 23.70 23.60 23.90 23.30 23.50 23.90 23.90 24.10 24.10 24.00 24.10 24.10 24.10 * 23.40 23.50 23.60 23.50 23.50 23.40 23.20 23.10 23.20 23.30 23.50 23.50 23.30 23.30 23.30 23.60 * 0
2018-01-16 16:34:46 24.10 23.90 23.90 23.80 23.70 23.90 23.40 23.50 23.90 23.90 24.10 24.10 24.00 24.20 24.20 24.20 * 23.50 23.60 23.60 23.60 23.60 23.50 23.30 23.20 23.30 23.30 23.50 23.50 23.30 23.30 23.30 23.80 * 0
2018-01-16 16:34:46 24.00 23.70 23.70 23.70 23.60 23.80 23.20 23.40 23.80 23.90 24.00 24.00 24.10 24.20 24.20 24.30 * 23.60 23.60 23.60 23.60 23.60 23.50 23.30 23.20 23.30 23.30 23.50 23.50 23.30 23.30 23.30 23.80 * 0
2018-01-16 16:34:46 24.00 23.70 23.80 23.70 23.60 23.70 23.20 23.40 23.80 23.80 24.00 24.10 24.00 24.20 24.20 24.30 * 23.50 23.60 23.60 23.60 23.60 23.50 23.40 23.20 23.30 23.30 23.50 23.60 23.30 23.30 23.30 23.80 * 0
2018-01-16 16:34:46 24.00 23.70 23.70 23.70 23.60 23.70 23.20 23.40 23.80 23.80 24.00 24.00 24.00 24.10 24.20 24.20 * 23.50 23.60 23.70 23.60 23.60 23.60 23.30 23.30 23.40 23.30 23.60 23.60 23.40 23.30 23.30 23.80 * 0
2018-01-16 16:34:47 24.00 23.70 23.70 23.70 23.60 23.80 23.30 23.50 23.80 23.80 24.00 24.00 24.00 24.10 24.10 24.20 * 23.50 23.50 23.60 23.50 23.50 23.40 23.20 23.20 23.30 23.30 23.50 23.60 23.30 23.20 23.30 23.80 * 0
2018-01-16 16:34:47 24.00 23.80 23.80 23.80 23.60 23.90 23.30 23.60 23.70 23.60 23.80 23.90 23.90 24.00 24.10 24.00 * 23.50 23.60 23.60 23.60 23.60 23.50 23.40 23.20 23.20 23.20 23.50 23.50 23.20 23.10 23.20 23.60 * 0
2018-01-16 16:34:47 23.90 23.80 23.70 23.70 23.60 23.90 23.20 23.50 23.60 23.70 23.90 23.90 23.90 24.00 24.10 24.10 * 23.50 23.60 23.60 23.60 23.60 23.50 23.40 23.20 23.20 23.20 23.50 23.50 23.20 23.20 23.20 23.60 * 0
2018-01-16 16:34:47 24.00 23.80 23.80 23.70 23.60 23.90 23.30 23.50 23.60 23.70 23.90 23.90 23.90 23.90 24.00 24.10 * 23.50 23.60 23.60 23.60 23.60 23.60 23.40 23.20 23.20 23.20 23.50 23.50 23.20 23.20 23.20 23.70 * 0
2018-01-16 16:34:48 24.10 23.80 23.90 23.80 23.70 23.90 23.40 23.60 23.80 23.80 23.90 24.00 24.00 24.10 24.10 24.10 * 23.50 23.60 23.60 23.60 23.60 23.50 23.40 23.20 23.20 23.20 23.50 23.50 23.30 23.20 23.20 23.80 * 0
2018-01-16 16:34:48 24.00 23.70 23.80 23.80 23.60 23.90 23.30 23.50 23.70 23.70 23.80 24.00 24.00 24.00 24.10 24.10 * 23.50 23.60 23.60 23.50 23.60 23.50 23.40 23.20 23.20 23.30 23.50 23.50 23.30 23.20 23.20 23.80 * 0
2018-01-16 16:34:48 24.00 23.70 23.80 23.80 23.60 23.90 23.30 23.50 23.80 23.80 23.90 24.00 24.00 24.00 24.10 24.20 * 23.40 23.60 23.60 23.50 23.60 23.50 23.30 23.10 23.30 23.30 23.60 23.60 23.30 23.30 23.40 24.00 * 0
2018-01-16 16:34:49 24.00 23.80 23.90 23.70 23.60 23.80 23.30 23.50 23.80 23.80 23.90 24.00 24.00 24.10 24.10 24.30 * 23.40 23.60 23.60 23.50 23.60 23.50 23.30 23.20 23.50 23.40 23.70 23.70 23.40 23.50 23.50 24.00 * 0
2018-01-16 16:34:49 24.00 23.80 23.90 23.70 23.60 23.80 23.30 23.50 23.80 23.80 23.90 24.10 24.00 24.10 24.20 24.40 * 23.50 23.60 23.60 23.60 23.60 23.60 23.40 23.20 23.50 23.50 23.70 23.70 23.40 23.50 23.40 23.90 * 0
2018-01-16 16:34:49 24.00 23.70 23.80 23.70 23.50 23.80 23.20 23.50 23.80 23.80 23.90 24.00 23.90 24.10 24.10 24.20 * 23.40 23.50 23.50 23.50 23.50 23.50 23.20 23.10 23.30 23.30 23.50 23.50 23.20 23.20 23.30 23.70 * 0
2018-01-16 16:34:49 24.00 23.70 23.70 23.70 23.60 23.80 23.30 23.40 23.80 23.80 23.90 24.00 24.00 24.10 24.10 24.10 * 23.40 23.50 23.50 23.50 23.50 23.50 23.30 23.10 23.30 23.30 23.50 23.50 23.30 23.20 23.30 23.70 * 0
2018-01-16 16:34:50 24.00 23.80 23.80 23.70 23.60 23.90 23.30 23.50 23.80 23.80 23.90 24.00 24.00 24.10 24.10 24.10 * 23.50 23.60 23.60 23.60 23.60 23.60 23.40 23.20 23.30 23.30 23.50 23.50 23.30 23.20 23.30 23.60 * 0
2018-01-16 16:34:50 24.10 23.80 23.80 23.70 23.50 23.90 23.30 23.50 23.90 23.90 24.00 24.10 24.10 24.20 24.20 24.10 * 23.50 23.60 23.60 23.60 23.60 23.50 23.40 23.20 23.30 23.30 23.60 23.50 23.30 23.20 23.30 23.40 * 0
2018-01-16 16:34:50 23.90 23.70 23.70 23.60 23.40 23.80 23.20 23.40 23.80 23.90 24.00 24.00 24.00 24.10 24.10 24.10 * 23.50 23.60 23.60 23.60 23.50 23.50 23.40 23.20 23.30 23.30 23.50 23.50 23.20 23.20 23.30 23.20 * 0
2018-01-16 16:34:50 23.90 23.80 23.70 23.70 23.50 23.80 23.30 23.40 23.80 23.90 24.00 24.00 24.00 24.00 24.10 24.10 * 23.40 23.50 23.50 23.50 23.40 23.40 23.30 23.10 23.20 23.20 23.40 23.50 23.20 23.20 23.20 23.10 * 0
2018-01-16 16:34:51 23.90 23.70 23.70 23.70 23.50 23.80 23.20 23.40 23.90 23.90 24.10 24.00 24.10 24.10 24.20 24.20 * 23.30 23.50 23.50 23.50 23.40 23.30 23.20 23.00 23.20 23.20 23.50 23.50 23.20 23.20 23.20 23.20 * 0
2018-01-16 16:34:51 23.90 23.70 23.70 23.70 23.50 23.70 23.30 23.40 24.00 24.00 24.10 24.10 24.10 24.20 24.30 24.20 * 23.30 23.50 23.50 23.40 23.50 23.40 23.30 23.10 23.20 23.20 23.50 23.50 23.20 23.20 23.20 23.30 * 0
2018-01-16 16:34:51 23.90 23.70 23.70 23.70 23.50 23.70 23.20 23.40 23.90 23.80 24.10 24.00 24.00 24.10 24.10 24.20 * 23.30 23.60 23.60 23.60 23.60 23.50 23.30 23.10 23.30 23.30 23.50 23.50 23.30 23.30 23.30 24.90 * 0
2018-01-16 16:34:51 23.90 23.70 23.80 23.60 23.50 23.80 23.20 23.40 23.80 23.80 24.00 24.00 24.00 24.00 24.10 24.20 * 23.40 23.60 23.60 23.50 23.60 23.50 23.40 23.10 23.20 23.30 23.40 23.50 23.20 23.20 23.20 24.90 * 0
2018-01-16 16:34:52 23.90 23.80 23.80 23.70 23.60 23.90 23.30 23.40 23.70 23.80 24.00 24.00 24.00 24.00 24.10 24.20 * 23.40 23.60 23.60 23.50 23.60 23.50 23.30 23.10 23.30 23.30 23.50 23.60 23.30 23.20 23.30 25.00 * 0
2018-01-16 16:34:52 24.00 23.80 23.80 23.80 23.60 23.90 23.40 23.60 23.80 23.70 23.90 24.00 24.00 24.10 24.10 24.30 * 23.30 23.50 23.50 23.50 23.50 23.50 23.30 23.10 23.20 23.20 23.50 23.60 23.30 23.20 23.30 25.00 * 0
2018-01-16 16:34:52 24.10 23.90 23.90 23.90 23.60 24.00 23.40 23.60 23.70 23.70 23.80 23.90 23.90 24.00 24.00 24.10 * 23.30 23.40 23.50 23.50 23.50 23.40 23.20 23.10 23.20 23.10 23.40 23.40 23.20 23.10 23.20 25.00 * 0
2018-01-16 16:34:53 24.10 23.90 23.80 23.80 23.60 24.00 23.40 23.60 23.70 23.60 23.80 23.80 23.80 23.90 24.00 24.00 * 23.40 23.50 23.60 23.60 23.60 23.50 23.30 23.10 23.20 23.30 23.50 23.50 23.20 23.10 23.30 24.70 * 0
2018-01-16 16:34:53 24.10 23.90 23.90 23.80 23.60 24.00 23.40 23.60 23.70 23.60 23.80 23.90 23.80 24.00 24.00 24.00 * 23.40 23.60 23.60 23.60 23.60 23.50 23.30 23.20 23.30 23.30 23.60 23.50 23.30 23.20 23.30 24.10 * 0
2018-01-16 16:34:53 24.10 23.90 23.90 23.80 23.60 24.00 23.40 23.60 23.70 23.80 23.90 24.00 23.90 24.10 24.10 24.00 * 23.40 23.60 23.60 23.50 23.60 23.50 23.30 23.20 23.30 23.30 23.60 23.50 23.30 23.30 23.30 23.60 * 0
2018-01-16 16:34:53 24.10 23.80 23.80 23.80 23.70 23.90 23.40 23.60 23.70 23.80 23.90 24.00 24.00 24.00 24.10 24.10 * 23.50 23.60 23.60 23.60 23.60 23.50 23.40 23.10 23.10 23.20 23.50 23.50 23.20 23.20 23.30 23.70 * 0
2018-01-16 16:34:54 23.90 23.70 23.70 23.60 23.50 23.70 23.20 23.40 23.80 23.80 24.00 24.00 24.00 24.10 24.10 24.10 * 23.50 23.60 23.60 23.50 23.60 23.50 23.40 23.10 23.20 23.20 23.40 23.40 23.20 23.20 23.40 25.00 * 0
2018-01-16 16:34:54 23.90 23.70 23.70 23.70 23.50 23.80 23.30 23.40 23.90 23.90 24.00 24.00 24.00 24.10 24.20 24.20 * 23.50 23.60 23.60 23.50 23.60 23.40 23.40 23.10 23.20 23.20 23.50 23.50 23.20 23.20 24.10 24.80 * 0
2018-01-16 16:34:54 24.00 23.80 23.80 23.80 23.70 24.00 23.40 23.60 24.00 24.00 24.00 24.10 24.10 24.20 24.30 24.40 * 23.50 23.60 23.60 23.60 23.60 23.50 23.30 23.10 23.20 23.30 23.50 23.50 23.30 23.30 24.90 24.30 * 0
2018-01-16 16:34:54 24.00 23.80 23.80 23.80 23.60 23.90 23.40 23.60 23.80 23.80 24.00 24.00 24.00 24.10 24.20 24.20 * 23.40 23.50 23.60 23.50 23.50 23.50 23.30 23.10 23.20 23.20 23.50 23.50 23.30 23.20 25.20 24.10 * 0
2018-01-16 16:34:55 24.00 23.80 23.70 23.70 23.50 23.90 23.30 23.40 23.80 23.80 24.00 24.00 24.00 24.10 24.10 24.70 * 23.30 23.50 23.50 23.50 23.50 23.50 23.20 23.10 23.20 23.30 23.50 23.50 23.20 23.20 25.00 24.00 * 0
2018-01-16 16:34:55 23.90 23.70 23.70 23.70 23.50 23.80 23.20 23.40 23.70 23.80 24.00 24.00 24.00 24.10 24.10 25.60 * 23.20 23.50 23.50 23.50 23.50 23.50 23.30 23.10 23.30 23.30 23.50 23.50 23.30 23.30 25.00 24.10 * 0
2018-01-16 16:34:55 24.00 23.80 23.80 23.70 23.60 23.80 23.30 23.50 23.80 23.90 24.00 24.00 24.00 24.10 24.20 26.30 * 23.20 23.40 23.50 23.40 23.40 23.40 23.20 23.00 23.30 23.30 23.50 23.50 23.40 23.90 25.10 23.90 * 0
2018-01-16 16:34:55 24.00 23.80 23.80 23.80 23.60 23.90 23.30 23.50 23.80 23.80 23.90 24.00 24.00 24.10 24.60 26.50 * 23.40 23.40 23.50 23.40 23.50 23.40 23.20 23.00 23.20 23.30 23.50 23.50 24.10 24.00 25.10 23.60 * 0
2018-01-16 16:34:56 24.00 23.80 23.80 23.80 23.60 23.90 23.30 23.50 23.70 23.80 23.90 23.90 23.90 25.00 26.80 25.70 * 23.40 23.50 23.40 23.40 23.50 23.30 23.20 23.00 23.20 23.20 23.40 23.60 25.10 23.40 25.00 23.50 * 0
2018-01-16 16:34:56 24.10 23.80 23.80 23.70 23.60 23.90 23.30 23.50 23.70 23.80 24.00 24.00 24.00 27.00 26.70 24.80 * 23.40 23.50 23.50 23.50 23.50 23.50 23.30 23.20 23.30 23.30 23.70 24.40 25.70 23.90 23.40 23.20 * 0
2018-01-16 16:34:56 24.10 23.80 23.80 23.70 23.60 23.90 23.30 23.50 23.80 23.80 24.00 24.00 24.90 27.90 26.00 24.40 * 23.50 23.60 23.60 23.60 23.60 23.60 23.40 23.30 23.30 23.50 24.80 24.60 25.60 23.30 23.30 23.20 * 0
2018-01-16 16:34:57 24.00 23.70 23.70 23.70 23.50 23.90 23.30 23.40 23.80 23.80 24.00 24.30 27.10 27.10 25.00 24.20 * 23.40 23.50 23.60 23.50 23.50 23.50 23.30 23.50 23.30 23.80 25.90 24.20 24.70 23.20 23.20 23.10 * 0
2018-01-16 16:34:57 24.00 23.60 23.70 23.70 23.50 23.80 23.20 23.30 23.80 23.80 24.00 26.00 27.80 26.10 24.30 24.10 * 23.30 23.40 23.50 23.40 23.50 23.40 23.20 23.80 23.40 24.20 26.20 23.90 23.60 23.20 23.20 23.10 * 0
2018-01-16 16:34:57 23.90 23.60 23.60 23.60 23.40 23.80 23.20 23.40 23.90 24.20 26.80 28.00 26.40 24.70 24.20 24.10 * 23.40 23.40 23.50 23.50 24.10 24.80 24.10 24.10 24.00 24.30 26.20 23.60 23.20 23.10 23.20 23.10 * 0
2018-01-16 16:34:57 24.00 23.80 23.80 23.70 23.50 23.90 23.50 25.50 24.30 25.90 27.90 26.90 25.40 24.20 24.20 24.20 * 23.40 23.40 23.50 23.60 25.00 26.00 23.70 24.10 23.80 24.40 25.10 23.60 23.30 23.20 23.20 23.20 * 0
2018-01-16 16:34:58 24.00 23.70 23.70 23.70 23.50 23.90 24.60 26.90 25.50 27.10 27.00 25.60 24.30 24.10 24.20 24.20 * 23.30 23.40 23.50 23.60 25.40 26.10 24.20 24.10 24.20 24.00 23.80 23.50 23.20 23.10 23.20 23.10 * 0
2018-01-16 16:34:58 24.00 23.70 23.70 23.70 23.50 24.20 26.30 26.60 26.60 26.70 26.40 24.50 24.10 24.10 24.20 24.10 * 23.30 23.70 24.00 24.60 25.80 26.10 24.20 23.50 24.10 23.30 23.50 23.50 23.20 23.20 23.20 23.10 * 0
