2018-01-16 16:29:23 23.70 23.70 23.80 26.80 27.40 24.70 23.50 24.30 24.20 25.10 24.40 24.10 24.00 24.10 24.10 23.90 * 23.20 23.40 23.60 23.70 23.50 23.90 24.00 23.30 24.10 23.30 23.40 23.50 23.30 23.20 23.10 23.10 * 0
2018-01-16 16:29:23 23.80 23.70 23.40 25.80 27.10 25.20 23.60 24.30 24.20 25.20 24.50 24.20 24.00 24.10 24.10 24.00 * 23.20 23.50 23.60 23.70 23.60 24.30 23.90 23.30 23.90 23.30 23.40 23.40 23.30 23.20 23.10 23.10 * 0
2018-01-16 16:29:23 23.90 23.90 23.50 25.70 26.90 24.20 23.60 24.40 24.40 25.30 24.50 24.20 24.10 24.20 24.20 24.00 * 23.30 23.50 23.70 23.70 23.70 24.50 24.00 23.40 24.00 23.40 23.50 23.50 23.40 23.30 23.20 23.10 * 0
2018-01-16 16:29:24 23.90 23.90 23.50 25.40 26.80 24.30 23.60 24.50 24.30 25.20 24.50 24.10 24.10 24.10 24.10 24.00 * 23.30 23.60 23.70 23.70 23.60 24.50 24.30 23.50 24.30 23.30 23.50 23.50 23.40 23.30 23.20 23.10 * 0
2018-01-16 16:29:24 23.90 23.80 23.50 25.50 26.70 25.60 23.70 24.50 24.40 25.20 24.50 24.10 24.10 24.10 24.10 23.90 * 23.30 23.50 23.70 23.80 23.60 24.60 24.50 23.50 24.40 23.30 23.30 23.40 23.30 23.30 23.20 23.10 * 0
2018-01-16 16:29:24 23.80 23.90 23.40 24.80 26.80 26.10 24.10 24.50 24.80 25.10 24.50 24.10 24.10 24.10 24.10 24.00 * 23.40 23.50 23.70 23.80 23.70 24.20 24.40 23.40 24.30 23.40 23.40 23.50 23.40 23.40 23.30 23.10 * 0
2018-01-16 16:29:24 23.90 23.90 23.40 24.20 26.80 26.20 24.30 24.60 25.00 25.20 24.40 24.10 24.00 24.10 24.10 23.90 * 23.30 23.50 23.70 23.70 23.60 23.70 24.40 23.40 24.10 23.50 23.50 23.60 23.50 23.40 23.30 23.10 * 0
2018-01-16 16:29:25 23.90 23.80 23.40 23.90 26.60 26.20 24.20 24.60 24.70 25.10 24.40 24.10 24.00 24.00 24.00 23.90 * 23.20 23.50 23.60 23.70 23.50 23.50 24.30 23.40 24.00 23.50 23.50 23.50 23.40 23.40 23.20 23.10 * 0
2018-01-16 16:29:25 23.80 23.70 23.30 23.60 26.70 26.30 24.00 24.50 24.50 25.10 24.40 24.20 24.10 24.10 24.10 24.00 * 23.20 23.50 23.60 23.70 23.50 23.50 24.20 23.40 23.90 23.90 23.60 23.50 23.40 23.40 23.30 23.20 * 0
2018-01-16 16:29:25 23.80 23.70 23.40 23.40 26.50 26.60 23.80 24.40 24.50 25.20 24.50 24.20 24.10 24.10 24.10 24.00 * 23.30 23.60 23.60 23.70 23.50 23.50 23.90 23.80 24.00 24.30 23.70 23.60 23.50 23.50 23.30 23.20 * 0
2018-01-16 16:29:25 23.80 23.70 23.40 23.30 24.40 26.90 24.00 24.40 24.70 25.10 24.50 24.10 24.10 24.10 24.10 23.90 * 23.30 23.50 23.60 23.70 23.60 23.50 23.90 24.10 23.90 24.30 23.70 23.60 23.50 23.50 23.30 23.20 * 0
2018-01-16 16:29:26 23.70 23.70 23.30 23.30 23.60 26.40 24.10 24.50 24.80 25.00 24.40 24.00 24.00 24.00 24.00 23.80 * 23.30 23.50 23.60 23.70 23.50 23.40 23.80 24.10 23.90 24.40 23.80 23.70 23.50 23.50 23.50 23.40 * 0
2018-01-16 16:29:26 23.80 23.70 23.30 23.30 23.30 25.40 24.40 24.50 25.50 25.10 24.50 24.10 24.00 24.00 24.00 23.90 * 23.20 23.50 23.60 23.70 23.50 23.50 23.50 24.10 23.40 24.20 24.00 23.70 23.50 23.40 23.30 23.20 * 0
2018-01-16 16:29:26 23.70 23.80 23.30 23.30 23.30 24.00 25.90 24.70 26.10 25.20 24.50 24.10 24.10 24.10 24.10 23.90 * 23.30 23.50 23.60 23.70 23.50 23.50 23.50 24.10 23.30 24.30 23.90 24.10 23.50 23.40 23.30 23.20 * 0
2018-01-16 16:29:27 23.70 23.70 23.30 23.20 23.30 23.60 25.70 25.00 25.30 25.70 24.30 24.10 24.00 24.00 24.00 23.80 * 23.30 23.50 23.70 23.70 23.50 23.50 23.40 23.80 23.40 24.00 24.00 24.40 23.50 23.50 23.30 23.20 * 0
2018-01-16 16:29:27 23.70 23.70 23.20 23.20 23.20 23.50 24.60 25.40 24.40 25.90 24.30 24.00 24.00 23.90 23.90 23.70 * 23.20 23.50 23.60 23.70 23.50 23.50 23.30 23.40 23.40 23.50 24.00 24.50 23.50 23.50 23.30 23.20 * 0
2018-01-16 16:29:27 23.70 23.70 23.20 23.20 23.20 23.50 23.70 25.60 24.30 25.90 24.60 24.00 24.10 23.90 24.00 23.80 * 23.20 23.50 23.60 23.70 23.50 23.50 23.40 23.30 23.30 23.40 23.80 24.60 24.00 23.50 23.40 23.20 * 0
2018-01-16 16:29:27 23.70 23.70 23.30 23.20 23.20 23.40 23.50 25.50 24.20 25.60 25.30 24.10 24.10 24.00 24.00 23.80 * 23.30 23.60 23.70 23.80 23.50 23.50 23.40 23.30 23.30 23.40 23.50 24.10 24.70 23.40 23.30 23.10 * 0
2018-01-16 16:29:28 23.60 23.70 23.20 23.30 23.30 23.50 23.50 24.40 24.20 25.30 26.00 24.30 24.10 24.00 24.00 23.90 * 23.40 23.60 23.70 23.80 23.60 23.60 23.40 23.40 23.20 23.30 23.40 23.60 24.70 23.40 23.20 23.10 * 0
2018-01-16 16:29:28 23.70 23.70 23.20 23.30 23.30 23.50 23.50 24.40 24.20 25.20 26.20 25.40 24.30 24.10 24.10 24.00 * 23.30 23.50 23.70 23.70 23.60 23.60 23.40 23.30 23.20 23.20 23.40 23.50 24.60 23.50 23.20 23.10 * 0
2018-01-16 16:29:28 23.80 23.70 23.30 23.30 23.30 23.60 23.50 24.30 24.20 25.20 25.80 26.20 24.30 24.10 24.10 23.90 * 23.30 23.50 23.70 23.70 23.50 23.50 23.40 23.30 23.30 23.30 23.50 23.50 24.30 23.70 23.30 23.20 * 0
2018-01-16 16:29:28 23.70 23.80 23.30 23.20 23.30 23.50 23.50 24.30 24.20 25.10 25.50 27.00 24.30 24.10 24.10 23.90 * 23.20 23.40 23.70 23.60 23.50 23.40 23.30 23.20 23.30 23.30 23.50 23.50 23.90 24.20 23.30 23.20 * 0
2018-01-16 16:29:29 23.70 23.80 23.30 23.30 23.30 23.50 23.60 24.40 24.20 25.10 25.40 27.10 25.00 24.20 24.10 24.00 * 23.30 23.50 23.70 23.70 23.50 23.40 23.30 23.20 23.40 23.40 23.60 23.70 23.90 24.40 23.50 23.30 * 0
2018-01-16 16:29:29 23.70 23.60 23.20 23.20 23.20 23.50 23.40 24.20 24.10 25.00 24.90 27.20 25.70 24.10 24.10 23.90 * 23.20 23.40 23.60 23.60 23.40 23.40 23.30 23.10 23.30 23.30 23.50 23.60 23.70 24.50 23.50 23.20 * 0
2018-01-16 16:29:29 23.60 23.60 23.20 23.20 23.20 23.50 23.40 24.30 24.00 25.00 24.50 26.90 26.40 24.20 24.00 23.80 * 23.20 23.40 23.60 23.60 23.50 23.40 23.30 23.10 23.30 23.40 23.60 23.60 23.60 24.60 23.60 23.30 * 0
2018-01-16 16:29:29 23.60 23.60 23.20 23.10 23.20 23.40 23.40 24.30 24.00 25.00 24.40 27.00 26.40 24.20 24.00 23.80 * 23.20 23.40 23.60 23.60 23.50 23.40 23.30 23.20 23.30 23.40 23.60 23.60 23.60 24.70 23.60 23.30 * 0
2018-01-16 16:29:30 23.70 23.70 23.30 23.20 23.30 23.50 23.50 24.30 24.10 25.00 24.50 27.30 26.70 24.20 24.10 23.90 * 23.30 23.40 23.60 23.70 23.50 23.50 23.40 23.20 23.40 23.30 23.50 23.60 23.60 24.70 23.50 23.30 * 0
2018-01-16 16:29:30 23.80 23.70 23.30 23.30 23.30 23.50 23.60 24.40 24.30 25.20 26.00 27.20 27.10 24.10 24.10 24.00 * 23.20 23.40 23.60 23.60 23.40 23.40 23.30 23.10 23.40 23.40 23.50 23.60 23.70 24.90 23.70 23.30 * 0
2018-01-16 16:29:30 23.80 23.70 23.20 23.30 23.30 23.50 23.60 24.60 24.30 25.40 26.50 27.20 27.20 24.10 24.10 23.90 * 23.20 23.40 23.60 23.60 23.40 23.40 23.20 23.10 23.30 23.40 23.50 23.60 23.60 25.10 23.70 23.30 * 0
2018-01-16 16:29:31 23.70 23.80 23.20 23.30 23.30 23.50 23.60 24.70 24.20 25.40 26.30 27.20 27.20 24.20 24.20 23.90 * 23.20 23.40 23.60 23.60 23.40 23.40 23.20 23.10 23.30 23.30 23.50 23.50 23.60 25.10 23.60 23.30 * 0
2018-01-16 16:29:31 23.80 23.80 23.30 23.30 23.30 23.60 23.60 24.80 24.30 25.60 26.00 27.10 27.20 24.30 24.20 24.00 * 23.20 23.40 23.50 23.60 23.60 23.50 23.30 23.20 23.40 23.50 23.60 23.60 23.60 25.00 23.70 23.30 * 0
2018-01-16 16:29:31 23.70 23.60 23.30 23.30 23.20 23.50 23.70 25.20 24.40 25.90 25.40 27.10 27.20 24.20 24.10 23.90 * 23.20 23.50 23.60 23.60 23.50 23.50 23.30 23.20 23.40 23.50 23.60 23.60 23.70 25.00 23.70 23.30 * 0
2018-01-16 16:29:31 23.80 23.70 23.30 23.30 23.30 23.50 23.80 25.30 24.50 26.20 24.80 27.10 27.20 24.20 24.20 23.90 * 23.20 23.50 23.60 23.60 23.50 23.50 23.30 23.20 23.40 23.50 23.60 23.60 23.60 24.80 23.70 23.40 * 0
2018-01-16 16:29:32 23.80 23.80 23.40 23.40 23.30 23.60 23.90 25.40 24.50 26.10 24.90 27.10 27.30 24.20 24.10 23.90 * 23.30 23.60 23.70 23.60 23.50 23.50 23.40 23.30 23.30 23.40 23.50 23.60 23.60 24.40 23.90 23.30 * 0
2018-01-16 16:29:32 23.90 23.90 23.50 23.50 23.50 23.70 24.00 25.30 24.50 25.70 25.50 27.10 27.40 24.20 24.10 24.00 * 23.40 23.60 23.70 23.70 23.60 23.50 23.50 23.30 23.30 23.30 23.40 23.50 23.50 24.10 24.30 23.30 * 0
2018-01-16 16:29:32 23.90 23.80 23.40 23.40 23.40 23.60 23.90 24.60 24.50 25.40 25.20 27.30 27.40 24.50 24.20 24.00 * 23.30 23.50 23.60 23.60 23.60 23.40 23.40 23.30 23.30 23.40 23.60 23.60 23.60 24.30 24.40 23.40 * 0
2018-01-16 16:29:32 23.80 23.70 23.30 23.30 23.30 23.60 23.80 24.50 24.40 25.30 24.20 26.50 26.90 25.10 24.10 23.80 * 23.20 23.40 23.60 23.60 23.50 23.40 23.30 23.20 23.30 23.40 23.60 23.60 23.60 24.40 24.50 23.50 * 0
2018-01-16 16:29:33 23.70 23.60 23.20 23.20 23.20 23.50 23.70 24.40 24.40 25.30 24.20 26.40 26.80 25.00 24.10 23.90 * 23.30 23.40 23.60 23.60 23.50 23.50 23.30 23.20 23.40 23.50 23.60 23.60 23.70 24.50 24.60 23.50 * 0
2018-01-16 16:29:33 23.70 23.60 23.20 23.20 23.20 23.50 23.80 24.40 24.40 25.30 24.30 26.70 26.80 24.90 24.10 23.90 * 23.30 23.50 23.60 23.70 23.50 23.50 23.30 23.20 23.30 23.40 23.50 23.60 23.60 24.40 24.60 23.40 * 0
2018-01-16 16:29:33 23.70 23.60 23.20 23.20 23.20 23.50 23.80 24.40 24.30 25.20 24.30 27.10 27.10 24.90 24.10 23.90 * 23.30 23.50 23.70 23.60 23.50 23.40 23.40 23.30 23.20 23.40 23.50 23.60 23.60 24.20 24.70 23.30 * 0
2018-01-16 16:29:33 23.70 23.70 23.30 23.30 23.30 23.50 23.80 24.40 24.30 25.20 24.30 27.30 27.60 24.70 24.10 23.90 * 23.20 23.40 23.60 23.60 23.50 23.40 23.30 23.30 23.40 23.40 23.50 23.60 23.70 24.20 24.70 23.40 * 0
2018-01-16 16:29:34 23.70 23.70 23.30 23.30 23.30 23.60 23.80 24.40 24.40 25.30 24.40 27.30 28.40 24.50 24.20 23.90 * 23.30 23.50 23.60 23.70 23.50 23.50 23.40 23.30 23.50 23.50 23.60 23.80 23.80 24.30 24.80 23.60 * 0
2018-01-16 16:29:34 23.80 23.80 23.40 23.30 23.30 23.60 23.80 24.50 24.40 25.30 24.30 27.10 28.60 24.50 24.20 24.00 * 23.20 23.40 23.60 23.70 23.50 23.50 23.30 23.20 23.30 23.50 23.50 23.60 23.70 24.30 24.80 23.40 * 0
2018-01-16 16:29:34 23.70 23.70 23.30 23.30 23.30 23.50 23.80 24.40 24.40 25.30 24.30 27.00 28.70 24.50 24.20 24.00 * 23.30 23.40 23.60 23.70 23.50 23.50 23.40 23.20 23.40 23.50 23.60 23.70 23.70 24.30 24.90 23.50 * 0
2018-01-16 16:29:35 23.60 23.70 23.30 23.20 23.30 23.50 23.70 24.30 24.50 25.20 24.30 27.20 28.60 24.40 24.20 23.90 * 23.30 23.50 23.60 23.60 23.50 23.50 23.40 23.20 23.30 23.50 23.60 23.70 23.70 24.30 24.80 23.50 * 0
2018-01-16 16:29:35 23.70 23.70 23.30 23.20 23.20 23.50 23.70 24.40 24.50 25.30 24.30 27.30 28.40 24.40 24.20 24.00 * 23.30 23.50 23.60 23.60 23.50 23.40 23.40 23.30 23.30 23.50 23.60 23.60 23.70 24.30 24.90 23.50 * 0
2018-01-16 16:29:35 23.70 23.70 23.30 23.30 23.30 23.50 23.70 24.40 24.50 25.20 24.40 27.40 28.20 24.40 24.20 24.00 * 23.30 23.50 23.60 23.60 23.50 23.40 23.40 23.30 23.40 23.40 23.50 23.60 23.70 24.30 24.80 23.50 * 0
2018-01-16 16:29:35 23.70 23.80 23.30 23.20 23.30 23.50 23.80 24.40 24.40 25.10 24.40 27.40 27.60 24.40 24.10 23.80 * 23.30 23.50 23.60 23.60 23.50 23.40 23.40 23.20 23.40 23.50 23.50 23.60 23.60 24.30 24.60 23.40 * 0
2018-01-16 16:29:36 23.70 23.70 23.30 23.30 23.30 23.50 23.80 24.40 24.30 25.10 24.60 27.20 27.00 24.40 24.10 23.80 * 23.20 23.50 23.60 23.70 23.50 23.40 23.30 23.20 23.40 23.50 23.60 23.60 23.70 24.50 24.40 23.40 * 0
2018-01-16 16:29:36 23.70 23.60 23.30 23.30 23.30 23.50 23.80 24.30 24.40 25.30 26.00 27.10 27.10 24.30 24.20 24.00 * 23.30 23.50 23.60 23.70 23.50 23.40 23.40 23.20 23.40 23.50 23.60 23.70 23.80 24.80 23.90 23.50 * 0
2018-01-16 16:29:36 23.70 23.70 23.30 23.30 23.30 23.60 23.80 24.40 24.50 25.40 26.80 27.00 26.80 24.30 24.20 24.00 * 23.40 23.50 23.70 23.70 23.60 23.50 23.50 23.20 23.50 23.60 23.70 23.80 23.90 24.70 23.60 23.50 * 0
2018-01-16 16:29:36 23.70 23.70 23.30 23.30 23.30 23.50 23.80 24.50 24.50 25.60 27.50 26.90 26.50 24.30 24.20 24.00 * 23.30 23.50 23.60 23.70 23.60 23.50 23.40 23.20 23.40 23.50 23.80 24.20 24.50 24.40 23.40 23.30 * 0
2018-01-16 16:29:37 23.60 23.70 23.30 23.20 23.30 23.50 23.80 26.30 24.50 26.70 27.60 26.90 26.70 24.30 24.10 23.90 * 23.20 23.40 23.60 23.60 23.50 23.40 23.30 23.50 23.40 23.90 24.80 24.20 24.50 24.40 23.40 23.20 * 0
2018-01-16 16:29:37 23.80 23.80 23.30 23.30 23.30 23.60 25.30 27.10 27.20 27.70 27.10 26.50 27.30 24.50 24.20 24.00 * 23.20 23.40 23.60 23.60 23.40 23.40 23.20 24.10 23.50 24.60 25.50 23.70 24.70 24.10 23.30 23.20 * 0
2018-01-16 16:29:37 23.90 23.80 23.50 23.40 23.40 25.40 27.40 26.90 28.20 27.20 27.00 26.90 26.10 24.20 24.30 24.10 * 23.20 23.40 23.60 23.60 23.40 23.40 23.30 24.50 23.50 24.90 25.60 24.30 24.40 23.60 23.30 23.20 * 0
2018-01-16 16:29:37 23.90 23.80 23.40 23.50 24.90 28.50 27.50 26.50 27.20 26.70 26.70 27.40 24.60 24.10 24.20 24.00 * 23.20 23.40 23.50 23.60 23.40 23.40 23.50 24.80 24.00 25.50 25.20 24.20 23.60 23.40 23.20 23.20 * 0
2018-01-16 16:29:38 23.80 23.80 23.30 23.50 26.20 28.40 26.50 26.20 26.80 26.50 26.10 27.40 24.60 24.20 24.10 24.00 * 23.20 23.50 23.60 23.90 24.90 24.50 24.30 26.90 25.00 27.30 24.20 23.60 23.50 23.40 23.30 23.20 * 0
2018-01-16 16:29:38 26.20 26.30 25.50 26.10 26.40 26.70 26.80 26.60 27.00 26.70 26.00 27.50 25.30 24.30 24.20 24.00 * 23.40 23.50 23.70 24.40 26.70 25.10 24.00 26.90 24.90 27.50 24.60 23.70 23.60 23.50 23.30 23.30 * 0
2018-01-16 16:29:38 28.20 27.80 27.40 27.10 27.00 27.40 27.20 28.70 30.50 30.90 31.30 31.00 31.40 31.00 30.80 30.30 * 23.40 23.60 23.80 24.80 27.10 24.50 24.00 27.10 26.30 28.70 26.60 26.20 26.20 25.90 25.80 26.20 * 0
2018-01-16 16:29:39 27.50 27.60 28.00 28.20 28.20 28.20 28.10 31.80 32.80 31.70 33.50 33.40 33.00 33.00 33.10 32.40 * 23.30 23.60 23.80 25.00 27.10 24.40 24.70 28.00 30.80 31.90 31.30 31.30 31.00 30.10 30.10 31.40 * 0
2018-01-16 16:29:39 25.20 27.30 28.20 28.70 28.60 28.50 28.20 32.80 32.30 30.40 33.30 33.60 33.20 32.90 32.40 31.50 * 23.50 24.90 26.20 27.60 29.00 26.70 26.70 28.40 33.80 33.80 34.00 33.70 32.60 30.40 29.10 32.90 * 0
2018-01-16 16:29:39 24.80 27.00 28.00 28.70 28.50 28.80 27.70 31.50 31.10 31.90 31.30 32.10 32.70 32.70 32.30 31.90 * 31.70 32.90 33.60 33.90 33.70 33.20 32.40 29.60 33.80 34.00 34.30 34.30 34.10 33.10 28.10 32.30 * 0
2018-01-16 16:29:39 24.40 26.80 27.80 28.60 28.30 28.70 27.40 30.40 30.90 32.30 30.00 31.30 32.20 32.30 32.30 32.10 * 30.20 31.00 32.10 33.10 33.30 33.10 32.20 28.60 33.40 34.00 34.30 34.40 34.10 31.60 29.50 33.90 * 0
2018-01-16 16:29:40 24.10 26.50 27.70 28.40 28.20 28.50 27.20 30.30 30.40 30.70 30.30 32.20 32.00 32.30 31.90 31.10 * 24.80 25.80 27.60 29.70 29.40 31.80 33.30 32.20 31.70 32.90 34.00 34.30 33.80 30.70 32.20 33.60 * 0
2018-01-16 16:29:40 25.20 26.80 27.90 28.40 28.30 28.50 27.40 29.00 29.30 31.40 29.90 31.80 32.20 32.30 31.80 31.40 * 23.60 23.90 25.20 27.50 27.10 31.20 33.30 33.40 31.30 32.70 33.80 34.10 32.50 30.70 33.50 33.40 * 0
2018-01-16 16:29:40 29.50 30.00 30.40 30.60 30.40 30.30 29.20 29.10 29.10 31.70 30.20 32.00 32.80 32.50 31.90 31.90 * 23.60 24.00 25.30 27.80 28.40 32.30 33.50 33.40 28.90 28.10 29.80 30.10 28.60 28.10 29.40 28.90 * 0
2018-01-16 16:29:40 28.90 29.50 29.50 29.40 29.40 29.40 27.90 30.30 29.70 30.30 30.60 30.40 29.60 29.00 29.00 28.60 * 23.40 23.70 24.80 26.90 24.40 27.00 28.50 25.80 27.00 24.70 24.80 24.90 24.50 24.50 24.30 23.70 * 0
2018-01-16 16:29:41 25.90 27.70 27.40 26.80 27.00 27.40 26.90 28.30 27.50 27.80 28.20 26.40 25.20 24.40 24.30 24.10 * 23.30 23.60 24.60 26.80 24.50 26.90 27.50 24.40 26.50 23.60 23.60 23.60 23.40 23.30 23.30 23.20 * 0
2018-01-16 16:29:41 25.20 27.90 27.40 26.60 26.60 26.80 26.40 26.50 26.90 27.80 27.50 24.80 24.10 24.10 24.10 24.00 * 23.30 23.60 24.40 26.70 24.80 27.10 27.30 24.30 26.20 23.70 23.60 23.60 23.40 23.30 23.30 23.20 * 0
2018-01-16 16:29:41 24.90 27.30 28.30 28.30 28.00 27.60 26.80 27.10 27.60 27.30 25.70 24.10 24.00 24.00 24.00 23.90 * 23.40 23.60 24.30 26.70 25.30 26.20 25.00 23.80 24.40 23.60 23.60 23.60 23.40 23.30 23.30 23.20 * 0
2018-01-16 16:29:41 23.80 24.00 25.60 27.00 27.10 28.30 27.40 25.70 27.60 26.00 24.90 24.10 24.00 24.00 23.90 23.90 * 23.30 23.60 24.30 26.60 25.30 25.40 24.20 23.30 24.00 23.40 23.60 23.60 23.40 23.30 23.20 23.20 * 0
2018-01-16 16:29:42 23.70 23.80 24.20 26.10 27.20 29.50 27.50 25.40 28.00 25.30 24.90 24.10 24.00 24.10 24.10 23.90 * 23.30 23.60 24.20 25.90 25.30 25.10 24.00 23.30 23.90 23.30 23.60 23.60 23.40 23.20 23.20 23.10 * 0
2018-01-16 16:29:42 23.70 23.80 23.70 24.60 26.90 28.40 28.20 25.80 29.00 25.50 24.90 24.10 24.00 24.10 24.10 24.00 * 23.40 23.60 23.90 25.00 25.20 25.00 24.00 23.30 23.90 23.20 23.60 23.50 23.40 23.20 23.20 23.00 * 0
2018-01-16 16:29:42 23.90 24.00 23.80 24.10 26.90 27.50 29.10 26.00 29.40 25.50 25.00 24.20 24.10 24.10 24.20 24.10 * 23.60 23.80 23.80 24.80 23.90 25.10 24.20 23.40 23.90 23.30 23.60 23.50 23.30 23.20 23.30 23.10 * 0
2018-01-16 16:29:43 23.80 23.90 23.90 25.80 27.30 29.20 27.20 25.20 28.40 25.40 25.00 24.30 24.20 24.10 24.30 24.10 * 23.60 23.70 23.80 24.90 24.00 25.10 24.10 23.50 23.90 23.30 23.60 23.50 23.40 23.20 23.30 23.10 * 0
2018-01-16 16:29:43 23.80 23.90 24.10 26.70 28.60 28.80 24.60 24.90 24.60 25.30 25.00 24.20 24.10 24.10 24.20 24.10 * 23.40 23.60 23.70 24.70 23.80 24.90 23.90 23.20 23.90 23.30 23.60 23.50 23.40 23.30 23.30 23.20 * 0
2018-01-16 16:29:43 23.90 24.00 24.60 27.10 29.90 26.80 23.90 24.80 24.40 25.30 25.00 24.20 24.10 24.10 24.20 24.10 * 23.40 23.60 23.70 24.70 23.80 24.80 23.90 23.10 24.00 23.40 23.60 23.60 23.40 23.30 23.40 23.20 * 0
2018-01-16 16:29:43 23.90 24.00 24.90 27.10 29.70 26.10 23.90 24.80 24.40 25.30 24.90 24.20 24.10 24.10 24.20 24.10 * 23.50 23.60 23.70 24.80 23.90 25.00 24.20 23.30 24.10 23.40 23.60 23.60 23.40 23.30 23.40 23.20 * 0
2018-01-16 16:29:44 24.00 24.10 24.80 27.10 29.20 26.30 23.90 24.90 24.40 25.30 24.90 24.30 24.10 24.10 24.30 24.10 * 23.40 23.60 23.70 24.80 23.90 25.10 24.30 23.30 24.20 23.40 23.60 23.50 23.40 23.30 23.30 23.20 * 0
2018-01-16 16:29:44 24.00 24.00 24.90 27.10 28.90 26.50 23.90 24.90 24.20 25.10 24.80 24.20 24.00 24.00 24.10 24.00 * 23.50 23.60 23.70 24.80 23.90 25.20 24.20 23.30 24.20 23.40 23.60 23.60 23.40 23.30 23.30 23.20 * 0
2018-01-16 16:29:44 24.00 24.00 25.00 27.10 28.80 26.30 23.90 24.90 24.30 25.20 24.80 24.20 24.00 24.00 24.20 24.00 * 23.50 23.70 23.70 24.80 23.90 25.20 24.20 23.30 24.20 23.40 23.60 23.60 23.40 23.30 23.30 23.30 * 0
2018-01-16 16:29:44 23.90 24.00 25.10 27.10 28.90 25.90 23.90 24.80 24.30 25.10 24.80 24.10 24.10 24.10 24.10 24.00 * 23.50 23.70 23.70 24.80 23.90 25.20 24.30 23.30 24.40 23.50 23.60 23.70 23.50 23.40 23.50 23.40 * 0
2018-01-16 16:29:45 23.90 24.00 25.30 27.10 29.40 25.30 23.80 24.80 24.30 25.20 25.00 24.20 24.20 24.10 24.20 24.10 * 23.50 23.70 23.70 24.80 23.90 25.20 24.30 23.30 24.40 23.50 23.70 23.70 23.50 23.40 23.40 23.30 * 0
2018-01-16 16:29:45 23.80 23.90 25.30 27.10 29.30 25.20 23.70 24.70 24.30 25.20 24.90 24.20 24.10 24.00 24.10 24.10 * 23.40 23.60 23.60 24.80 23.90 25.10 24.20 23.20 24.30 23.40 23.60 23.70 23.50 23.40 23.40 23.30 * 0
2018-01-16 16:29:45 23.80 23.90 25.30 27.10 29.30 25.20 23.70 24.60 24.30 25.20 24.90 24.20 24.10 24.00 24.20 24.10 * 23.40 23.60 23.60 24.80 23.80 25.20 24.20 23.20 24.20 23.40 23.60 23.60 23.40 23.30 23.30 23.20 * 0
2018-01-16 16:29:46 23.90 23.90 25.30 27.10 29.40 25.20 23.70 24.60 24.30 25.20 24.90 24.20 24.10 24.10 24.20 24.20 * 23.40 23.60 23.70 24.80 23.80 25.20 24.20 23.20 24.20 23.40 23.60 23.60 23.40 23.30 23.30 23.20 * 0
2018-01-16 16:29:46 23.90 24.00 25.30 27.10 29.40 25.10 23.70 24.70 24.40 25.20 25.00 24.20 24.10 24.10 24.20 24.10 * 23.40 23.60 23.60 24.70 23.80 25.10 24.10 23.20 24.20 23.40 23.50 23.60 23.40 23.30 23.30 23.20 * 0
2018-01-16 16:29:46 23.80 23.90 25.20 27.10 29.10 25.20 23.70 24.70 24.40 25.20 24.90 24.10 24.00 24.00 24.20 24.10 * 23.40 23.50 23.60 24.70 23.80 25.00 24.20 23.10 24.30 23.40 23.60 23.60 23.40 23.30 23.30 23.20 * 0
2018-01-16 16:29:46 23.80 23.90 25.20 27.00 28.90 25.20 23.70 24.60 24.30 25.20 24.90 24.20 24.00 24.10 24.10 24.00 * 23.30 23.50 23.60 24.70 23.80 25.00 24.20 23.10 24.30 23.40 23.60 23.60 23.40 23.30 23.40 23.20 * 0
2018-01-16 16:29:47 23.80 23.90 25.20 27.00 28.90 25.30 23.70 24.60 24.20 25.20 24.90 24.20 24.00 24.00 24.10 24.00 * 23.30 23.50 23.60 24.60 23.80 25.10 24.10 23.10 24.30 23.40 23.60 23.60 23.50 23.40 23.40 23.30 * 0
2018-01-16 16:29:47 23.80 23.90 25.20 27.00 28.30 26.90 23.80 24.70 24.20 25.20 24.90 24.20 24.10 24.10 24.20 24.00 * 23.40 23.60 23.70 24.80 23.90 24.80 23.90 23.30 23.90 23.40 23.60 23.60 23.50 23.30 23.30 23.20 * 0
2018-01-16 16:29:47 23.70 23.90 25.10 27.00 27.50 28.30 24.50 24.80 25.80 25.20 24.90 24.20 24.10 24.10 24.20 24.00 * 23.40 23.60 23.70 24.70 23.80 24.50 24.60 23.40 24.60 23.60 23.50 23.60 23.40 23.30 23.30 23.20 * 0
2018-01-16 16:29:47 23.70 23.90 24.70 26.90 26.90 27.70 26.20 25.50 27.30 26.30 24.90 24.20 24.00 24.10 24.10 24.00 * 23.40 23.60 23.70 24.60 23.70 24.40 26.00 24.00 25.90 23.90 23.50 23.60 23.40 23.30 23.30 23.20 * 0
2018-01-16 16:29:48 23.80 23.80 24.00 26.50 26.70 26.60 26.70 26.50 27.10 27.30 26.70 25.10 24.00 24.10 24.10 24.10 * 23.40 23.60 23.60 24.40 24.40 24.40 26.90 24.50 26.70 24.00 23.60 23.60 23.40 23.30 23.30 23.20 * 0
2018-01-16 16:29:48 24.90 24.90 24.10 25.70 26.80 26.70 26.50 26.90 27.10 27.20 28.10 27.00 24.30 24.10 24.20 24.10 * 23.40 23.60 23.70 24.20 25.90 24.90 27.20 24.70 26.90 24.20 23.60 23.60 23.40 23.30 23.20 23.10 * 0
2018-01-16 16:29:48 24.80 25.50 26.50 26.80 27.40 28.00 29.30 29.90 29.50 29.50 29.80 29.30 26.20 24.60 24.20 24.10 * 23.40 23.70 23.60 24.20 26.60 24.40 27.10 25.00 26.90 24.40 23.60 23.60 23.40 23.30 23.20 23.20 * 0
2018-01-16 16:29:48 24.00 24.00 24.60 25.90 27.90 28.90 30.00 30.10 29.90 30.40 29.80 28.90 27.90 26.20 24.60 24.10 * 23.40 23.70 23.70 24.30 26.60 24.30 27.00 25.00 26.90 24.40 23.60 23.60 23.40 23.30 23.30 23.20 * 0
2018-01-16 16:29:49 24.00 24.00 23.80 23.90 26.50 28.10 28.90 29.00 29.50 29.10 28.70 27.80 26.20 24.90 24.20 24.10 * 23.50 23.70 23.70 24.30 26.70 24.60 27.20 25.00 27.00 24.40 23.70 23.70 23.50 23.40 23.40 23.30 * 0
2018-01-16 16:29:49 24.00 24.00 23.80 23.50 24.60 26.10 27.30 27.90 27.50 27.20 26.60 25.50 24.40 24.30 24.30 24.20 * 23.50 23.80 23.80 24.30 26.60 24.80 27.30 25.00 27.10 24.40 23.70 23.70 23.60 23.50 23.50 23.40 * 0
2018-01-16 16:29:49 23.90 23.90 23.70 23.40 23.40 24.10 25.10 25.50 26.30 26.40 25.70 24.50 24.20 24.20 24.20 24.10 * 23.60 23.70 23.80 24.30 26.70 24.90 27.40 24.80 27.20 24.10 23.70 23.70 23.50 23.50 23.50 23.50 * 0
2018-01-16 16:29:50 23.80 23.80 23.60 23.30 23.30 24.10 24.90 25.50 26.00 26.20 25.50 24.30 24.00 24.00 24.10 24.00 * 23.60 23.70 23.80 24.50 26.80 25.00 27.40 24.60 27.00 24.00 23.70 23.70 23.50 23.40 23.50 23.50 * 0
2018-01-16 16:31:56 24.20 24.60 25.80 26.60 27.40 24.50 23.50 23.70 23.80 23.80 23.90 24.00 24.00 24.10 24.10 24.10 * 23.60 24.60 24.20 23.80 23.60 23.50 23.30 23.20 23.20 23.20 23.40 23.40 23.20 23.10 23.10 23.00 * 0
2018-01-16 16:31:56 24.30 24.40 25.10 26.60 26.70 24.60 23.50 23.70 23.90 23.90 24.00 24.10 24.10 24.10 24.20 24.10 * 23.60 24.10 24.20 23.90 23.60 23.50 23.40 23.20 23.20 23.20 23.40 23.50 23.20 23.20 23.20 23.10 * 0
2018-01-16 16:31:57 24.20 24.20 24.60 26.60 26.40 24.50 23.50 23.70 23.90 23.90 24.10 24.10 24.10 24.20 24.30 24.10 * 23.60 23.90 24.30 23.90 23.70 23.60 23.40 23.30 23.30 23.30 23.50 23.50 23.20 23.20 23.20 23.10 * 0
2018-01-16 16:31:57 24.10 23.90 24.20 26.80 26.40 24.30 23.40 23.60 23.90 23.90 24.00 24.10 24.00 24.10 24.20 24.10 * 23.50 23.70 24.20 24.00 23.60 23.50 23.30 23.20 23.30 23.30 23.50 23.50 23.30 23.30 23.20 23.10 * 0
2018-01-16 16:31:57 24.10 24.00 24.70 26.70 26.40 24.40 23.50 23.60 23.90 23.90 24.00 24.10 24.00 24.10 24.20 24.10 * 23.40 23.60 24.00 24.20 23.70 23.40 23.20 23.00 23.20 23.20 23.50 23.50 23.30 23.20 23.20 23.10 * 0
2018-01-16 16:31:57 24.10 24.00 24.50 25.80 26.70 24.80 23.50 23.60 24.00 24.00 24.10 24.10 24.10 24.20 24.30 24.20 * 23.40 23.60 24.00 24.30 23.80 23.40 23.20 23.00 23.20 23.20 23.50 23.50 23.20 23.20 23.20 23.10 * 0
2018-01-16 16:31:58 24.20 24.00 24.00 24.70 26.30 25.70 23.60 23.70 24.10 24.00 24.10 24.10 24.10 24.20 24.30 24.30 * 23.40 23.60 23.80 24.20 23.90 23.40 23.20 23.00 23.20 23.20 23.40 23.40 23.10 23.20 23.10 23.10 * 0
2018-01-16 16:31:58 24.10 23.90 23.90 23.90 25.30 26.30 23.70 23.70 24.20 23.90 24.10 24.00 24.00 24.10 24.20 24.10 * 23.40 23.60 23.60 24.10 23.90 23.60 23.20 23.00 23.20 23.20 23.40 23.40 23.20 23.10 23.10 23.00 * 0
2018-01-16 16:31:58 24.00 23.80 23.70 23.80 23.90 25.90 24.40 23.60 24.80 23.90 24.10 24.00 24.00 24.10 24.20 24.10 * 23.50 23.60 23.70 23.90 23.90 24.20 23.60 23.20 23.50 23.20 23.50 23.50 23.30 23.20 23.20 23.10 * 0
2018-01-16 16:31:59 24.00 23.80 23.70 23.70 23.80 24.80 25.40 24.00 25.70 25.00 24.10 24.10 24.00 24.10 24.10 24.10 * 23.50 23.60 23.70 23.60 23.80 24.30 23.70 23.20 23.60 23.30 23.50 23.60 23.30 23.20 23.20 23.20 * 0
2018-01-16 16:31:59 24.10 23.80 23.80 23.80 23.80 24.30 25.40 24.80 25.00 26.00 24.00 24.00 23.90 24.10 24.10 24.00 * 23.50 23.60 23.70 23.60 23.60 24.20 23.80 23.40 23.80 23.70 23.50 23.50 23.30 23.20 23.30 23.10 * 0
2018-01-16 16:31:59 24.10 23.90 23.90 23.80 23.80 24.30 23.80 25.90 24.40 26.40 24.10 24.00 23.90 24.10 24.10 24.00 * 23.40 23.60 23.60 23.50 23.60 24.00 23.70 23.60 23.70 23.90 23.40 23.40 23.20 23.10 23.20 23.10 * 0
2018-01-16 16:31:59 24.10 23.90 23.90 23.90 23.80 24.30 23.50 26.00 24.10 26.40 25.10 24.00 23.90 24.00 24.10 24.00 * 23.40 23.50 23.60 23.50 23.50 23.80 23.70 23.60 23.60 24.00 23.40 23.40 23.10 23.10 23.10 23.00 * 0
2018-01-16 16:32:00 24.10 23.90 23.90 23.90 23.80 24.30 23.50 25.90 24.00 25.90 26.00 24.40 24.00 24.00 24.00 24.00 * 23.50 23.60 23.60 23.50 23.60 23.50 23.60 23.70 23.50 24.00 23.50 23.40 23.20 23.10 23.10 23.00 * 0
2018-01-16 16:32:00 24.20 24.00 23.90 23.90 23.80 24.30 23.50 25.80 24.10 26.00 26.30 24.50 24.10 24.10 24.10 24.10 * 23.40 23.50 23.60 23.50 23.60 23.60 23.60 23.70 23.50 24.10 23.60 23.50 23.30 23.20 23.20 23.10 * 0
2018-01-16 16:32:00 24.20 23.90 23.80 23.90 23.80 24.30 23.50 25.70 24.10 26.10 26.60 24.20 24.00 24.10 24.20 24.10 * 23.40 23.50 23.60 23.50 23.60 23.50 23.50 23.70 23.50 24.10 23.50 23.50 23.30 23.30 23.30 23.10 * 0
2018-01-16 16:32:00 24.00 23.70 23.60 23.60 23.60 24.10 23.30 25.70 24.20 26.40 26.70 24.10 24.00 24.10 24.20 24.10 * 23.40 23.60 23.60 23.60 23.50 23.50 23.50 23.50 23.50 24.00 23.60 23.50 23.30 23.20 23.30 23.20 * 0
2018-01-16 16:32:01 23.90 23.70 23.60 23.60 23.60 24.00 23.30 25.80 24.40 26.80 26.80 24.30 24.20 24.30 24.40 24.20 * 23.50 23.50 23.60 23.60 23.50 23.50 23.50 23.30 23.50 23.60 23.50 23.50 23.30 23.20 23.30 23.10 * 0
2018-01-16 16:32:01 24.00 23.70 23.70 23.70 23.70 24.20 23.50 26.00 24.40 26.80 26.80 24.30 24.10 24.20 24.30 24.20 * 23.40 23.40 23.50 23.50 23.50 23.40 23.50 23.20 23.30 23.30 23.30 23.30 23.10 23.10 23.20 22.80 * 0
2018-01-16 16:32:01 24.00 23.80 23.70 23.80 23.70 24.30 23.60 26.00 24.40 26.90 26.80 24.20 24.10 24.10 24.30 24.20 * 23.30 23.40 23.40 23.40 23.40 23.40 23.50 23.10 23.40 23.20 23.30 23.30 23.10 23.10 23.10 22.90 * 0
2018-01-16 16:32:02 23.90 23.70 23.70 23.60 23.60 24.10 23.50 25.90 24.50 27.20 26.90 24.20 24.10 24.10 24.30 24.10 * 23.30 23.50 23.40 23.40 23.40 23.40 23.60 23.10 23.60 23.30 23.40 23.50 23.20 23.20 23.20 23.00 * 0
2018-01-16 16:32:02 23.80 23.70 23.70 23.60 23.60 24.10 23.90 25.90 24.60 27.20 26.80 24.20 24.10 24.20 24.30 24.10 * 23.40 23.60 23.50 23.50 23.50 24.00 23.80 23.20 23.70 23.50 23.60 23.50 23.30 23.30 23.20 23.10 * 0
2018-01-16 16:32:02 23.80 23.70 23.70 23.70 23.60 24.10 24.50 25.90 25.60 26.70 25.70 24.10 24.00 24.10 24.20 24.10 * 23.50 23.60 23.60 23.60 23.60 24.10 23.80 23.30 23.70 23.50 23.60 23.50 23.30 23.30 23.30 23.20 * 0
2018-01-16 16:32:02 23.90 23.70 23.70 23.60 23.60 24.10 25.40 26.10 26.40 26.70 24.70 24.00 23.90 24.00 24.10 24.00 * 23.60 23.70 23.70 23.60 23.60 24.10 23.80 23.30 23.80 23.40 23.60 23.60 23.40 23.40 23.40 23.20 * 0
2018-01-16 16:32:03 23.90 23.70 23.70 23.60 23.60 24.20 26.50 26.30 26.90 26.90 24.20 24.00 23.90 24.00 24.10 24.00 * 23.50 23.70 23.70 23.60 23.60 24.20 23.90 23.40 23.80 23.50 23.60 23.60 23.40 23.40 23.40 23.20 * 0
2018-01-16 16:32:03 24.00 23.80 23.80 23.80 23.70 24.40 26.60 26.50 27.30 27.30 24.10 24.00 24.00 24.10 24.20 24.10 * 23.60 23.60 23.60 23.60 23.70 24.20 23.80 23.30 23.80 23.50 23.60 23.60 23.40 23.40 23.50 23.30 * 0
2018-01-16 16:32:03 24.20 23.90 23.90 23.90 23.90 24.60 26.70 26.70 27.30 27.30 24.00 24.00 24.00 24.10 24.10 24.00 * 23.50 23.60 23.60 23.60 23.70 24.20 23.80 23.20 23.80 23.50 23.60 23.60 23.40 23.40 23.40 23.30 * 0
2018-01-16 16:32:03 24.10 23.90 23.90 23.80 23.80 24.70 26.60 26.60 27.20 27.20 24.00 24.00 23.90 24.00 24.10 24.00 * 23.40 23.60 23.60 23.50 23.50 24.00 23.70 23.20 23.70 23.30 23.50 23.50 23.20 23.20 23.30 23.10 * 0
2018-01-16 16:32:04 23.90 23.70 23.70 23.60 23.70 24.50 26.40 26.40 27.10 27.20 24.00 24.00 23.90 24.00 24.10 24.00 * 23.40 23.60 23.60 23.50 23.50 24.00 23.80 23.10 23.80 23.20 23.40 23.40 23.20 23.20 23.20 23.00 * 0
2018-01-16 16:32:04 23.90 23.70 23.70 23.70 23.60 24.50 26.30 26.40 27.20 27.20 24.00 24.00 24.00 24.10 24.10 24.00 * 23.40 23.60 23.60 23.50 23.50 24.10 23.90 23.10 23.80 23.10 23.40 23.30 23.10 23.10 23.10 23.00 * 0
2018-01-16 16:32:04 23.90 23.80 23.80 23.80 23.70 24.60 26.40 26.50 27.40 27.40 24.10 24.10 24.10 24.20 24.30 24.20 * 23.40 23.60 23.70 23.60 23.60 24.20 24.00 23.20 23.80 23.30 23.50 23.50 23.20 23.20 23.20 23.10 * 0
2018-01-16 16:32:04 24.10 23.90 23.80 23.80 23.70 24.70 26.50 26.60 27.30 27.40 24.10 24.10 24.10 24.20 24.30 24.20 * 23.30 23.40 23.50 23.50 23.50 24.10 23.90 23.20 23.90 23.30 23.50 23.50 23.30 23.20 23.20 23.20 * 0
2018-01-16 16:32:05 24.00 23.80 23.70 23.70 23.60 24.60 26.40 26.50 27.20 27.40 24.10 24.10 24.10 24.10 24.20 24.10 * 23.30 23.40 23.50 23.50 23.50 24.00 23.80 23.20 23.80 23.50 23.50 23.50 23.30 23.30 23.30 23.20 * 0
2018-01-16 16:32:05 24.00 23.70 23.80 23.70 23.70 24.50 26.40 26.40 27.10 27.30 24.10 24.00 24.00 24.10 24.10 24.00 * 23.30 23.40 23.50 23.50 23.50 24.00 23.80 23.20 24.00 23.50 23.60 23.60 23.40 23.40 23.40 23.30 * 0
2018-01-16 16:32:05 24.00 23.80 23.80 23.70 23.70 24.40 26.30 26.40 27.00 27.20 24.10 24.10 24.00 24.10 24.10 24.00 * 23.30 23.50 23.60 23.50 23.50 24.10 24.00 23.20 24.10 23.60 23.70 23.70 23.40 23.40 23.40 23.40 * 0
2018-01-16 16:32:06 24.10 23.80 23.80 23.80 23.70 24.30 26.00 26.30 26.10 26.50 24.20 24.00 24.00 24.10 24.10 24.00 * 23.30 23.50 23.50 23.50 23.50 24.00 24.00 23.20 24.00 23.60 23.60 23.60 23.40 23.30 23.30 23.30 * 0
2018-01-16 16:32:06 24.00 23.80 23.80 23.70 23.60 24.20 25.60 26.10 25.60 26.30 24.40 24.00 24.00 24.10 24.10 24.00 * 23.40 23.60 23.50 23.50 23.50 24.10 24.10 23.20 23.90 23.40 23.50 23.50 23.20 23.20 23.20 23.20 * 0
2018-01-16 16:32:06 23.90 23.80 23.80 23.70 23.60 24.10 25.00 26.20 25.40 26.40 24.50 24.00 24.00 24.10 24.10 24.10 * 23.50 23.60 23.50 23.50 23.50 24.10 24.10 23.30 23.90 23.40 23.40 23.50 23.20 23.20 23.20 23.20 * 0
2018-01-16 16:32:06 23.90 23.70 23.70 23.60 23.60 24.10 25.00 26.20 25.40 26.50 24.60 24.10 24.00 24.10 24.20 24.10 * 23.50 23.60 23.60 23.60 23.60 24.20 24.20 23.40 23.90 23.40 23.40 23.50 23.10 23.20 23.20 23.10 * 0
2018-01-16 16:32:07 23.80 23.60 23.60 23.60 23.60 24.00 25.00 26.20 25.50 26.50 24.60 24.10 24.10 24.20 24.20 24.20 * 23.40 23.60 23.60 23.50 23.60 24.10 24.10 23.30 23.90 23.30 23.40 23.40 23.10 23.10 23.20 23.00 * 0
2018-01-16 16:32:07 23.90 23.70 23.70 23.60 23.60 24.10 25.10 26.20 25.60 26.50 24.50 24.00 24.10 24.10 24.10 24.10 * 23.30 23.60 23.60 23.60 23.60 24.10 24.10 23.30 23.90 23.40 23.40 23.40 23.20 23.20 23.20 23.10 * 0
2018-01-16 16:32:07 24.00 23.90 23.80 23.70 23.80 24.20 25.40 26.40 25.60 26.40 24.40 24.00 24.10 24.10 24.10 24.00 * 23.30 23.60 23.60 23.60 23.60 24.10 24.10 23.30 24.00 23.40 23.50 23.50 23.30 23.20 23.20 23.10 * 0
2018-01-16 16:32:07 24.00 23.90 23.80 23.80 23.80 24.20 25.40 26.40 25.60 26.50 24.50 24.10 24.10 24.10 24.20 24.10 * 23.40 23.60 23.60 23.50 23.60 24.10 24.10 23.30 24.00 23.50 23.50 23.60 23.30 23.30 23.30 23.20 * 0
2018-01-16 16:32:08 23.90 23.80 23.70 23.70 23.70 24.10 25.30 26.20 25.50 26.40 24.40 24.00 24.00 24.00 24.10 24.10 * 23.40 23.60 23.60 23.50 23.60 24.20 24.20 23.30 24.00 23.50 23.50 23.50 23.30 23.30 23.20 23.20 * 0
2018-01-16 16:32:08 24.00 23.80 23.70 23.70 23.70 24.10 25.20 26.20 25.40 26.40 24.50 24.00 23.90 24.00 24.10 24.10 * 23.50 23.60 23.70 23.60 23.60 24.20 24.20 23.40 24.00 23.40 23.50 23.50 23.20 23.30 23.20 23.10 * 0
2018-01-16 16:32:08 23.90 23.80 23.80 23.70 23.60 24.20 25.10 26.20 25.30 26.40 24.70 24.10 24.00 24.00 24.10 24.10 * 23.60 23.60 23.70 23.60 23.60 24.20 24.20 23.50 23.90 23.40 23.40 23.40 23.20 23.20 23.10 23.10 * 0
2018-01-16 16:32:08 23.90 23.80 23.80 23.70 23.70 24.20 24.90 26.20 25.30 26.50 24.80 24.10 24.10 24.10 24.10 24.10 * 23.50 23.60 23.60 23.60 23.60 24.20 24.20 23.40 23.80 23.30 23.40 23.40 23.20 23.20 23.10 23.00 * 0
2018-01-16 16:32:09 23.80 23.60 23.70 23.60 23.60 24.00 24.60 26.10 25.20 26.50 25.00 24.00 24.00 24.10 24.20 24.10 * 23.40 23.60 23.60 23.60 23.60 24.20 24.20 23.30 23.90 23.30 23.40 23.40 23.20 23.20 23.10 23.10 * 0
2018-01-16 16:32:09 23.80 23.70 23.60 23.60 23.50 24.00 24.50 26.00 25.10 26.50 25.00 24.00 24.00 24.10 24.10 24.10 * 23.40 23.50 23.60 23.60 23.60 24.10 24.10 23.30 23.90 23.40 23.50 23.40 23.20 23.20 23.20 23.10 * 0
2018-01-16 16:32:09 23.90 23.80 23.80 23.70 23.60 24.10 24.60 26.20 25.00 26.60 25.00 24.00 24.00 24.00 24.10 24.10 * 23.30 23.50 23.60 23.60 23.60 24.10 24.10 23.30 24.10 23.60 23.70 23.60 23.30 23.30 23.30 23.30 * 0
2018-01-16 16:32:10 23.90 23.70 23.70 23.70 23.70 24.00 24.60 26.10 25.10 26.50 25.00 24.00 24.10 24.10 24.10 24.00 * 23.30 23.50 23.60 23.50 23.50 24.10 24.10 23.30 24.10 23.60 23.70 23.60 23.40 23.40 23.40 23.40 * 0
2018-01-16 16:32:10 23.90 23.70 23.60 23.70 23.60 24.10 24.70 26.10 25.10 26.50 24.90 24.00 24.00 24.00 24.10 24.00 * 23.40 23.40 23.50 23.50 23.50 24.20 24.10 23.20 23.90 23.40 23.50 23.50 23.30 23.30 23.30 23.20 * 0
2018-01-16 16:32:10 24.00 23.80 23.70 23.80 23.70 24.20 24.80 26.20 25.00 26.40 24.90 24.00 24.00 24.10 24.00 24.00 * 23.40 23.50 23.50 23.50 23.50 24.20 24.20 23.30 23.90 23.30 23.40 23.40 23.20 23.20 23.20 23.10 * 0
2018-01-16 16:32:10 24.00 23.80 23.70 23.80 23.60 24.20 24.80 26.20 25.00 26.40 24.70 24.00 23.90 24.00 24.10 24.00 * 23.40 23.50 23.60 23.50 23.60 24.20 24.20 23.40 23.90 23.40 23.40 23.40 23.20 23.20 23.20 23.10 * 0
2018-01-16 16:32:11 23.80 23.70 23.70 23.70 23.60 24.10 24.80 26.20 25.10 26.50 24.70 24.00 24.00 24.00 24.10 24.00 * 23.40 23.60 23.60 23.50 23.60 24.20 24.10 23.40 23.90 23.40 23.40 23.40 23.20 23.20 23.20 23.10 * 0
2018-01-16 16:32:11 23.80 23.60 23.60 23.60 23.60 24.00 24.80 26.10 25.20 26.50 24.70 24.00 24.00 24.00 24.10 24.00 * 23.40 23.60 23.60 23.60 23.60 24.20 24.10 23.40 23.90 23.40 23.40 23.40 23.20 23.20 23.20 23.10 * 0
2018-01-16 16:32:11 23.90 23.70 23.60 23.60 23.60 24.00 24.90 26.20 25.50 26.60 24.70 24.10 24.10 24.20 24.20 24.10 * 23.30 23.50 23.50 23.50 23.60 24.10 24.00 23.20 23.90 23.40 23.40 23.40 23.20 23.10 23.20 23.10 * 0
2018-01-16 16:32:11 23.90 23.80 23.70 23.70 23.60 24.00 25.20 26.30 26.00 26.60 24.50 24.10 24.10 24.20 24.20 24.10 * 23.30 23.40 23.50 23.40 23.50 24.10 24.10 23.20 23.80 23.30 23.30 23.40 23.20 23.10 23.10 23.00 * 0
2018-01-16 16:32:12 23.90 23.80 23.80 23.80 23.70 24.10 25.80 26.40 26.50 26.70 24.40 24.10 24.10 24.10 24.20 24.10 * 23.30 23.40 23.50 23.40 23.50 24.10 23.90 23.10 23.60 23.20 23.40 23.40 23.20 23.20 23.10 23.10 * 0
2018-01-16 16:32:12 24.00 23.90 23.90 23.80 23.80 25.40 26.10 26.40 26.50 26.70 24.30 24.10 24.10 24.10 24.10 24.10 * 23.10 23.40 23.40 23.40 23.50 24.00 23.40 22.90 23.30 23.20 23.40 23.40 23.20 23.20 23.10 23.10 * 0
2018-01-16 16:32:12 24.00 23.80 23.90 23.80 24.20 25.80 26.00 26.30 26.30 26.60 24.20 24.10 24.00 24.10 24.10 24.00 * 23.40 23.50 23.50 23.50 23.80 24.70 23.30 23.00 23.20 23.20 23.50 23.50 23.20 23.20 23.30 23.10 * 0
2018-01-16 16:32:12 24.00 23.80 23.90 23.80 25.60 26.30 26.40 26.00 27.00 25.10 24.00 24.00 24.00 24.00 24.10 24.00 * 23.60 23.90 24.00 23.80 23.90 24.80 23.40 23.10 23.30 23.30 23.50 23.50 23.30 23.20 23.30 23.20 * 0
2018-01-16 16:32:13 23.90 23.70 24.20 25.00 26.60 26.90 26.60 25.00 26.40 24.10 23.90 23.90 24.00 24.00 24.00 24.00 * 24.10 25.20 24.80 23.80 24.00 24.50 23.50 23.20 23.30 23.40 23.50 23.50 23.30 23.20 23.20 23.20 * 0
2018-01-16 16:32:13 24.40 24.50 24.50 24.70 25.80 26.40 25.40 23.80 25.50 23.80 23.90 23.90 24.00 24.00 24.00 24.00 * 24.40 26.10 25.30 24.50 24.10 23.90 23.40 23.10 23.20 23.20 23.40 23.40 23.20 23.10 23.20 23.10 * 0
2018-01-16 16:32:13 25.30 24.50 24.10 24.90 25.90 26.60 25.50 23.90 25.50 23.90 24.10 24.10 24.10 24.20 24.20 24.20 * 24.50 26.10 26.30 25.50 23.90 23.60 23.40 23.20 23.20 23.10 23.30 23.30 23.10 23.10 23.20 23.00 * 0
2018-01-16 16:32:14 26.40 25.30 24.30 24.50 25.90 26.40 26.10 24.20 26.20 24.10 24.20 24.20 24.20 24.20 24.30 24.20 * 24.30 26.00 27.00 25.60 23.60 23.50 23.30 23.20 23.20 23.20 23.40 23.30 23.10 23.10 23.10 22.90 * 0
2018-01-16 16:32:14 26.60 25.70 24.50 24.20 25.80 26.30 26.30 24.80 26.60 24.70 24.10 24.10 24.10 24.10 24.30 24.10 * 24.30 25.90 26.90 25.60 23.60 23.40 23.30 23.10 23.20 23.20 23.40 23.40 23.20 23.10 23.10 23.00 * 0
2018-01-16 16:32:14 26.40 25.70 24.50 24.20 25.80 26.20 26.20 25.10 26.60 24.90 24.10 24.10 24.10 24.10 24.10 24.10 * 24.30 25.90 26.90 25.60 23.60 23.40 23.30 23.00 23.20 23.20 23.40 23.40 23.20 23.20 23.20 23.10 * 0
2018-01-16 16:32:14 26.20 25.50 24.40 24.10 25.90 26.20 26.30 25.30 26.60 25.00 24.10 24.10 24.10 24.20 24.10 24.10 * 24.40 25.90 26.90 25.60 23.60 23.50 23.40 23.10 23.20 23.20 23.40 23.40 23.20 23.20 23.20 23.10 * 0
2018-01-16 16:32:15 26.20 25.60 24.40 24.10 25.90 26.20 26.30 25.30 26.60 25.00 24.10 24.10 24.10 24.20 24.20 24.10 * 24.40 26.00 27.00 25.60 23.60 23.50 23.40 23.10 23.30 23.30 23.50 23.50 23.20 23.20 23.20 23.20 * 0
2018-01-16 16:32:15 26.30 25.60 24.40 24.10 25.90 26.20 26.30 25.30 26.80 25.20 24.20 24.20 24.20 24.30 24.30 24.30 * 24.50 26.20 27.00 25.60 23.70 23.60 23.40 23.10 23.30 23.30 23.60 23.50 23.30 23.20 23.20 23.20 * 0
2018-01-16 16:32:15 26.20 25.50 24.40 24.20 25.90 26.20 26.20 25.30 26.70 25.10 24.10 24.20 24.20 24.20 24.30 24.20 * 24.50 26.20 27.00 25.60 23.60 23.50 23.30 23.10 23.30 23.40 23.60 23.50 23.30 23.30 23.30 23.20 * 0
