2018-01-16 16:57:58 23.90 23.80 25.50 26.40 24.00 23.40 23.20 23.40 23.60 23.70 23.80 23.90 23.80 23.90 24.00 23.90 * 23.50 24.40 24.10 23.40 23.60 23.70 23.70 23.40 23.40 23.50 23.50 23.40 23.20 23.10 23.20 23.10 * 1
2018-01-16 16:57:58 23.90 23.70 25.00 26.10 23.40 23.30 23.20 23.40 23.60 23.60 23.80 23.90 23.90 23.90 24.00 23.80 * 23.50 24.10 24.10 23.40 23.70 23.70 23.70 23.50 23.40 23.50 23.50 23.50 23.20 23.10 23.20 23.20 * 1
2018-01-16 16:57:58 23.90 23.70 24.50 26.20 23.90 23.40 23.20 23.40 23.70 23.70 23.90 23.90 23.90 24.00 24.00 23.90 * 23.40 23.70 24.10 23.50 23.60 23.70 23.70 23.50 23.50 23.50 23.60 23.50 23.30 23.20 23.20 23.20 * 1
2018-01-16 16:57:59 24.00 23.80 24.50 26.10 24.90 23.70 23.30 23.60 23.70 23.70 23.80 23.90 23.90 24.00 24.00 23.90 * 23.30 23.50 24.10 23.50 23.60 23.70 23.60 23.50 23.50 23.60 23.60 23.60 23.30 23.20 23.20 23.20 * 1
2018-01-16 16:57:59 24.00 23.70 24.00 25.70 25.10 23.80 23.30 23.50 23.60 23.60 23.70 23.90 23.80 24.00 23.90 23.80 * 23.20 23.30 23.70 23.50 23.50 23.60 23.50 23.30 23.40 23.40 23.50 23.40 23.20 23.20 23.10 23.10 * 1
2018-01-16 16:57:59 23.90 23.70 23.80 25.10 25.30 24.00 23.20 23.40 23.70 23.70 23.80 23.90 23.90 24.00 24.00 23.90 * 23.30 23.40 23.60 23.70 23.60 23.60 23.60 23.40 23.50 23.40 23.50 23.40 23.20 23.20 23.20 23.10 * 1
2018-01-16 16:57:59 24.00 23.70 23.80 25.00 25.50 24.20 23.30 23.40 23.60 23.70 23.90 23.90 23.80 23.90 24.00 24.00 * 23.40 23.40 23.60 23.90 23.60 23.70 23.60 23.50 23.60 23.60 23.60 23.60 23.30 23.30 23.30 23.30 * 1
2018-01-16 16:58:00 24.00 23.70 23.80 25.00 25.50 24.30 23.40 23.40 23.70 23.60 23.80 23.80 23.70 23.90 23.90 23.90 * 23.40 23.40 23.50 24.00 23.60 23.70 23.60 23.40 23.40 23.40 23.50 23.50 23.20 23.20 23.20 23.20 * 1
2018-01-16 16:58:00 23.90 23.60 23.60 23.70 25.10 25.40 23.90 23.40 24.10 23.80 23.90 23.80 23.80 24.00 24.00 24.00 * 23.30 23.30 23.40 23.80 23.90 23.90 23.60 23.40 23.60 23.50 23.60 23.50 23.30 23.20 23.20 23.20 * 1
2018-01-16 16:58:00 23.90 23.60 23.60 23.60 23.80 25.90 24.80 23.60 24.90 23.90 23.80 23.90 23.80 24.00 24.00 24.00 * 23.50 23.40 23.50 23.70 23.90 24.30 24.00 23.60 24.00 23.50 23.50 23.50 23.30 23.30 23.20 23.10 * 1
2018-01-16 16:58:00 24.00 23.60 23.60 23.60 23.30 24.90 25.50 24.40 25.70 24.50 23.90 23.90 23.90 24.00 24.00 24.00 * 23.40 23.40 23.50 23.50 23.70 24.20 24.40 23.70 24.20 23.60 23.60 23.50 23.20 23.20 23.20 23.10 * 1
2018-01-16 16:58:01 24.00 23.70 23.70 23.60 23.20 23.80 25.70 25.50 25.50 26.40 24.50 24.00 23.80 24.00 24.00 24.00 * 23.30 23.30 23.40 23.40 23.50 23.80 24.60 24.00 24.40 24.10 23.70 23.60 23.20 23.10 23.20 23.20 * 1
2018-01-16 16:58:01 23.90 23.70 23.70 23.60 23.20 23.50 25.00 26.00 24.60 25.90 25.10 24.10 23.90 23.90 24.00 24.00 * 23.30 23.30 23.40 23.40 23.50 24.10 24.90 24.50 24.70 24.60 23.80 23.60 23.30 23.10 23.20 23.10 * 1
2018-01-16 16:58:01 23.80 23.60 23.60 23.60 23.20 23.40 23.30 23.60 24.00 24.40 24.50 24.10 23.90 24.00 24.00 23.90 * 23.40 23.50 23.50 23.70 24.60 25.10 24.50 24.10 24.30 24.00 23.80 23.70 23.40 23.30 23.30 23.20 * 1
2018-01-16 16:58:02 23.90 23.60 23.60 23.60 23.20 23.40 23.30 23.30 23.90 23.80 23.90 24.00 23.90 24.00 23.90 23.90 * 23.30 23.50 23.50 24.20 25.00 25.10 24.00 23.70 24.00 23.70 23.70 23.70 23.40 23.30 23.40 23.30 * 1
2018-01-16 16:58:02 23.90 23.60 23.60 23.60 23.20 23.30 23.20 23.40 23.60 23.70 23.80 23.90 23.90 23.90 23.90 24.00 * 23.30 23.40 23.60 24.40 25.10 25.10 24.00 23.70 23.90 23.70 23.70 23.60 23.30 23.30 23.30 23.20 * 1
2018-01-16 16:58:02 23.90 23.60 23.70 23.60 23.20 23.30 23.20 23.40 23.50 23.70 23.80 23.90 23.90 24.00 23.90 23.90 * 23.30 23.40 23.60 24.50 25.00 25.10 24.00 23.80 24.00 23.80 23.80 23.70 23.30 23.30 23.40 23.20 * 1
2018-01-16 16:58:02 23.80 23.50 23.60 23.50 23.20 23.30 23.10 23.40 23.50 23.60 23.90 23.90 23.90 24.00 24.00 23.90 * 23.30 23.40 23.50 24.70 25.00 25.20 24.80 24.30 24.80 24.40 24.80 23.90 23.40 23.30 23.30 23.30 * 1
2018-01-16 16:58:03 23.90 23.70 23.60 23.60 23.20 23.40 23.20 23.50 23.60 23.70 23.90 23.90 23.90 24.00 24.00 23.90 * 23.30 23.40 23.50 24.70 25.00 25.20 25.00 24.70 25.00 24.90 25.10 24.00 23.40 23.30 23.30 23.30 * 1
2018-01-16 16:58:03 24.00 23.70 23.60 23.60 23.20 23.40 23.20 23.50 23.60 23.80 23.90 23.90 23.90 24.00 24.00 23.90 * 23.30 23.40 23.50 24.70 25.20 25.10 25.00 24.80 25.00 25.00 25.10 24.10 23.40 23.30 23.30 23.20 * 1
2018-01-16 16:58:03 23.90 23.60 23.60 23.50 23.10 23.30 23.10 23.40 23.80 23.90 24.10 24.10 24.10 24.10 24.20 24.00 * 23.30 23.40 23.50 24.60 25.40 25.10 24.90 24.80 25.00 25.00 25.10 24.20 23.40 23.30 23.30 23.20 * 1
2018-01-16 16:58:03 23.80 23.60 23.50 23.50 23.20 23.20 23.10 23.40 23.80 23.90 24.10 24.10 24.10 24.10 24.20 24.10 * 23.30 23.40 23.50 24.60 25.50 25.10 24.90 24.80 25.00 25.00 25.10 24.10 23.30 23.30 23.30 23.20 * 1
2018-01-16 16:58:04 23.80 23.60 23.50 23.60 23.20 23.30 23.10 23.30 23.80 23.90 24.10 24.10 24.10 24.20 24.20 24.10 * 23.40 23.50 23.60 24.80 25.50 25.30 25.00 24.90 24.90 24.90 25.00 24.10 23.30 23.30 23.20 23.10 * 1
2018-01-16 16:58:04 23.80 23.50 23.60 23.50 23.20 23.30 23.10 23.30 23.60 23.70 23.80 23.90 23.80 23.90 24.00 23.90 * 23.40 23.40 23.50 24.60 25.20 25.10 25.00 24.80 24.90 24.90 25.00 24.10 23.30 23.30 23.30 23.20 * 1
2018-01-16 16:58:04 23.80 23.50 23.60 23.50 23.20 23.40 23.10 23.30 23.50 23.60 23.70 23.80 23.80 23.90 23.90 23.80 * 23.30 23.40 23.50 24.50 25.10 25.10 25.00 24.80 25.00 24.90 25.10 24.10 23.30 23.30 23.30 23.20 * 1
2018-01-16 16:58:05 23.90 23.60 23.60 23.60 23.30 23.40 23.20 23.40 23.50 23.70 23.80 23.80 23.90 23.90 23.90 23.90 * 23.30 23.50 23.40 24.60 25.00 25.20 25.00 24.80 25.00 24.90 25.10 24.20 23.30 23.30 23.30 23.10 * 1
2018-01-16 16:58:05 24.00 23.70 23.70 23.70 23.30 23.50 23.30 23.60 23.60 23.80 23.90 23.90 24.00 24.00 24.00 24.00 * 23.30 23.40 23.40 24.50 25.00 25.20 25.00 24.80 25.00 24.90 25.20 24.20 23.40 23.30 23.40 23.30 * 1
2018-01-16 16:58:05 23.90 23.70 23.70 23.70 23.20 23.50 23.30 23.50 23.60 23.70 23.80 23.90 23.90 24.00 24.00 23.90 * 23.40 23.50 23.50 24.60 25.00 25.30 25.10 24.80 25.00 25.00 25.30 24.20 23.40 23.40 23.50 23.40 * 1
2018-01-16 16:58:05 23.90 23.60 23.60 23.60 23.20 23.40 23.20 23.40 23.40 23.50 23.70 23.90 23.80 23.80 23.90 23.80 * 23.40 23.40 23.50 24.60 25.00 25.20 25.00 24.80 24.90 24.90 25.10 24.10 23.30 23.20 23.30 23.20 * 1
2018-01-16 16:58:06 23.90 23.60 23.60 23.60 23.20 23.30 23.20 23.40 23.50 23.60 23.80 23.90 23.80 23.90 24.00 23.90 * 23.20 23.30 23.30 24.50 24.90 25.10 24.90 24.80 25.00 24.90 25.10 24.10 23.20 23.20 23.20 23.20 * 1
2018-01-16 16:58:06 23.90 23.60 23.60 23.60 23.20 23.30 23.20 23.40 23.60 23.70 23.80 23.80 23.90 24.00 24.00 23.90 * 23.30 23.30 23.40 24.60 25.00 25.20 24.90 24.80 24.90 24.80 25.10 24.10 23.30 23.30 23.30 23.20 * 1
2018-01-16 16:58:06 23.90 23.60 23.60 23.50 23.20 23.30 23.20 23.40 23.60 23.70 23.90 23.90 23.90 24.00 24.10 24.00 * 23.40 23.50 23.50 24.60 25.00 25.20 25.00 24.70 24.90 24.80 25.10 24.10 23.30 23.30 23.30 23.20 * 1
2018-01-16 16:58:06 23.80 23.60 23.60 23.50 23.20 23.30 23.10 23.40 23.60 23.70 23.80 23.90 23.90 24.00 24.00 23.90 * 23.30 23.30 23.40 24.50 24.90 25.10 24.90 24.70 25.10 25.00 25.30 24.10 23.40 23.40 23.40 23.30 * 1
2018-01-16 16:58:07 23.90 23.70 23.70 23.60 23.20 23.40 23.20 23.40 23.50 23.60 23.70 23.80 23.80 23.80 23.90 23.80 * 23.30 23.30 23.40 24.60 25.00 25.10 25.00 24.80 25.10 25.00 25.20 24.00 23.40 23.40 23.30 23.30 * 1
2018-01-16 16:58:07 23.90 23.70 23.70 23.60 23.10 23.40 23.20 23.40 23.60 23.70 23.90 24.00 24.00 23.90 24.00 23.90 * 23.40 23.40 23.60 24.80 25.10 25.20 25.10 24.90 25.00 24.90 25.20 24.00 23.40 23.30 23.30 23.30 * 1
2018-01-16 16:58:07 23.90 23.60 23.60 23.60 23.20 23.40 23.20 23.40 23.60 23.80 23.90 24.00 23.90 24.00 24.10 23.90 * 23.40 23.40 23.60 24.80 25.10 25.20 25.00 24.80 24.90 24.80 25.10 24.00 23.30 23.20 23.20 23.20 * 1
2018-01-16 16:58:07 24.00 23.70 23.70 23.60 23.30 23.40 23.20 23.50 23.50 23.60 23.80 23.90 23.80 23.90 23.90 23.90 * 23.40 23.50 23.60 24.80 25.10 25.20 25.00 24.80 24.90 24.80 25.10 23.90 23.20 23.20 23.20 23.10 * 1
2018-01-16 16:58:08 23.90 23.60 23.60 23.60 23.20 23.30 23.20 23.40 23.60 23.60 23.80 23.90 23.90 23.90 24.00 23.90 * 23.40 23.50 23.50 24.80 25.10 25.20 25.10 24.90 24.90 24.80 25.00 23.90 23.20 23.20 23.20 23.10 * 1
2018-01-16 16:58:08 23.90 23.60 23.60 23.60 23.10 23.30 23.20 23.40 23.60 23.70 23.90 23.90 23.90 23.90 24.00 23.90 * 23.50 23.50 23.50 24.80 25.10 25.30 25.10 24.90 24.80 24.70 25.00 23.90 23.30 23.20 23.20 23.20 * 1
2018-01-16 16:58:08 23.90 23.60 23.60 23.60 23.10 23.30 23.20 23.40 23.60 23.70 23.90 23.90 23.90 23.90 24.00 24.00 * 23.50 23.50 23.50 24.90 25.10 25.30 25.10 24.90 24.80 24.70 25.00 23.80 23.30 23.20 23.20 23.10 * 1
2018-01-16 16:58:09 23.90 23.70 23.70 23.60 23.20 23.40 23.20 23.50 23.50 23.60 23.80 23.80 23.80 23.90 23.90 23.80 * 23.40 23.50 23.50 25.00 25.10 25.20 25.10 24.80 24.90 24.80 25.10 23.90 23.30 23.20 23.20 23.10 * 1
2018-01-16 16:58:09 23.90 23.70 23.60 23.60 23.20 23.40 23.20 23.40 23.60 23.70 23.80 23.90 23.90 23.90 23.90 23.90 * 23.40 23.40 23.50 24.90 25.10 25.20 25.00 24.80 25.00 25.00 25.20 24.00 23.30 23.30 23.30 23.20 * 1
2018-01-16 16:58:09 23.90 23.60 23.60 23.60 23.10 23.30 23.20 23.50 23.70 23.80 23.90 24.00 24.00 24.00 24.00 24.10 * 23.40 23.40 23.40 24.60 25.30 25.10 25.00 24.80 25.00 24.90 25.20 24.10 23.40 23.40 23.30 23.30 * 1
2018-01-16 16:58:09 23.80 23.60 23.60 23.60 23.10 23.30 23.10 23.50 23.60 23.80 23.90 23.90 23.90 23.90 24.00 24.00 * 23.30 23.30 23.40 24.40 25.50 25.10 24.90 24.70 25.10 25.00 25.30 24.20 23.40 23.40 23.40 23.40 * 1
2018-01-16 16:58:10 23.90 23.60 23.70 23.60 23.20 23.30 23.20 23.50 23.70 23.70 23.80 23.90 23.80 23.90 24.00 23.90 * 23.20 23.20 23.30 24.40 25.50 25.00 24.80 24.60 25.00 24.90 25.20 24.20 23.30 23.30 23.30 23.30 * 1
2018-01-16 16:58:10 23.90 23.60 23.60 23.60 23.20 23.30 23.20 23.40 23.70 23.80 24.00 24.00 24.00 24.10 24.10 24.10 * 23.20 23.30 23.30 24.50 25.60 25.10 24.90 24.70 24.90 24.90 25.20 24.10 23.30 23.20 23.20 23.20 * 1
2018-01-16 16:58:10 23.80 23.60 23.60 23.50 23.10 23.30 23.20 23.30 23.80 23.90 24.10 24.10 24.00 24.10 24.20 24.20 * 23.40 23.40 23.50 24.60 25.70 25.20 25.00 24.80 25.10 25.00 25.30 24.20 23.40 23.40 23.40 23.30 * 1
2018-01-16 16:58:10 23.90 23.60 23.70 23.60 23.20 23.40 23.20 23.50 23.70 23.80 24.00 24.00 23.90 24.00 24.10 24.10 * 23.20 23.30 23.40 24.50 25.60 25.10 24.90 24.70 25.00 24.90 25.20 24.20 23.30 23.30 23.30 23.20 * 1
2018-01-16 16:58:11 23.90 23.60 23.60 23.60 23.20 23.40 23.20 23.40 23.80 23.80 24.00 24.00 24.10 24.10 24.10 24.10 * 23.20 23.30 23.30 24.40 25.60 25.10 24.90 24.70 25.00 24.90 25.20 24.10 23.30 23.30 23.30 23.20 * 1
2018-01-16 16:58:11 23.90 23.60 23.60 23.60 23.20 23.40 23.20 23.40 23.90 23.80 24.00 24.00 24.00 24.10 24.10 24.10 * 23.30 23.40 23.40 24.50 25.70 25.20 25.00 24.80 25.10 25.00 25.30 24.20 23.40 23.40 23.40 23.30 * 1
2018-01-16 16:58:11 23.90 23.70 23.60 23.70 23.30 23.40 23.30 23.40 23.80 23.70 23.90 24.00 24.00 24.10 24.10 24.10 * 23.30 23.40 23.50 24.60 25.70 25.20 25.00 24.80 25.00 25.00 25.30 24.10 23.40 23.30 23.30 23.20 * 1
2018-01-16 16:58:12 23.80 23.60 23.60 23.60 23.20 23.40 23.20 23.40 23.70 23.60 23.90 23.90 23.90 23.90 24.00 23.90 * 23.30 23.50 23.50 24.60 25.70 25.20 25.00 24.80 24.90 24.90 25.20 24.00 23.30 23.20 23.20 23.10 * 1
2018-01-16 16:58:12 23.90 23.60 23.60 23.60 23.20 23.40 23.20 23.40 23.60 23.70 23.90 23.90 23.80 23.90 24.00 24.00 * 23.30 23.30 23.30 24.50 25.60 25.10 24.90 24.60 24.90 24.90 25.20 24.00 23.30 23.30 23.20 23.20 * 1
2018-01-16 16:58:12 23.90 23.60 23.70 23.60 23.20 23.40 23.20 23.50 23.60 23.70 23.90 23.90 23.90 24.00 24.00 24.00 * 23.20 23.20 23.20 24.40 25.50 25.00 24.80 24.50 25.00 24.90 25.20 24.20 23.40 23.40 23.30 23.30 * 1
2018-01-16 16:58:12 24.00 23.80 23.80 23.80 23.40 23.50 23.30 23.60 23.70 23.70 23.90 23.90 23.90 24.00 24.00 24.00 * 23.40 23.30 23.40 24.60 25.70 25.10 24.90 24.50 24.90 24.70 25.20 24.00 23.30 23.20 23.20 23.20 * 1
2018-01-16 16:58:13 24.00 23.70 23.70 23.70 23.30 23.50 23.30 23.50 23.70 23.70 23.90 23.90 23.90 24.00 24.00 24.00 * 23.30 23.30 23.40 24.60 25.60 25.10 24.90 24.50 24.90 24.70 25.20 23.90 23.30 23.30 23.20 23.10 * 1
2018-01-16 16:58:13 24.00 23.60 23.60 23.60 23.20 23.40 23.30 23.40 23.70 23.80 23.90 24.10 24.00 24.00 24.10 24.00 * 23.20 23.30 23.40 24.50 25.60 25.00 24.90 24.50 24.90 24.70 25.20 23.90 23.40 23.30 23.20 23.20 * 1
2018-01-16 16:58:13 23.80 23.50 23.60 23.60 23.20 23.30 23.20 23.30 23.70 23.80 24.00 24.10 24.00 24.10 24.10 24.10 * 23.30 23.40 23.40 24.50 25.60 25.00 24.90 24.50 25.00 24.80 25.30 23.80 23.40 23.30 23.20 23.20 * 1
2018-01-16 16:58:13 23.90 23.60 23.60 23.60 23.20 23.40 23.20 23.40 23.60 23.70 23.90 23.90 23.90 24.00 24.00 24.00 * 23.30 23.40 23.40 24.50 25.70 25.10 24.90 24.70 25.00 24.90 25.30 23.80 23.30 23.30 23.20 23.20 * 1
2018-01-16 16:58:14 23.80 23.60 23.70 23.60 23.20 23.40 23.20 23.50 23.60 23.70 23.80 23.90 23.80 24.00 23.90 23.90 * 23.20 23.20 23.30 24.40 25.60 25.00 24.80 24.60 24.90 24.70 25.20 23.70 23.20 23.20 23.10 23.10 * 1
2018-01-16 16:58:14 23.80 23.60 23.60 23.60 23.20 23.40 23.20 23.40 23.70 23.80 23.90 24.00 24.00 24.10 24.00 24.00 * 23.30 23.30 23.40 24.40 25.60 25.00 24.90 24.70 24.80 24.80 25.20 23.70 23.20 23.20 23.20 23.20 * 1
