2018-01-06 04:02:51 23.70 23.60 23.60 23.70 23.90 24.40 23.90 23.70 24.30 24.00 24.10 24.00 23.90 23.90 23.80 23.90 * 23.40 23.40 23.40 23.40 23.50 23.50 23.40 23.10 23.20 23.30 23.30 23.30 23.30 23.30 23.30 23.20 * 0
2018-01-06 04:02:51 23.80 23.70 23.70 23.80 24.00 24.50 23.90 23.60 24.30 24.00 24.00 24.00 23.80 23.90 23.80 23.90 * 23.40 23.40 23.40 23.40 23.50 23.50 23.30 23.10 23.20 23.30 23.40 23.40 23.30 23.30 23.30 23.10 * 0
2018-01-06 04:02:52 24.10 24.00 23.90 24.00 24.30 24.70 24.20 23.90 24.50 24.10 24.20 24.10 23.90 24.10 23.90 24.10 * 23.60 23.60 23.60 23.60 23.70 23.70 23.60 23.40 23.30 23.50 23.50 23.60 23.50 23.50 23.50 23.30 * 0
2018-01-06 04:02:52 24.20 24.10 24.00 24.10 24.40 24.80 24.30 24.10 24.60 24.20 24.30 24.20 24.00 24.10 24.00 24.10 * 23.60 23.60 23.70 23.60 23.70 23.60 23.60 23.40 23.40 23.40 23.50 23.50 23.50 23.40 23.40 23.40 * 0
2018-01-06 04:02:52 24.10 24.00 24.00 24.10 24.30 24.80 24.30 24.10 24.70 24.30 24.30 24.20 24.10 24.20 24.10 24.20 * 23.50 23.50 23.50 23.50 23.60 23.50 23.50 23.20 23.30 23.40 23.50 23.40 23.40 23.40 23.30 23.30 * 0
2018-01-06 04:02:53 24.10 24.00 23.90 24.10 24.30 24.70 24.20 24.10 24.50 24.10 24.20 24.10 24.00 24.10 24.00 24.10 * 23.40 23.40 23.40 23.50 23.50 23.50 23.30 23.20 23.20 23.40 23.40 23.40 23.30 23.30 23.20 23.20 * 0
2018-01-06 04:02:53 24.00 23.90 23.80 24.00 24.20 24.70 24.10 23.90 24.30 23.90 24.10 24.10 23.90 23.90 23.80 23.90 * 23.40 23.40 23.40 23.40 23.50 23.50 23.30 23.10 23.20 23.30 23.40 23.40 23.30 23.30 23.10 23.20 * 0
2018-01-06 04:02:53 23.80 23.80 23.80 23.80 24.10 24.50 24.00 23.80 24.30 24.00 24.10 24.10 23.90 24.00 23.80 23.90 * 23.20 23.20 23.30 23.20 23.30 23.30 23.20 22.90 23.30 23.30 23.40 23.30 23.40 23.40 23.20 23.20 * 0
2018-01-06 04:02:53 23.60 23.50 23.60 23.60 23.80 24.30 23.80 23.50 24.20 23.80 24.00 23.90 23.70 23.70 23.70 23.70 * 23.10 23.10 23.10 23.10 23.20 23.20 23.00 22.80 23.10 23.20 23.20 23.20 23.20 23.20 23.10 23.00 * 0
2018-01-06 04:02:54 23.70 23.60 23.70 23.70 24.00 24.40 23.90 23.50 24.00 23.70 23.80 23.80 23.60 23.70 23.60 23.50 * 23.20 23.20 23.20 23.20 23.30 23.30 23.10 23.00 22.80 23.00 23.10 23.10 23.00 23.00 22.90 22.80 * 0
2018-01-06 04:02:54 23.80 23.70 23.70 23.80 24.10 24.50 23.90 23.60 24.00 23.60 23.80 23.80 23.70 23.70 23.60 23.60 * 23.10 23.10 23.20 23.10 23.30 23.20 23.10 22.90 23.00 23.10 23.20 23.20 23.10 23.20 23.00 22.90 * 0
2018-01-06 04:02:54 23.70 23.60 23.60 23.70 24.00 24.50 23.80 23.60 24.20 23.80 23.90 23.90 23.80 23.90 23.70 23.80 * 23.30 23.20 23.30 23.30 23.40 23.30 23.10 23.00 23.10 23.20 23.30 23.30 23.20 23.20 23.10 23.00 * 0
2018-01-06 04:02:54 23.80 23.70 23.70 23.70 24.10 24.50 24.00 23.70 24.40 24.00 24.00 24.00 23.90 24.00 23.90 23.90 * 23.30 23.20 23.30 23.30 23.40 23.30 23.10 23.00 23.20 23.20 23.40 23.40 23.30 23.30 23.20 23.10 * 0
2018-01-06 04:02:55 23.90 23.70 23.70 23.70 24.10 24.50 24.00 23.80 24.30 24.00 24.00 23.90 23.90 24.00 23.80 23.90 * 23.20 23.20 23.20 23.30 23.40 23.30 23.10 22.90 23.20 23.30 23.40 23.40 23.30 23.30 23.30 23.20 * 0
2018-01-06 04:02:55 23.90 23.80 23.70 23.80 24.10 24.60 24.10 23.80 24.40 24.00 24.00 24.00 23.90 24.00 23.80 23.90 * 23.20 23.20 23.30 23.30 23.40 23.30 23.20 23.00 23.40 23.40 23.50 23.50 23.50 23.40 23.40 23.30 * 0
2018-01-06 04:02:55 23.80 23.70 23.70 23.80 24.10 24.50 24.00 23.70 24.40 24.00 24.00 24.00 24.00 24.00 23.90 23.80 * 23.20 23.20 23.30 23.30 23.50 23.40 23.20 23.10 23.30 23.40 23.50 23.40 23.50 23.40 23.30 23.30 * 0
2018-01-06 04:02:55 23.80 23.70 23.70 23.80 24.10 24.50 24.00 23.80 24.50 24.10 24.20 24.10 24.00 24.00 23.90 23.90 * 23.30 23.30 23.40 23.40 23.60 23.50 23.30 23.10 23.10 23.20 23.30 23.30 23.30 23.30 23.20 23.10 * 0
2018-01-06 04:02:56 23.80 23.80 23.80 23.90 24.10 24.60 24.10 23.80 24.20 23.90 24.00 23.90 23.80 23.90 23.70 23.80 * 23.40 23.40 23.40 23.40 23.50 23.40 23.30 23.10 23.10 23.20 23.30 23.30 23.20 23.20 23.10 23.10 * 0
2018-01-06 04:02:56 23.80 23.80 23.80 23.80 24.10 24.60 24.00 23.80 24.20 24.00 24.00 23.90 23.80 23.80 23.80 23.80 * 23.30 23.30 23.40 23.30 23.40 23.30 23.20 23.10 23.30 23.30 23.40 23.30 23.30 23.30 23.30 23.10 * 0
2018-01-06 04:02:56 23.70 23.70 23.70 23.80 24.00 24.50 24.00 23.70 24.30 24.00 24.10 24.00 23.90 23.90 23.90 24.00 * 23.40 23.40 23.40 23.40 23.50 23.50 23.30 23.20 23.20 23.20 23.40 23.20 23.30 23.20 23.20 23.00 * 0
2018-01-06 04:02:57 23.80 23.70 23.70 23.80 24.00 24.50 24.00 23.70 24.40 24.00 24.10 24.00 24.00 24.10 23.90 24.00 * 23.30 23.30 23.30 23.40 23.40 23.40 23.20 23.10 23.40 23.40 23.50 23.40 23.50 23.40 23.40 23.20 * 0
2018-01-06 04:02:57 23.80 23.80 23.80 23.80 24.10 24.60 24.00 23.80 24.30 23.90 24.00 23.90 23.90 24.00 23.80 23.90 * 23.10 23.20 23.20 23.30 23.30 23.30 23.20 23.00 23.30 23.40 23.50 23.50 23.50 23.40 23.40 23.30 * 0
2018-01-06 04:02:57 23.90 23.80 23.80 23.80 24.10 24.50 24.10 23.80 24.30 24.00 24.00 23.90 23.90 24.00 23.80 23.90 * 23.10 23.20 23.20 23.20 23.30 23.30 23.10 23.00 23.10 23.10 23.30 23.20 23.20 23.20 23.20 23.10 * 0
2018-01-06 04:02:57 23.80 23.80 23.80 23.80 24.10 24.50 24.00 23.80 24.30 24.10 24.10 24.00 23.90 24.00 23.80 24.00 * 23.20 23.20 23.20 23.20 23.20 23.20 23.10 22.90 23.20 23.10 23.20 23.30 23.20 23.20 23.10 23.00 * 0
2018-01-06 04:02:58 23.80 23.80 23.80 23.80 24.10 24.50 24.00 23.80 24.50 24.10 24.20 24.10 24.00 24.10 24.00 24.00 * 23.30 23.30 23.30 23.20 23.30 23.30 23.20 23.10 23.00 23.00 23.10 23.20 23.10 23.10 23.00 22.90 * 0
2018-01-06 04:02:58 23.90 23.80 23.70 23.80 24.10 24.60 24.00 23.80 24.20 23.90 24.00 23.90 23.80 23.90 23.70 23.80 * 23.30 23.30 23.30 23.30 23.40 23.40 23.30 23.10 22.90 23.00 23.10 23.20 23.10 23.10 23.00 22.80 * 0
2018-01-06 04:02:58 23.70 23.70 23.70 23.80 24.10 24.50 24.00 23.80 24.30 23.90 23.90 23.90 23.80 23.90 23.70 23.70 * 23.20 23.20 23.20 23.30 23.40 23.30 23.20 22.90 23.00 23.00 23.30 23.30 23.20 23.20 23.10 23.00 * 0
2018-01-06 04:02:58 23.60 23.70 23.70 23.70 24.00 24.40 23.90 23.70 24.40 24.00 24.10 24.00 23.90 24.00 23.80 23.90 * 23.40 23.40 23.40 23.40 23.40 23.40 23.30 23.10 23.10 23.20 23.40 23.30 23.20 23.20 23.20 23.10 * 0
2018-01-06 04:02:59 23.70 23.60 23.70 23.80 24.00 24.50 23.90 23.70 24.20 24.00 24.00 23.90 23.80 23.90 23.80 23.90 * 23.40 23.40 23.40 23.30 23.40 23.40 23.30 23.10 23.30 23.40 23.50 23.50 23.40 23.40 23.40 23.30 * 0
2018-01-06 04:02:59 23.70 23.60 23.70 23.70 24.00 24.50 24.00 23.70 24.10 23.90 23.90 23.80 23.80 23.90 23.70 23.80 * 23.20 23.20 23.30 23.20 23.30 23.20 23.10 23.00 23.30 23.40 23.50 23.50 23.50 23.40 23.30 23.20 * 0
2018-01-06 04:02:59 23.80 23.70 23.80 23.80 24.10 24.50 24.00 23.70 24.20 23.90 24.00 23.90 23.90 23.90 23.80 23.80 * 23.20 23.20 23.20 23.30 23.30 23.30 23.10 23.00 23.20 23.20 23.40 23.30 23.30 23.30 23.20 23.10 * 0
2018-01-06 04:03:00 23.90 23.80 23.80 23.80 24.10 24.50 24.00 23.80 24.30 24.00 24.00 23.90 23.90 24.00 23.80 23.80 * 23.10 23.20 23.20 23.20 23.20 23.30 23.10 22.90 23.20 23.20 23.40 23.30 23.30 23.30 23.20 23.10 * 0
2018-01-06 04:03:00 23.90 23.80 23.80 23.80 24.10 24.50 24.10 23.80 24.40 24.00 24.10 24.00 23.90 24.00 23.90 23.90 * 23.10 23.10 23.10 23.20 23.20 23.20 23.00 22.80 23.10 23.10 23.30 23.30 23.20 23.20 23.20 23.00 * 0
2018-01-06 04:03:00 23.90 23.80 23.80 23.80 24.10 24.60 24.10 23.80 24.40 24.00 24.20 24.00 23.90 24.00 23.90 24.00 * 23.20 23.20 23.20 23.20 23.30 23.30 23.10 22.90 23.00 23.00 23.20 23.20 23.10 23.10 23.00 22.90 * 0
2018-01-06 04:03:00 23.90 23.80 23.80 23.80 24.10 24.60 24.10 23.90 24.30 23.90 24.00 23.90 23.80 23.90 23.80 23.80 * 23.30 23.30 23.30 23.30 23.40 23.30 23.20 23.00 23.10 23.20 23.30 23.30 23.30 23.20 23.20 23.10 * 0
2018-01-06 04:03:01 23.80 23.70 23.70 23.70 24.00 24.50 24.00 23.80 24.40 24.00 24.10 24.00 23.90 24.00 23.90 23.90 * 23.30 23.40 23.40 23.40 23.40 23.40 23.20 23.10 23.30 23.40 23.40 23.50 23.40 23.40 23.30 23.20 * 0
2018-01-06 04:03:01 23.60 23.60 23.60 23.60 23.90 24.40 23.90 23.70 24.50 24.20 24.20 24.10 24.00 24.10 24.10 24.10 * 23.30 23.30 23.30 23.40 23.40 23.40 23.20 23.10 23.30 23.30 23.50 23.50 23.40 23.40 23.30 23.20 * 0
2018-01-06 04:03:01 23.70 23.70 23.70 23.80 24.00 24.50 24.00 23.80 24.20 23.90 24.00 23.90 23.80 23.80 23.70 23.80 * 23.10 23.10 23.10 23.20 23.20 23.20 23.00 22.90 23.40 23.40 23.60 23.50 23.40 23.50 23.40 23.20 * 0
2018-01-06 04:03:01 23.80 23.80 23.70 23.80 24.10 24.50 24.00 23.80 24.30 23.90 24.00 23.90 23.90 23.90 23.80 23.90 * 23.10 23.10 23.10 23.10 23.20 23.10 22.90 22.80 23.30 23.40 23.50 23.50 23.40 23.40 23.30 23.20 * 0
2018-01-06 04:03:02 23.90 23.70 23.80 23.80 24.10 24.50 24.10 23.80 24.40 24.00 24.10 24.00 23.90 24.00 23.80 23.90 * 23.20 23.20 23.10 23.20 23.30 23.20 23.10 22.90 23.30 23.40 23.60 23.50 23.40 23.40 23.40 23.30 * 0
2018-01-06 04:03:02 23.90 23.80 23.80 23.80 24.10 24.60 24.10 23.80 24.40 24.10 24.10 24.00 23.90 24.00 23.90 23.90 * 23.20 23.10 23.20 23.20 23.30 23.20 23.10 22.90 23.20 23.30 23.40 23.30 23.30 23.30 23.20 23.10 * 0
2018-01-06 04:03:02 23.90 23.80 23.80 23.80 24.10 24.60 24.10 23.90 24.40 24.00 24.00 23.90 23.90 24.00 23.90 23.90 * 23.20 23.20 23.30 23.20 23.30 23.30 23.20 23.00 23.00 23.10 23.30 23.20 23.10 23.10 23.10 23.00 * 0
2018-01-06 04:03:03 23.90 23.90 23.80 23.90 24.20 24.60 24.10 23.90 24.30 23.90 24.00 23.90 23.80 24.00 23.80 23.80 * 23.30 23.40 23.30 23.30 23.40 23.40 23.20 23.10 23.00 23.10 23.30 23.20 23.20 23.10 23.10 23.00 * 0
2018-01-06 04:03:03 23.80 23.80 23.70 23.80 24.10 24.50 24.00 23.70 24.40 24.00 24.10 24.10 23.90 24.00 23.90 24.00 * 23.50 23.40 23.50 23.40 23.50 23.50 23.30 23.20 23.30 23.30 23.40 23.40 23.30 23.30 23.30 23.10 * 0
2018-01-06 04:03:03 23.80 23.80 23.70 23.70 24.00 24.40 23.90 23.60 24.50 24.20 24.20 24.20 24.00 24.10 24.00 24.10 * 23.40 23.30 23.40 23.40 23.40 23.40 23.20 23.10 23.30 23.30 23.50 23.40 23.30 23.30 23.30 23.20 * 0
2018-01-06 04:03:03 23.70 23.70 23.70 23.70 24.00 24.50 24.00 23.70 24.20 23.90 24.00 23.90 23.80 23.90 23.80 23.80 * 23.10 23.20 23.20 23.20 23.20 23.20 23.00 22.90 23.30 23.30 23.50 23.40 23.30 23.30 23.30 23.20 * 0
2018-01-06 04:03:04 23.70 23.80 23.70 23.80 24.00 24.50 24.00 23.80 24.40 24.00 24.00 24.00 23.90 24.00 23.90 23.90 * 23.10 23.20 23.20 23.20 23.30 23.30 23.10 22.90 23.10 23.20 23.30 23.30 23.20 23.20 23.20 23.10 * 0
2018-01-06 04:03:04 23.70 23.70 23.70 23.70 24.00 24.50 24.00 23.80 24.40 24.10 24.00 24.00 23.90 24.00 23.90 24.00 * 23.10 23.20 23.20 23.20 23.30 23.20 23.00 22.90 23.30 23.30 23.40 23.30 23.20 23.30 23.20 23.20 * 0
2018-01-06 04:03:04 23.80 23.70 23.70 23.80 24.10 24.60 24.10 23.80 24.40 24.10 24.00 24.00 23.90 24.00 23.90 23.90 * 23.00 23.10 23.10 23.20 23.20 23.20 22.90 22.80 23.20 23.30 23.40 23.30 23.20 23.30 23.20 23.20 * 0
2018-01-06 04:03:04 23.90 23.80 23.80 23.90 24.20 24.70 24.10 23.90 24.30 24.00 24.00 24.00 24.00 23.90 23.90 24.00 * 23.10 23.20 23.20 23.20 23.30 23.20 23.00 22.90 23.00 23.10 23.20 23.10 23.10 23.10 23.10 22.90 * 0
2018-01-06 04:03:05 24.00 23.90 23.90 23.90 24.20 24.60 24.10 23.90 24.20 23.90 24.00 23.90 23.80 23.90 23.80 24.00 * 23.20 23.20 23.20 23.30 23.40 23.30 23.10 23.00 23.10 23.10 23.30 23.30 23.20 23.20 23.10 23.00 * 0
2018-01-06 04:03:05 23.90 23.80 23.70 23.80 24.10 24.50 24.00 23.80 24.40 24.00 24.10 24.00 23.90 24.00 23.90 24.00 * 23.40 23.40 23.40 23.40 23.50 23.40 23.30 23.10 23.10 23.10 23.30 23.20 23.20 23.20 23.10 23.10 * 0
2018-01-06 04:03:05 23.70 23.70 23.70 23.70 24.00 24.50 23.90 23.70 24.50 24.10 24.20 24.10 24.10 24.20 24.00 24.10 * 23.40 23.40 23.40 23.40 23.50 23.40 23.30 23.10 23.30 23.20 23.40 23.30 23.30 23.30 23.20 23.10 * 0
2018-01-06 04:03:05 23.70 23.70 23.70 23.70 24.10 24.50 23.90 23.70 24.30 23.90 23.90 23.90 23.80 23.90 23.80 23.80 * 23.10 23.10 23.20 23.20 23.20 23.20 23.10 22.90 23.30 23.30 23.50 23.40 23.30 23.40 23.30 23.20 * 0
2018-01-06 04:03:06 23.70 23.70 23.70 23.80 24.00 24.50 24.00 23.70 24.30 24.00 24.00 23.90 23.90 23.90 23.80 23.90 * 23.10 23.00 23.10 23.10 23.20 23.20 23.00 22.80 23.20 23.30 23.40 23.40 23.30 23.30 23.30 23.20 * 0
2018-01-06 04:03:06 23.70 23.70 23.70 23.70 24.10 24.50 24.00 23.70 24.40 24.10 24.10 24.00 23.90 23.90 23.80 23.90 * 23.20 23.10 23.20 23.20 23.30 23.20 23.10 22.80 23.30 23.40 23.50 23.50 23.40 23.40 23.40 23.30 * 0
2018-01-06 04:03:06 23.80 23.80 23.70 23.80 24.10 24.50 24.00 23.80 24.50 24.10 24.10 24.10 24.00 24.00 23.90 24.00 * 23.10 23.10 23.20 23.20 23.30 23.30 23.10 22.80 23.30 23.30 23.40 23.40 23.30 23.40 23.30 23.20 * 0
2018-01-06 04:03:07 23.90 23.80 23.70 23.90 24.10 24.60 24.00 23.80 24.40 24.10 24.10 24.00 24.00 24.00 23.90 23.90 * 23.20 23.20 23.30 23.30 23.30 23.30 23.10 23.00 23.10 23.00 23.20 23.20 23.10 23.20 23.10 22.90 * 0
2018-01-06 04:03:07 23.80 23.80 23.80 23.90 24.20 24.60 24.10 23.80 24.30 23.90 24.00 23.90 23.80 23.90 23.80 23.80 * 23.40 23.30 23.40 23.40 23.40 23.40 23.20 23.10 23.20 23.20 23.40 23.30 23.30 23.20 23.20 23.10 * 0
2018-01-06 04:03:07 23.80 23.80 23.70 23.80 24.10 24.60 24.10 23.80 24.30 23.90 24.10 24.00 23.90 24.00 23.90 23.90 * 23.30 23.30 23.30 23.30 23.40 23.30 23.20 23.10 23.20 23.20 23.40 23.30 23.40 23.30 23.20 23.20 * 0
2018-01-06 04:03:07 23.70 23.70 23.70 23.80 24.00 24.50 24.00 23.70 24.40 24.00 24.20 24.10 24.00 24.10 24.00 24.10 * 23.30 23.30 23.30 23.40 23.40 23.30 23.20 23.00 23.20 23.30 23.50 23.40 23.40 23.40 23.30 23.20 * 0
2018-01-06 04:03:08 23.70 23.70 23.70 23.80 24.00 24.50 23.90 23.70 24.20 23.90 24.00 24.00 23.90 24.00 23.90 23.90 * 23.10 23.10 23.10 23.20 23.20 23.20 23.10 22.90 23.40 23.40 23.60 23.50 23.50 23.50 23.40 23.30 * 0
2018-01-06 04:03:08 23.80 23.80 23.80 23.90 24.10 24.60 24.00 23.80 24.20 23.90 24.00 24.00 23.90 24.00 23.80 23.90 * 23.10 23.20 23.10 23.20 23.20 23.20 23.10 22.90 23.40 23.30 23.50 23.40 23.40 23.40 23.40 23.30 * 0
2018-01-06 04:03:08 23.90 23.90 23.90 23.90 24.20 24.60 24.10 23.90 24.30 23.90 24.00 23.90 23.90 24.00 23.80 23.80 * 23.20 23.30 23.20 23.30 23.30 23.30 23.10 22.90 23.20 23.30 23.50 23.40 23.40 23.30 23.30 23.20 * 0
2018-01-06 04:03:08 23.90 23.90 23.80 23.90 24.20 24.70 24.10 23.90 24.50 24.00 24.10 24.00 24.00 24.00 23.80 23.90 * 23.20 23.20 23.20 23.30 23.30 23.30 23.20 23.00 23.10 23.20 23.30 23.30 23.30 23.30 23.20 23.10 * 0
2018-01-06 04:03:09 23.80 23.80 23.70 23.80 24.10 24.60 24.00 23.80 24.50 24.10 24.20 24.10 24.10 24.10 24.00 24.10 * 23.30 23.30 23.30 23.30 23.40 23.30 23.20 23.00 23.10 23.10 23.20 23.20 23.20 23.20 23.10 23.00 * 0
2018-01-06 04:03:09 23.70 23.70 23.70 23.80 24.10 24.50 23.90 23.70 24.20 23.80 23.90 23.90 23.80 23.80 23.70 23.80 * 23.40 23.30 23.30 23.40 23.40 23.40 23.20 23.10 23.30 23.30 23.50 23.40 23.40 23.30 23.30 23.30 * 0
2018-01-06 04:03:09 23.80 23.70 23.80 23.90 24.10 24.60 24.00 23.80 24.40 23.90 24.00 24.00 23.90 23.90 23.80 23.90 * 23.30 23.30 23.20 23.30 23.40 23.30 23.10 22.90 23.30 23.40 23.50 23.50 23.50 23.40 23.30 23.30 * 0
2018-01-06 04:03:10 23.80 23.70 23.70 23.80 24.10 24.60 24.00 23.70 24.50 24.10 24.20 24.10 24.00 24.10 24.00 24.10 * 23.20 23.20 23.20 23.30 23.40 23.30 23.10 22.90 23.30 23.40 23.50 23.50 23.50 23.40 23.30 23.30 * 0
2018-01-06 04:03:10 23.70 23.70 23.70 23.80 24.10 24.50 24.00 23.70 24.30 24.00 24.00 24.00 23.90 24.00 23.80 23.80 * 23.00 23.10 23.10 23.20 23.20 23.10 23.00 22.80 23.30 23.30 23.50 23.50 23.40 23.40 23.30 23.30 * 0
2018-01-06 04:03:10 23.80 23.80 23.80 23.90 24.10 24.60 24.00 23.80 24.30 24.00 24.10 24.00 23.90 24.00 23.90 23.90 * 23.00 23.00 23.10 23.10 23.10 23.10 23.00 22.70 23.10 23.20 23.30 23.30 23.30 23.30 23.20 23.10 * 0
2018-01-06 04:03:10 23.90 23.90 24.00 24.00 24.20 24.70 24.20 23.90 24.30 24.00 24.00 23.90 23.90 23.90 23.80 23.90 * 23.10 23.10 23.20 23.20 23.30 23.20 23.10 22.80 23.20 23.30 23.30 23.30 23.30 23.30 23.30 23.10 * 0
2018-01-06 04:03:11 23.90 23.90 23.90 23.90 24.20 24.70 24.20 23.90 24.40 24.10 24.10 24.00 24.00 24.00 23.90 24.10 * 23.20 23.20 23.30 23.30 23.30 23.30 23.10 23.00 23.00 23.10 23.20 23.20 23.20 23.20 23.10 23.00 * 0
2018-01-06 04:03:11 24.00 23.90 23.90 23.90 24.30 24.70 24.20 23.90 24.50 24.10 24.20 24.10 24.00 24.10 24.00 24.20 * 23.20 23.20 23.20 23.20 23.30 23.20 23.10 23.00 23.00 23.10 23.20 23.20 23.10 23.20 23.10 22.90 * 0
2018-01-06 04:03:11 24.00 23.80 23.80 23.90 24.20 24.70 24.10 23.90 24.10 23.80 23.80 23.80 23.70 23.80 23.60 23.70 * 23.30 23.30 23.30 23.30 23.40 23.30 23.20 23.10 23.10 23.20 23.40 23.40 23.30 23.30 23.20 23.20 * 0
2018-01-06 04:03:11 23.90 23.80 23.80 23.90 24.10 24.60 24.00 23.90 24.40 24.00 24.10 24.00 24.00 24.10 23.90 24.00 * 23.40 23.40 23.40 23.40 23.60 23.50 23.30 23.20 23.20 23.20 23.40 23.40 23.30 23.30 23.20 23.20 * 0
2018-01-06 04:03:12 23.50 23.60 23.60 23.60 23.90 24.40 23.90 23.60 24.50 24.10 24.20 24.10 24.10 24.20 24.00 24.00 * 23.40 23.40 23.40 23.40 23.60 23.50 23.30 23.20 23.10 23.10 23.30 23.30 23.20 23.20 23.20 23.00 * 0
2018-01-06 04:03:12 23.50 23.60 23.60 23.60 23.90 24.40 23.80 23.60 24.20 23.90 24.00 23.90 23.80 23.90 23.80 23.80 * 23.30 23.20 23.30 23.30 23.40 23.30 23.20 23.00 23.20 23.30 23.50 23.40 23.40 23.30 23.30 23.20 * 0
2018-01-06 04:03:12 23.70 23.80 23.70 23.70 24.00 24.50 24.00 23.80 24.20 23.90 24.00 23.90 23.80 23.90 23.80 23.80 * 23.10 23.10 23.10 23.10 23.20 23.10 23.00 22.80 23.10 23.20 23.40 23.30 23.30 23.20 23.20 23.10 * 0
2018-01-06 04:03:12 23.90 23.90 23.80 23.80 24.10 24.60 24.10 23.90 24.30 24.00 24.00 23.90 23.80 23.90 23.80 23.90 * 23.20 23.20 23.20 23.20 23.30 23.20 23.10 22.90 23.20 23.30 23.50 23.40 23.40 23.30 23.30 23.20 * 0
2018-01-06 04:03:13 24.00 23.90 23.90 23.90 24.20 24.60 24.20 23.90 24.50 24.10 24.10 24.10 24.00 24.10 24.00 24.10 * 23.10 23.10 23.10 23.20 23.30 23.20 23.00 22.90 23.10 23.20 23.40 23.30 23.30 23.30 23.30 23.10 * 0
2018-01-06 04:03:13 23.80 23.80 23.70 23.80 24.00 24.50 24.00 23.80 24.40 24.00 24.10 24.00 24.00 24.10 23.90 24.00 * 23.10 23.20 23.10 23.20 23.20 23.20 23.00 22.80 23.00 23.00 23.20 23.20 23.10 23.10 23.10 23.00 * 0
2018-01-06 04:03:13 23.90 23.80 23.80 23.80 24.10 24.50 24.10 23.80 24.20 23.80 23.90 23.80 23.80 23.90 23.60 23.80 * 23.20 23.30 23.30 23.30 23.30 23.30 23.10 22.90 23.20 23.30 23.40 23.30 23.30 23.30 23.30 23.10 * 0
2018-01-06 04:03:13 23.90 23.80 23.80 23.80 24.00 24.50 24.10 23.80 24.40 24.00 24.10 24.00 24.00 23.90 23.80 24.00 * 23.50 23.40 23.50 23.50 23.60 23.50 23.40 23.20 23.30 23.40 23.50 23.40 23.50 23.50 23.40 23.30 * 0
2018-01-06 04:03:14 23.70 23.70 23.70 23.80 24.00 24.40 23.90 23.60 24.40 24.10 24.10 24.00 23.90 24.00 23.80 24.00 * 23.40 23.30 23.40 23.40 23.50 23.40 23.30 23.10 23.40 23.40 23.60 23.40 23.50 23.50 23.40 23.30 * 0
2018-01-06 04:03:14 23.70 23.70 23.70 23.80 24.00 24.50 23.90 23.60 24.30 24.00 24.00 23.90 23.90 23.90 23.80 23.90 * 23.10 23.10 23.20 23.10 23.20 23.20 23.00 22.80 23.40 23.40 23.50 23.40 23.50 23.40 23.40 23.30 * 0
2018-01-06 04:03:14 23.90 23.80 23.80 23.90 24.10 24.60 24.10 23.90 24.40 24.10 24.10 23.90 23.90 23.90 23.90 24.00 * 23.00 23.20 23.10 23.20 23.20 23.20 23.00 22.80 23.30 23.40 23.50 23.40 23.40 23.30 23.30 23.20 * 0
2018-01-06 04:03:14 23.80 23.70 23.80 23.80 24.10 24.50 24.10 23.80 24.30 24.00 24.10 23.90 23.90 23.90 23.80 24.00 * 23.20 23.20 23.20 23.20 23.30 23.30 23.10 22.90 23.30 23.40 23.40 23.40 23.30 23.30 23.30 23.10 * 0
2018-01-06 04:03:15 23.90 23.80 23.80 23.90 24.20 24.60 24.10 23.90 24.40 24.00 24.10 24.00 23.90 24.00 23.80 24.00 * 23.20 23.20 23.20 23.20 23.30 23.30 23.10 22.90 23.00 23.10 23.20 23.20 23.20 23.20 23.20 23.00 * 0
2018-01-06 04:03:15 24.10 24.00 23.90 24.00 24.30 24.70 24.20 24.10 24.10 23.80 23.90 23.90 23.80 23.80 23.70 23.70 * 23.30 23.30 23.30 23.30 23.50 23.40 23.20 23.00 22.90 23.00 23.10 23.10 23.10 23.10 23.10 22.90 * 0
2018-01-06 04:03:15 24.00 23.90 23.90 24.00 24.20 24.70 24.20 24.00 24.20 24.00 23.90 23.90 23.80 23.80 23.70 23.80 * 23.20 23.30 23.30 23.40 23.40 23.30 23.30 23.00 23.10 23.10 23.20 23.20 23.10 23.20 23.20 23.00 * 0
2018-01-06 04:03:16 23.90 23.80 23.90 23.80 24.10 24.60 24.10 23.80 24.40 24.20 24.10 24.10 24.00 24.00 24.00 24.10 * 23.20 23.30 23.20 23.30 23.30 23.20 23.20 23.00 23.10 23.20 23.30 23.20 23.20 23.20 23.20 23.00 * 0
2018-01-06 04:03:16 23.90 23.90 23.90 23.90 24.20 24.60 24.10 23.80 24.40 24.00 24.00 24.00 23.90 23.90 23.90 23.90 * 23.30 23.40 23.40 23.40 23.50 23.40 23.30 23.00 23.20 23.30 23.40 23.30 23.30 23.30 23.30 23.00 * 0
2018-01-06 04:03:16 23.90 23.80 23.90 23.90 24.20 24.60 24.10 23.70 24.40 24.10 24.10 24.00 23.90 24.00 23.90 23.80 * 23.30 23.30 23.30 23.40 23.40 23.40 23.20 23.00 23.20 23.30 23.50 23.40 23.40 23.40 23.30 23.20 * 0
2018-01-06 04:03:16 23.80 23.60 23.70 23.70 24.00 24.40 24.00 23.60 24.40 24.10 24.10 24.10 24.00 24.10 24.00 24.00 * 23.40 23.40 23.40 23.50 23.50 23.50 23.30 23.20 23.30 23.30 23.50 23.40 23.40 23.40 23.30 23.30 * 0
2018-01-06 04:03:17 23.80 23.80 23.80 23.80 24.10 24.50 24.10 23.80 24.30 24.00 24.10 24.00 23.90 24.00 23.90 23.90 * 23.20 23.30 23.30 23.30 23.40 23.30 23.20 23.00 23.50 23.40 23.60 23.50 23.60 23.50 23.40 23.40 * 0
2018-01-06 04:03:17 24.00 23.90 23.90 23.90 24.20 24.70 24.20 23.90 24.30 24.00 24.10 24.00 23.80 23.90 23.80 23.80 * 23.10 23.20 23.20 23.20 23.30 23.20 23.10 22.90 23.30 23.40 23.50 23.40 23.40 23.40 23.30 23.30 * 0
2018-01-06 04:03:17 24.00 23.90 23.90 24.00 24.20 24.70 24.20 24.00 24.30 24.00 24.10 24.00 23.90 23.90 23.80 23.90 * 23.30 23.20 23.40 23.30 23.40 23.30 23.20 23.10 23.30 23.40 23.50 23.40 23.40 23.40 23.30 23.20 * 0
2018-01-06 04:03:17 23.80 23.80 23.80 23.90 24.10 24.50 24.00 23.90 24.50 24.10 24.20 24.10 24.00 24.10 24.00 24.00 * 23.20 23.20 23.40 23.30 23.40 23.30 23.10 23.10 23.30 23.40 23.50 23.40 23.40 23.40 23.30 23.30 * 0
2018-01-06 04:03:18 23.80 23.70 23.80 23.90 24.10 24.50 24.00 23.80 24.40 24.10 24.10 24.10 23.90 24.10 23.90 24.00 * 23.40 23.40 23.50 23.50 23.50 23.50 23.30 23.20 23.20 23.30 23.40 23.30 23.30 23.40 23.20 23.20 * 0
2018-01-06 04:03:18 24.00 23.90 23.90 23.90 24.20 24.60 24.10 23.90 24.30 24.00 24.10 24.10 23.90 24.00 23.80 24.00 * 23.50 23.50 23.50 23.50 23.50 23.50 23.40 23.20 23.10 23.20 23.30 23.20 23.20 23.30 23.20 23.00 * 0
2018-01-06 04:03:18 23.80 23.80 23.70 23.80 24.10 24.50 24.00 23.80 24.40 24.00 24.20 24.10 23.90 24.00 23.90 24.00 * 23.30 23.30 23.40 23.30 23.40 23.40 23.30 23.00 23.10 23.30 23.30 23.30 23.20 23.20 23.20 23.00 * 0
2018-01-06 04:03:18 23.80 23.70 23.70 23.80 24.00 24.50 24.00 23.70 24.40 24.10 24.10 24.00 24.00 24.00 24.00 24.10 * 23.50 23.50 23.50 23.50 23.50 23.50 23.40 23.20 22.90 23.10 23.20 23.20 23.10 23.00 23.00 22.90 * 0
2018-01-06 04:03:19 23.90 23.80 23.80 23.90 24.10 24.60 24.10 23.90 24.30 23.90 24.00 23.90 23.80 23.90 23.80 23.90 * 23.40 23.30 23.40 23.40 23.40 23.40 23.30 23.10 23.10 23.20 23.50 23.40 23.30 23.20 23.20 23.00 * 0
2018-01-06 04:03:19 24.00 23.80 23.90 23.90 24.20 24.60 24.10 23.90 24.30 24.00 24.00 23.90 23.90 23.90 23.90 23.90 * 23.40 23.30 23.30 23.30 23.40 23.40 23.30 23.00 23.20 23.20 23.40 23.40 23.30 23.30 23.20 23.10 * 0
2018-01-06 04:03:19 23.90 23.70 23.70 23.80 24.10 24.50 24.00 23.80 24.40 24.10 24.10 24.10 23.90 24.00 23.90 24.00 * 23.30 23.30 23.30 23.30 23.30 23.30 23.20 23.00 23.30 23.30 23.40 23.40 23.40 23.30 23.20 23.10 * 0
2018-01-06 04:03:19 23.80 23.70 23.70 23.80 24.10 24.50 23.90 23.70 24.40 24.10 24.10 24.10 24.00 24.10 23.90 24.00 * 23.20 23.30 23.30 23.30 23.30 23.30 23.20 23.00 23.30 23.30 23.50 23.40 23.40 23.30 23.30 23.20 * 0
2018-01-06 04:03:20 23.80 23.70 23.70 23.80 24.10 24.60 24.00 23.80 24.30 24.00 24.10 23.90 23.80 23.80 23.80 23.90 * 23.40 23.40 23.40 23.40 23.50 23.50 23.30 23.20 23.30 23.20 23.40 23.40 23.30 23.20 23.30 23.10 * 0
2018-01-06 04:03:20 23.90 23.80 23.80 23.90 24.20 24.60 24.10 23.90 24.40 24.10 24.20 24.10 23.90 24.00 23.90 24.00 * 23.40 23.40 23.40 23.40 23.40 23.50 23.30 23.20 23.20 23.20 23.30 23.30 23.20 23.20 23.20 23.00 * 0
2018-01-06 04:03:20 23.60 23.70 23.70 23.70 24.00 24.50 23.80 23.60 24.30 24.00 24.10 24.00 23.90 24.00 23.90 24.00 * 23.30 23.30 23.40 23.40 23.40 23.40 23.20 23.10 23.20 23.30 23.40 23.30 23.30 23.30 23.30 23.10 * 0
2018-01-06 04:03:21 23.70 23.70 23.70 23.70 24.00 24.50 23.90 23.70 24.30 24.00 24.00 24.00 23.90 24.00 23.90 23.90 * 23.50 23.50 23.50 23.50 23.60 23.50 23.40 23.20 23.00 23.10 23.20 23.10 23.10 23.10 23.20 23.00 * 0
2018-01-06 04:03:21 23.90 23.90 23.80 23.80 24.10 24.60 24.10 23.90 24.30 24.00 24.00 24.00 23.90 24.00 23.80 23.90 * 23.30 23.30 23.30 23.40 23.40 23.40 23.30 23.10 23.10 23.20 23.30 23.20 23.20 23.20 23.20 23.10 * 0
2018-01-06 04:03:21 24.00 24.00 23.90 24.00 24.20 24.70 24.20 24.00 24.40 24.10 24.10 24.10 24.00 24.00 23.90 23.90 * 23.30 23.30 23.30 23.40 23.40 23.40 23.30 23.10 23.20 23.20 23.40 23.30 23.30 23.20 23.20 23.20 * 0
2018-01-06 04:03:21 23.90 23.90 23.90 24.00 24.20 24.60 24.10 23.90 24.40 24.20 24.20 24.10 24.00 24.10 24.00 24.10 * 23.30 23.30 23.20 23.30 23.40 23.30 23.20 23.00 23.10 23.20 23.30 23.30 23.30 23.20 23.20 23.10 * 0
2018-01-06 04:03:22 23.90 23.80 23.80 23.70 24.10 24.50 24.00 23.80 24.40 24.20 24.10 24.10 24.00 24.10 24.00 24.10 * 23.20 23.30 23.40 23.40 23.40 23.40 23.20 23.00 23.40 23.50 23.50 23.50 23.50 23.40 23.40 23.40 * 0
2018-01-06 04:03:22 23.90 23.80 23.80 23.80 24.20 24.60 24.00 23.90 24.30 24.00 24.10 24.00 23.90 23.90 23.90 24.00 * 23.40 23.50 23.40 23.50 23.50 23.50 23.40 23.20 23.40 23.40 23.50 23.50 23.50 23.40 23.40 23.40 * 0
2018-01-06 04:03:22 23.50 23.50 23.60 23.60 23.90 24.30 23.80 23.50 24.50 24.10 24.20 24.10 24.10 24.10 24.00 24.10 * 23.40 23.40 23.30 23.40 23.50 23.40 23.30 23.10 23.30 23.30 23.40 23.40 23.30 23.40 23.30 23.20 * 0
2018-01-06 04:03:22 23.60 23.60 23.50 23.60 23.90 24.30 23.90 23.50 24.40 24.00 24.10 24.00 24.00 24.10 23.90 24.00 * 23.30 23.30 23.30 23.40 23.40 23.40 23.20 23.10 23.20 23.30 23.40 23.30 23.30 23.30 23.20 23.20 * 0
2018-01-06 04:03:23 23.70 23.70 23.70 23.70 24.00 24.40 24.00 23.70 24.30 23.90 24.00 23.90 23.90 23.90 23.80 23.90 * 23.40 23.40 23.40 23.50 23.50 23.50 23.40 23.20 23.20 23.20 23.40 23.30 23.30 23.20 23.20 23.00 * 0
2018-01-06 04:03:23 23.80 23.70 23.80 23.90 24.10 24.60 24.10 23.90 24.30 24.00 24.00 24.00 23.90 23.90 23.80 23.80 * 23.40 23.40 23.30 23.40 23.50 23.40 23.30 23.10 23.10 23.20 23.40 23.30 23.20 23.20 23.20 23.00 * 0
2018-01-06 04:03:23 24.00 23.90 24.00 24.00 24.20 24.70 24.20 24.10 24.30 24.00 24.10 24.00 23.90 24.00 23.90 23.90 * 23.30 23.40 23.40 23.40 23.40 23.40 23.20 23.10 23.10 23.10 23.40 23.20 23.20 23.20 23.20 23.10 * 0
2018-01-06 04:03:23 23.90 23.90 23.90 23.90 24.20 24.70 24.10 23.90 24.50 24.20 24.10 24.10 24.00 24.10 24.00 24.00 * 23.20 23.30 23.30 23.30 23.30 23.30 23.10 23.10 23.00 23.00 23.20 23.20 23.10 23.10 23.00 22.90 * 0
2018-01-06 04:03:24 23.90 23.90 23.90 23.90 24.20 24.70 24.10 24.00 24.40 24.10 24.10 24.10 23.90 24.00 23.90 24.00 * 23.20 23.20 23.30 23.30 23.30 23.30 23.20 23.00 23.10 23.10 23.30 23.20 23.20 23.20 23.10 23.00 * 0
2018-01-06 04:03:24 23.90 23.90 23.90 23.90 24.20 24.70 24.10 23.90 24.10 23.90 24.00 23.90 23.80 23.80 23.70 23.70 * 23.50 23.50 23.50 23.50 23.60 23.50 23.40 23.20 23.20 23.30 23.40 23.30 23.30 23.20 23.20 23.10 * 0
2018-01-06 04:03:24 23.90 23.80 23.80 23.80 24.10 24.60 24.10 23.80 24.60 24.20 24.30 24.20 24.10 24.20 24.10 24.20 * 23.50 23.40 23.50 23.50 23.50 23.50 23.30 23.10 23.20 23.30 23.50 23.50 23.30 23.30 23.30 23.20 * 0
2018-01-06 04:03:25 23.70 23.60 23.70 23.70 24.00 24.40 23.90 23.70 24.40 24.10 24.10 24.10 23.90 24.00 23.90 24.10 * 23.50 23.40 23.50 23.50 23.50 23.50 23.40 23.20 23.20 23.30 23.50 23.50 23.40 23.40 23.40 23.30 * 0
2018-01-06 04:03:25 23.70 23.70 23.60 23.70 23.90 24.50 23.90 23.60 24.20 24.00 24.00 23.90 23.80 23.90 23.80 23.90 * 23.50 23.40 23.50 23.50 23.60 23.50 23.40 23.20 23.30 23.40 23.50 23.50 23.40 23.40 23.40 23.30 * 0
2018-01-06 04:03:25 23.80 23.80 23.80 23.80 24.10 24.70 24.10 23.90 24.30 24.00 24.00 24.00 23.90 23.90 23.80 23.90 * 23.30 23.30 23.40 23.40 23.50 23.40 23.20 23.10 23.20 23.40 23.40 23.40 23.30 23.30 23.30 23.10 * 0
