2018-01-06 04:40:01 23.70 23.70 23.60 23.70 24.10 24.50 24.00 23.70 24.30 24.00 24.00 24.00 23.90 24.00 23.90 23.90 * 23.30 23.30 23.30 23.30 23.40 23.30 23.20 23.10 23.30 23.40 23.50 23.40 23.40 23.40 23.40 23.20 * 0
2018-01-06 04:40:01 23.60 23.60 23.60 23.70 24.00 24.50 23.90 23.70 24.40 24.00 24.20 24.10 24.00 24.10 24.00 23.90 * 23.30 23.20 23.20 23.30 23.30 23.30 23.10 23.00 23.10 23.20 23.40 23.30 23.20 23.20 23.20 23.00 * 0
2018-01-06 04:40:01 23.60 23.60 23.50 23.60 23.90 24.40 23.70 23.60 24.30 24.00 24.10 24.00 23.90 24.00 23.90 24.00 * 23.30 23.20 23.30 23.30 23.30 23.30 23.10 22.90 23.10 23.10 23.40 23.30 23.20 23.20 23.20 23.00 * 0
2018-01-06 04:40:01 23.60 23.50 23.50 23.60 23.80 24.30 23.80 23.50 24.20 23.90 24.00 23.90 23.80 24.00 23.90 24.00 * 23.30 23.20 23.30 23.30 23.40 23.30 23.10 22.90 23.30 23.40 23.50 23.50 23.40 23.40 23.30 23.30 * 0
2018-01-06 04:40:02 23.60 23.50 23.50 23.60 23.80 24.30 23.80 23.60 24.30 24.00 24.00 24.00 23.90 24.00 23.90 23.90 * 23.20 23.20 23.30 23.30 23.30 23.30 23.20 23.00 23.30 23.40 23.40 23.50 23.40 23.40 23.30 23.20 * 0
2018-01-06 04:40:02 23.60 23.60 23.60 23.70 23.90 24.40 23.90 23.60 24.40 24.00 24.10 24.00 23.90 24.00 23.90 24.00 * 23.10 23.10 23.20 23.20 23.20 23.20 23.00 22.80 23.10 23.20 23.30 23.30 23.20 23.20 23.20 23.10 * 0
2018-01-06 04:40:02 23.80 23.90 23.80 23.90 24.10 24.70 24.10 23.90 24.40 24.00 24.10 24.00 23.90 24.00 23.90 23.90 * 23.00 23.10 23.10 23.10 23.10 23.20 23.00 22.80 23.20 23.20 23.40 23.40 23.30 23.20 23.20 23.10 * 0
2018-01-06 04:40:03 23.90 23.90 23.80 23.90 24.10 24.70 24.10 23.90 24.30 24.00 24.10 24.00 23.80 24.00 23.80 23.90 * 23.00 23.10 23.20 23.10 23.20 23.20 23.00 22.80 23.30 23.20 23.40 23.40 23.30 23.30 23.30 23.10 * 0
2018-01-06 04:40:03 23.90 23.80 23.80 23.80 24.10 24.70 24.00 23.90 24.60 24.20 24.20 24.10 24.10 24.10 24.10 24.00 * 23.10 23.10 23.20 23.20 23.30 23.20 23.00 22.90 23.20 23.20 23.40 23.40 23.30 23.30 23.20 23.10 * 0
2018-01-06 04:40:03 23.70 23.70 23.70 23.70 24.00 24.50 24.00 23.70 24.30 24.00 24.10 24.00 23.90 23.90 23.80 23.80 * 23.10 23.10 23.20 23.20 23.20 23.20 23.00 22.90 23.30 23.40 23.40 23.40 23.40 23.30 23.30 23.10 * 0
2018-01-06 04:40:03 23.70 23.70 23.70 23.70 24.00 24.40 24.00 23.70 24.20 23.90 24.00 23.90 23.80 23.80 23.70 23.70 * 23.20 23.20 23.30 23.30 23.30 23.30 23.10 22.90 23.40 23.40 23.50 23.40 23.40 23.40 23.30 23.20 * 0
2018-01-06 04:40:04 23.60 23.60 23.60 23.60 23.90 24.30 23.80 23.60 24.30 24.00 24.00 24.00 23.80 23.90 23.80 23.80 * 23.30 23.30 23.30 23.40 23.40 23.40 23.20 23.00 23.10 23.20 23.40 23.30 23.20 23.20 23.10 23.10 * 0
2018-01-06 04:40:04 23.60 23.60 23.60 23.60 23.90 24.30 23.80 23.60 24.50 24.10 24.10 24.10 24.00 24.00 24.00 24.00 * 23.40 23.40 23.40 23.50 23.50 23.40 23.40 23.20 23.20 23.20 23.40 23.30 23.20 23.20 23.10 23.10 * 0
2018-01-06 04:40:04 23.70 23.70 23.70 23.70 23.90 24.40 23.90 23.70 24.30 24.00 24.00 24.00 23.90 24.00 23.90 23.90 * 23.40 23.40 23.40 23.40 23.50 23.40 23.30 23.10 23.20 23.20 23.40 23.30 23.20 23.20 23.10 23.10 * 0
2018-01-06 04:40:04 23.70 23.60 23.60 23.70 23.90 24.40 23.90 23.70 24.30 24.00 24.00 24.00 23.90 24.00 23.80 23.90 * 23.50 23.50 23.40 23.40 23.50 23.50 23.30 23.10 23.00 23.10 23.20 23.10 23.10 23.10 23.10 22.90 * 0
2018-01-06 04:40:05 23.80 23.70 23.70 23.80 24.10 24.50 24.10 23.80 24.30 24.00 24.10 24.00 23.80 24.00 23.80 23.90 * 23.50 23.50 23.40 23.50 23.50 23.50 23.30 23.20 23.20 23.20 23.30 23.20 23.20 23.10 23.10 23.00 * 0
2018-01-06 04:40:05 23.80 23.70 23.70 23.80 24.00 24.50 24.00 23.70 24.30 24.00 24.10 24.00 24.00 24.00 23.90 23.90 * 23.20 23.20 23.20 23.30 23.30 23.30 23.20 23.00 23.30 23.30 23.40 23.30 23.30 23.20 23.20 23.10 * 0
2018-01-06 04:40:05 23.70 23.70 23.60 23.80 24.00 24.50 23.90 23.70 24.30 24.00 24.10 24.00 23.90 24.00 23.90 23.90 * 23.20 23.20 23.20 23.30 23.30 23.30 23.20 23.00 23.30 23.30 23.40 23.30 23.30 23.20 23.20 23.00 * 0
2018-01-06 04:40:05 23.70 23.70 23.60 23.70 24.00 24.50 23.90 23.60 24.40 24.10 24.10 24.10 24.00 24.00 23.90 23.90 * 23.20 23.20 23.30 23.30 23.30 23.30 23.20 23.00 23.20 23.10 23.20 23.20 23.20 23.20 23.10 22.90 * 0
2018-01-06 04:40:06 23.70 23.60 23.60 23.70 24.00 24.40 23.90 23.60 24.40 24.10 24.10 24.10 23.90 24.00 23.90 24.00 * 23.20 23.10 23.20 23.20 23.30 23.20 23.10 23.00 23.20 23.10 23.30 23.20 23.20 23.20 23.20 23.00 * 0
2018-01-06 04:40:06 23.70 23.70 23.70 23.80 24.00 24.50 23.90 23.70 24.40 24.00 24.10 24.00 23.90 24.00 23.90 23.90 * 23.30 23.30 23.40 23.30 23.40 23.40 23.30 23.10 23.00 23.10 23.30 23.20 23.10 23.10 23.10 22.90 * 0
2018-01-06 04:40:06 23.70 23.70 23.70 23.70 24.00 24.40 23.90 23.70 24.40 24.00 24.10 24.00 23.80 23.90 23.80 23.80 * 23.30 23.30 23.30 23.20 23.40 23.30 23.20 23.10 23.00 23.10 23.30 23.20 23.10 23.10 23.10 22.90 * 0
2018-01-06 04:40:07 23.70 23.70 23.60 23.70 24.00 24.40 23.90 23.60 24.40 24.10 24.10 24.00 24.00 24.00 23.90 23.90 * 23.30 23.30 23.20 23.20 23.40 23.30 23.20 23.10 23.00 23.10 23.30 23.20 23.20 23.10 23.20 22.90 * 0
2018-01-06 04:40:07 23.60 23.60 23.60 23.60 23.90 24.30 23.80 23.50 24.40 24.10 24.20 24.10 24.00 24.00 23.90 24.00 * 23.30 23.40 23.40 23.30 23.40 23.40 23.20 23.20 23.10 23.20 23.30 23.30 23.20 23.20 23.20 23.10 * 0
2018-01-06 04:40:07 23.60 23.60 23.60 23.60 23.90 24.30 23.80 23.50 24.30 24.00 24.10 24.10 23.90 23.90 23.80 23.90 * 23.30 23.30 23.40 23.30 23.50 23.40 23.20 23.20 23.20 23.20 23.40 23.40 23.30 23.30 23.20 23.10 * 0
2018-01-06 04:40:07 23.60 23.60 23.60 23.60 23.90 24.30 23.80 23.50 24.30 24.00 24.10 23.90 24.00 23.90 23.80 24.00 * 23.10 23.20 23.20 23.20 23.20 23.20 23.00 23.00 23.20 23.20 23.40 23.30 23.30 23.20 23.10 23.10 * 0
2018-01-06 04:40:08 23.70 23.60 23.60 23.70 24.00 24.40 23.90 23.60 24.30 24.00 24.10 24.00 23.90 24.00 23.80 23.90 * 23.10 23.20 23.20 23.20 23.20 23.30 23.00 22.90 23.10 23.10 23.20 23.20 23.10 23.10 23.10 23.00 * 0
2018-01-06 04:40:08 23.80 23.70 23.70 23.80 24.10 24.50 23.90 23.70 24.40 24.10 24.10 24.00 23.90 24.00 23.80 23.90 * 23.10 23.20 23.30 23.20 23.30 23.30 23.10 22.90 23.10 23.20 23.40 23.30 23.20 23.20 23.20 23.10 * 0
2018-01-06 04:40:08 23.80 23.70 23.70 23.70 24.00 24.50 24.00 23.70 24.50 24.10 24.20 24.20 24.10 24.10 24.00 24.00 * 23.20 23.30 23.20 23.30 23.30 23.30 23.20 23.10 23.10 23.20 23.40 23.30 23.20 23.20 23.20 23.20 * 0
2018-01-06 04:40:08 23.70 23.60 23.60 23.70 24.00 24.50 23.90 23.70 24.40 24.10 24.10 24.10 24.00 24.10 24.00 24.00 * 23.30 23.30 23.20 23.30 23.30 23.30 23.10 23.10 23.20 23.30 23.40 23.30 23.20 23.20 23.30 23.20 * 0
2018-01-06 04:40:09 23.70 23.60 23.60 23.70 24.00 24.50 23.90 23.70 24.40 24.10 24.10 24.10 23.90 24.10 23.90 24.00 * 23.20 23.20 23.20 23.20 23.20 23.20 23.10 23.00 23.30 23.30 23.50 23.40 23.30 23.30 23.30 23.20 * 0
2018-01-06 04:40:09 23.70 23.70 23.70 23.70 24.00 24.40 23.90 23.70 24.40 24.10 24.10 24.10 23.90 24.10 23.90 24.00 * 23.10 23.20 23.20 23.30 23.30 23.30 23.10 23.00 23.20 23.30 23.40 23.40 23.20 23.20 23.20 23.10 * 0
2018-01-06 04:40:09 23.70 23.60 23.70 23.70 23.90 24.40 23.90 23.70 24.40 24.10 24.20 24.10 24.00 24.10 24.00 24.00 * 23.20 23.20 23.20 23.30 23.30 23.30 23.10 23.00 23.20 23.30 23.40 23.40 23.30 23.20 23.20 23.10 * 0
2018-01-06 04:40:10 23.60 23.60 23.60 23.70 23.90 24.40 23.80 23.60 24.30 24.10 24.00 24.00 23.80 24.00 23.80 23.90 * 23.10 23.20 23.20 23.30 23.40 23.30 23.20 23.00 23.30 23.20 23.40 23.30 23.30 23.20 23.30 23.20 * 0
2018-01-06 04:40:10 23.50 23.50 23.50 23.60 23.90 24.40 23.80 23.50 24.40 24.10 24.10 24.00 23.90 24.10 23.90 23.90 * 23.20 23.30 23.30 23.30 23.40 23.30 23.20 23.10 23.20 23.20 23.40 23.30 23.20 23.20 23.20 23.10 * 0
2018-01-06 04:40:10 23.50 23.50 23.50 23.50 23.80 24.30 23.70 23.50 24.30 24.00 24.00 24.00 23.90 24.00 23.90 24.00 * 23.30 23.30 23.30 23.40 23.40 23.40 23.30 23.20 23.10 23.10 23.30 23.20 23.10 23.10 23.10 23.00 * 0
2018-01-06 04:40:10 23.80 23.70 23.70 23.70 24.00 24.50 23.90 23.70 24.20 24.00 24.00 24.00 23.90 23.90 23.90 23.80 * 23.30 23.20 23.20 23.20 23.40 23.30 23.20 23.10 23.10 23.20 23.30 23.20 23.20 23.20 23.10 23.00 * 0
2018-01-06 04:40:11 23.70 23.70 23.70 23.70 24.00 24.50 23.90 23.70 24.10 23.90 23.90 23.90 23.80 23.80 23.70 23.70 * 23.10 23.10 23.10 23.10 23.20 23.10 23.10 22.90 23.10 23.20 23.40 23.20 23.20 23.20 23.20 23.00 * 0
2018-01-06 04:40:11 23.60 23.60 23.60 23.60 23.90 24.30 23.80 23.60 24.30 23.90 24.00 23.90 23.80 23.80 23.80 23.80 * 23.00 23.10 23.10 23.10 23.20 23.10 23.00 22.90 23.20 23.20 23.40 23.30 23.30 23.20 23.20 23.10 * 0
2018-01-06 04:40:11 23.80 23.70 23.70 23.80 24.10 24.50 24.00 23.80 24.40 24.00 24.10 24.00 23.90 24.00 23.90 24.00 * 23.00 23.10 23.10 23.10 23.20 23.10 23.00 22.80 23.20 23.30 23.40 23.40 23.30 23.30 23.20 23.20 * 0
2018-01-06 04:40:11 23.70 23.70 23.70 23.70 24.00 24.50 23.90 23.70 24.40 24.10 24.10 24.10 24.00 24.10 24.00 24.00 * 23.00 23.10 23.20 23.20 23.20 23.10 23.10 22.90 23.20 23.30 23.40 23.30 23.20 23.20 23.20 23.10 * 0
2018-01-06 04:40:12 23.70 23.70 23.70 23.70 24.00 24.40 23.90 23.60 24.40 24.10 24.20 24.10 23.90 24.00 23.90 24.00 * 23.00 23.10 23.10 23.10 23.20 23.10 23.00 22.90 23.20 23.20 23.40 23.30 23.20 23.20 23.30 23.20 * 0
2018-01-06 04:40:12 23.70 23.70 23.70 23.70 24.00 24.40 23.90 23.60 24.40 24.10 24.10 24.00 24.00 24.00 23.90 24.00 * 23.20 23.20 23.30 23.20 23.30 23.30 23.20 23.00 23.10 23.10 23.30 23.20 23.10 23.10 23.20 23.10 * 0
2018-01-06 04:40:12 23.70 23.60 23.70 23.70 24.00 24.40 24.00 23.70 24.40 24.10 24.00 24.00 24.00 23.90 23.80 23.90 * 23.30 23.40 23.40 23.40 23.50 23.40 23.30 23.20 23.20 23.20 23.40 23.30 23.20 23.10 23.20 23.00 * 0
2018-01-06 04:40:13 23.70 23.70 23.80 23.80 24.10 24.50 24.00 23.90 24.50 24.10 24.20 24.10 24.00 24.10 24.00 24.00 * 23.30 23.20 23.40 23.30 23.30 23.30 23.20 23.00 23.20 23.30 23.40 23.30 23.20 23.20 23.20 23.10 * 0
2018-01-06 04:40:13 23.70 23.60 23.70 23.70 24.00 24.40 23.90 23.70 24.40 23.90 24.10 24.00 23.90 24.00 23.90 24.00 * 23.30 23.30 23.30 23.30 23.40 23.30 23.20 23.10 23.20 23.30 23.30 23.30 23.20 23.20 23.20 23.10 * 0
2018-01-06 04:40:13 23.60 23.60 23.60 23.70 23.90 24.40 23.80 23.60 24.30 24.00 24.10 24.00 23.90 23.90 23.80 23.90 * 23.30 23.30 23.30 23.30 23.40 23.30 23.20 23.10 23.30 23.30 23.40 23.30 23.30 23.30 23.30 23.20 * 0
2018-01-06 04:40:13 23.60 23.60 23.60 23.70 23.90 24.40 23.80 23.60 24.30 24.00 24.10 24.00 23.90 23.90 23.80 23.90 * 23.20 23.20 23.20 23.20 23.30 23.20 23.10 23.00 23.30 23.30 23.50 23.40 23.30 23.30 23.40 23.20 * 0
2018-01-06 04:40:14 23.80 23.70 23.70 23.80 24.00 24.50 24.00 23.70 24.40 24.00 24.10 24.00 24.00 24.00 23.90 23.90 * 23.00 23.10 23.10 23.10 23.20 23.10 23.10 22.90 23.20 23.20 23.20 23.20 23.20 23.20 23.20 23.10 * 0
2018-01-06 04:40:14 23.70 23.70 23.70 23.80 24.00 24.50 24.00 23.70 24.30 24.00 24.00 24.00 23.90 24.00 23.90 23.90 * 23.10 23.20 23.20 23.20 23.20 23.30 23.10 22.90 23.20 23.20 23.30 23.20 23.20 23.20 23.10 23.10 * 0
2018-01-06 04:40:14 23.70 23.70 23.60 23.70 24.00 24.50 23.90 23.70 24.40 24.00 24.10 24.10 23.90 24.00 23.80 23.90 * 23.20 23.10 23.20 23.20 23.30 23.30 23.10 22.90 23.10 23.20 23.30 23.20 23.20 23.20 23.10 23.00 * 0
2018-01-06 04:40:14 23.70 23.70 23.70 23.70 24.00 24.50 24.00 23.70 24.40 24.00 24.10 24.00 23.90 24.00 23.80 24.00 * 23.20 23.20 23.20 23.20 23.40 23.30 23.10 23.00 23.20 23.20 23.30 23.20 23.20 23.20 23.20 23.10 * 0
2018-01-06 04:40:15 23.70 23.60 23.60 23.70 24.00 24.40 23.90 23.70 24.40 24.00 24.10 24.00 23.90 24.00 23.90 23.90 * 23.30 23.30 23.30 23.30 23.40 23.30 23.20 23.00 23.20 23.20 23.30 23.30 23.20 23.20 23.20 23.10 * 0
2018-01-06 04:40:15 23.60 23.50 23.50 23.60 23.90 24.30 23.80 23.50 24.40 24.00 24.10 24.10 24.00 24.00 24.00 24.00 * 23.20 23.30 23.20 23.30 23.40 23.30 23.20 23.00 23.20 23.10 23.30 23.30 23.20 23.10 23.20 23.10 * 0
2018-01-06 04:40:15 23.60 23.50 23.50 23.50 23.80 24.30 23.70 23.50 24.40 24.00 24.00 24.00 23.90 23.90 23.90 23.90 * 23.20 23.30 23.20 23.30 23.40 23.30 23.20 23.00 23.20 23.10 23.40 23.30 23.20 23.10 23.20 23.10 * 0
2018-01-06 04:40:15 23.60 23.50 23.50 23.50 23.80 24.30 23.70 23.50 24.30 24.00 24.00 23.90 23.90 23.90 23.80 23.80 * 23.20 23.30 23.30 23.30 23.40 23.30 23.20 23.10 23.20 23.20 23.50 23.30 23.30 23.20 23.20 23.10 * 0
2018-01-06 04:40:16 23.70 23.70 23.70 23.70 24.00 24.50 23.90 23.70 24.40 24.00 24.20 24.00 23.90 24.00 23.90 23.90 * 23.20 23.20 23.20 23.30 23.40 23.30 23.10 23.00 23.20 23.20 23.30 23.30 23.20 23.20 23.20 23.10 * 0
2018-01-06 04:40:16 23.80 23.70 23.70 23.80 24.00 24.50 24.00 23.80 24.30 24.00 24.00 23.90 23.80 24.00 23.90 23.90 * 23.10 23.10 23.10 23.10 23.10 23.10 23.00 22.80 23.10 23.10 23.30 23.30 23.10 23.20 23.10 23.00 * 0
2018-01-06 04:40:16 23.90 23.70 23.80 23.80 24.10 24.60 24.00 23.80 24.40 24.00 24.10 24.00 23.80 24.00 23.90 23.90 * 23.20 23.20 23.20 23.20 23.20 23.20 23.10 22.90 23.00 23.10 23.20 23.20 23.10 23.10 23.00 22.90 * 0
2018-01-06 04:40:17 23.80 23.80 23.80 23.80 24.10 24.60 24.10 23.80 24.50 24.10 24.10 24.10 23.90 24.10 24.00 24.00 * 23.20 23.20 23.20 23.30 23.30 23.30 23.20 22.90 23.00 23.10 23.20 23.10 23.10 23.00 23.00 22.80 * 0
2018-01-06 04:40:17 23.70 23.70 23.70 23.70 24.10 24.50 24.10 23.80 24.30 23.90 24.00 24.00 23.90 24.00 23.70 23.90 * 23.20 23.20 23.20 23.30 23.30 23.20 23.10 22.90 23.00 23.00 23.10 23.10 23.00 23.00 23.00 22.80 * 0
2018-01-06 04:40:17 23.70 23.70 23.70 23.70 24.00 24.50 24.10 23.70 24.30 24.00 24.00 24.00 23.90 23.90 23.80 23.90 * 23.30 23.30 23.30 23.30 23.40 23.30 23.20 23.10 23.10 23.20 23.30 23.30 23.20 23.10 23.20 23.00 * 0
2018-01-06 04:40:17 23.70 23.70 23.60 23.70 24.00 24.40 23.90 23.70 24.40 24.10 24.10 24.00 23.90 24.00 24.00 24.00 * 23.30 23.30 23.30 23.30 23.40 23.30 23.20 23.10 23.00 23.20 23.30 23.30 23.20 23.10 23.20 23.00 * 0
2018-01-06 04:40:18 23.60 23.60 23.50 23.60 23.90 24.30 23.80 23.60 24.40 24.10 24.10 24.00 23.90 24.00 23.90 23.90 * 23.40 23.30 23.40 23.30 23.40 23.40 23.20 23.10 23.10 23.10 23.30 23.30 23.20 23.20 23.20 23.00 * 0
2018-01-06 04:40:18 23.40 23.40 23.40 23.60 23.80 24.30 23.70 23.40 24.40 24.00 24.00 24.00 23.90 24.00 23.90 23.90 * 23.40 23.30 23.30 23.30 23.40 23.40 23.30 23.10 23.20 23.30 23.40 23.40 23.30 23.30 23.30 23.20 * 0
2018-01-06 04:40:18 23.50 23.50 23.60 23.60 23.90 24.30 23.80 23.50 24.40 24.10 24.10 24.00 24.00 24.00 23.90 24.00 * 23.30 23.30 23.30 23.20 23.30 23.30 23.20 23.00 23.10 23.20 23.40 23.30 23.30 23.20 23.20 23.10 * 0
2018-01-06 04:40:18 23.70 23.60 23.70 23.70 24.00 24.50 24.00 23.60 24.40 24.10 24.10 24.00 24.00 24.00 23.90 24.00 * 23.10 23.20 23.20 23.20 23.30 23.20 23.10 22.90 23.10 23.20 23.40 23.30 23.30 23.20 23.20 23.00 * 0
2018-01-06 04:40:19 23.90 23.80 23.80 23.90 24.10 24.60 24.10 23.90 24.40 24.00 24.20 24.10 24.00 24.00 24.00 24.00 * 23.10 23.20 23.20 23.20 23.30 23.20 23.10 22.90 23.00 23.10 23.20 23.20 23.10 23.10 23.10 22.90 * 0
2018-01-06 04:40:19 23.80 23.70 23.70 23.80 24.00 24.50 24.00 23.80 24.40 24.10 24.20 24.10 24.00 24.10 24.00 24.10 * 23.10 23.10 23.20 23.20 23.30 23.20 23.10 22.90 23.00 23.10 23.20 23.20 23.10 23.00 23.10 22.90 * 0
2018-01-06 04:40:19 23.70 23.60 23.60 23.70 24.00 24.50 24.00 23.70 24.40 24.00 24.00 24.10 23.90 24.00 23.80 23.90 * 23.20 23.30 23.40 23.30 23.40 23.30 23.20 23.00 23.10 23.10 23.30 23.20 23.10 23.10 23.10 23.00 * 0
2018-01-06 04:40:20 23.70 23.70 23.60 23.70 24.10 24.50 24.00 23.70 24.30 24.00 24.10 24.00 24.00 24.00 23.80 23.90 * 23.30 23.30 23.30 23.40 23.40 23.30 23.20 23.00 23.10 23.20 23.30 23.20 23.20 23.10 23.10 23.00 * 0
2018-01-06 04:40:20 23.70 23.60 23.60 23.70 24.00 24.40 23.90 23.60 24.20 24.00 24.10 24.00 23.90 24.00 23.80 23.90 * 23.30 23.40 23.40 23.40 23.40 23.40 23.20 23.10 23.10 23.20 23.30 23.20 23.20 23.10 23.10 23.00 * 0
2018-01-06 04:40:20 23.60 23.50 23.50 23.60 23.90 24.40 23.70 23.50 24.30 24.00 24.10 24.00 23.90 24.00 23.80 23.90 * 23.30 23.40 23.40 23.40 23.40 23.40 23.20 23.10 23.30 23.30 23.40 23.40 23.30 23.20 23.30 23.20 * 0
2018-01-06 04:40:20 23.60 23.60 23.60 23.60 23.90 24.40 23.80 23.60 24.40 24.00 24.10 24.00 23.90 24.00 23.90 24.00 * 23.10 23.20 23.20 23.30 23.30 23.30 23.10 23.00 23.20 23.30 23.40 23.30 23.30 23.20 23.30 23.10 * 0
2018-01-06 04:40:21 23.70 23.60 23.70 23.70 24.00 24.40 23.90 23.70 24.40 24.00 24.10 23.90 23.90 24.00 23.90 23.90 * 23.10 23.10 23.10 23.10 23.20 23.20 23.00 22.90 23.20 23.20 23.40 23.20 23.20 23.20 23.20 23.10 * 0
2018-01-06 04:40:21 23.80 23.70 23.70 23.80 24.10 24.60 24.10 23.80 24.30 24.00 24.00 23.90 23.90 24.00 23.90 23.90 * 23.10 23.10 23.20 23.20 23.30 23.20 23.10 23.00 23.30 23.20 23.40 23.30 23.20 23.20 23.20 23.20 * 0
2018-01-06 04:40:21 23.80 23.70 23.70 23.70 24.10 24.50 23.90 23.80 24.30 24.00 24.00 24.00 23.90 24.00 23.90 24.00 * 23.10 23.10 23.10 23.10 23.20 23.20 23.00 22.90 23.20 23.20 23.40 23.30 23.20 23.30 23.30 23.10 * 0
2018-01-06 04:40:21 23.80 23.70 23.70 23.70 24.10 24.50 24.00 23.80 24.40 24.00 24.00 24.00 24.00 24.00 23.80 23.80 * 23.10 23.10 23.10 23.10 23.20 23.20 23.00 22.90 23.20 23.20 23.40 23.40 23.20 23.30 23.30 23.10 * 0
2018-01-06 04:40:22 23.90 23.70 23.70 23.80 24.10 24.60 24.10 23.80 24.40 24.00 24.00 24.00 24.00 24.00 23.80 23.80 * 23.20 23.20 23.20 23.20 23.30 23.30 23.10 22.90 23.20 23.20 23.30 23.30 23.20 23.20 23.20 23.10 * 0
2018-01-06 04:40:22 23.80 23.70 23.70 23.70 24.10 24.50 24.00 23.80 24.40 24.10 24.10 24.10 24.00 24.00 23.90 23.90 * 23.20 23.20 23.30 23.20 23.30 23.30 23.20 22.90 23.20 23.20 23.40 23.30 23.20 23.20 23.20 23.10 * 0
2018-01-06 04:40:22 23.80 23.70 23.70 23.70 24.10 24.50 24.00 23.80 24.40 24.10 24.10 24.10 24.00 24.00 23.90 24.00 * 23.30 23.30 23.30 23.30 23.40 23.30 23.20 22.90 23.10 23.20 23.40 23.30 23.30 23.20 23.20 23.10 * 0
2018-01-06 04:40:23 23.70 23.60 23.60 23.70 24.00 24.50 23.90 23.70 24.50 24.10 24.10 24.10 23.90 24.00 23.90 24.00 * 23.40 23.30 23.40 23.40 23.40 23.30 23.20 23.10 23.10 23.10 23.30 23.20 23.20 23.20 23.20 23.10 * 0
2018-01-06 04:40:23 23.60 23.60 23.60 23.70 24.00 24.40 23.90 23.60 24.50 24.10 24.10 24.10 24.00 24.00 24.00 23.90 * 23.30 23.30 23.30 23.20 23.40 23.30 23.20 23.10 23.20 23.10 23.30 23.30 23.20 23.20 23.30 23.20 * 0
2018-01-06 04:40:23 23.60 23.60 23.60 23.70 24.00 24.40 23.90 23.60 24.50 24.10 24.20 24.10 24.00 24.00 23.90 24.00 * 23.20 23.30 23.30 23.30 23.40 23.30 23.20 23.10 23.20 23.20 23.40 23.30 23.20 23.30 23.30 23.20 * 0
2018-01-06 04:40:23 23.70 23.60 23.60 23.70 23.90 24.40 23.90 23.60 24.40 24.10 24.20 24.00 23.90 24.00 23.90 24.00 * 23.10 23.20 23.20 23.20 23.30 23.20 23.10 22.90 23.20 23.30 23.40 23.30 23.30 23.30 23.20 23.10 * 0
2018-01-06 04:40:24 23.70 23.70 23.70 23.80 24.00 24.50 24.00 23.80 24.30 24.00 24.20 24.10 23.90 24.00 23.90 24.00 * 23.00 23.10 23.10 23.10 23.20 23.10 23.00 22.70 23.10 23.20 23.30 23.20 23.20 23.20 23.10 23.00 * 0
2018-01-06 04:40:24 23.80 23.80 23.80 23.80 24.10 24.60 24.00 23.80 24.30 23.90 24.10 24.00 23.90 24.00 23.80 23.90 * 23.00 23.00 23.00 23.00 23.20 23.00 22.90 22.80 23.10 23.20 23.30 23.20 23.20 23.10 23.10 23.00 * 0
2018-01-06 04:40:24 23.90 23.80 23.90 23.90 24.10 24.60 24.10 23.90 24.40 23.90 24.10 24.00 23.90 24.00 23.90 23.90 * 23.10 23.10 23.20 23.10 23.30 23.20 23.10 22.90 23.20 23.20 23.30 23.30 23.20 23.20 23.20 23.10 * 0
2018-01-06 04:40:24 23.90 23.90 23.80 23.90 24.20 24.60 24.10 23.90 24.50 24.00 24.20 24.10 24.00 24.10 24.00 24.10 * 23.20 23.20 23.20 23.10 23.30 23.30 23.10 22.90 23.20 23.20 23.30 23.30 23.20 23.20 23.20 23.10 * 0
2018-01-06 04:40:25 23.60 23.60 23.50 23.60 23.90 24.40 23.80 23.60 24.40 24.00 24.10 24.00 24.00 24.00 23.90 24.00 * 23.10 23.20 23.20 23.10 23.30 23.20 23.10 22.90 23.20 23.30 23.40 23.30 23.30 23.30 23.30 23.10 * 0
2018-01-06 04:40:25 23.60 23.50 23.50 23.60 23.90 24.40 23.80 23.60 24.40 24.00 24.10 24.00 23.90 23.90 23.90 23.90 * 23.20 23.20 23.30 23.30 23.30 23.20 23.20 23.00 23.30 23.40 23.50 23.40 23.30 23.40 23.40 23.30 * 0
2018-01-06 04:40:25 23.60 23.50 23.50 23.70 23.90 24.30 23.80 23.50 24.50 24.10 24.10 24.00 24.00 24.00 23.90 24.00 * 23.40 23.40 23.40 23.40 23.40 23.40 23.30 23.10 23.30 23.40 23.40 23.40 23.30 23.40 23.40 23.30 * 0
2018-01-06 04:40:25 23.60 23.60 23.60 23.70 24.00 24.40 23.90 23.50 24.40 24.00 24.00 24.00 24.00 24.00 23.80 24.00 * 23.30 23.30 23.30 23.40 23.40 23.40 23.20 23.10 23.30 23.40 23.40 23.40 23.40 23.30 23.30 23.20 * 0
2018-01-06 04:40:26 23.60 23.70 23.60 23.70 24.00 24.50 23.90 23.60 24.40 24.00 24.10 24.10 23.90 24.00 23.90 24.00 * 23.20 23.20 23.20 23.20 23.30 23.30 23.20 23.00 23.20 23.30 23.40 23.30 23.30 23.30 23.20 23.10 * 0
2018-01-06 04:40:26 23.70 23.70 23.80 23.80 24.10 24.50 24.00 23.70 24.30 24.00 24.10 24.10 23.90 24.00 23.90 24.00 * 23.10 23.10 23.20 23.10 23.20 23.20 23.10 22.90 23.10 23.10 23.30 23.20 23.20 23.10 23.10 22.90 * 0
2018-01-06 04:40:26 23.80 23.80 23.80 23.80 24.10 24.60 24.10 23.80 24.30 24.00 24.10 24.00 23.90 24.00 23.90 23.90 * 23.10 23.20 23.20 23.20 23.20 23.20 23.10 22.80 23.20 23.20 23.40 23.30 23.30 23.20 23.20 23.00 * 0
2018-01-06 04:40:26 23.80 23.70 23.80 23.80 24.10 24.60 24.10 23.80 24.50 24.10 24.10 24.00 24.00 24.00 24.00 23.90 * 23.20 23.20 23.20 23.20 23.30 23.20 23.10 22.90 23.20 23.20 23.30 23.30 23.30 23.30 23.20 23.00 * 0
2018-01-06 04:40:27 23.80 23.70 23.70 23.80 24.00 24.50 24.00 23.70 24.40 24.00 24.00 24.00 23.90 23.90 23.90 23.90 * 23.10 23.20 23.20 23.20 23.20 23.20 23.10 22.90 23.10 23.20 23.30 23.30 23.20 23.30 23.20 23.00 * 0
2018-01-06 04:40:27 23.60 23.50 23.50 23.60 23.90 24.40 23.80 23.50 24.30 23.90 23.90 24.00 23.90 23.80 23.70 23.70 * 23.10 23.20 23.20 23.20 23.30 23.20 23.10 22.90 23.30 23.30 23.50 23.40 23.40 23.30 23.30 23.20 * 0
2018-01-06 04:40:27 23.50 23.50 23.50 23.50 23.80 24.30 23.70 23.50 24.40 24.10 24.20 24.10 24.00 24.10 23.90 24.00 * 23.30 23.30 23.30 23.30 23.40 23.30 23.20 23.00 23.30 23.30 23.50 23.30 23.30 23.30 23.20 23.20 * 0
2018-01-06 04:40:27 23.50 23.50 23.50 23.60 23.80 24.30 23.70 23.40 24.40 24.00 24.10 24.00 23.90 24.00 23.90 23.90 * 23.30 23.30 23.30 23.30 23.40 23.30 23.30 23.10 23.30 23.30 23.50 23.40 23.30 23.30 23.30 23.20 * 0
2018-01-06 04:40:28 23.50 23.50 23.50 23.60 23.80 24.30 23.70 23.40 24.30 24.00 24.00 24.00 23.80 24.00 23.80 23.90 * 23.30 23.30 23.20 23.30 23.40 23.30 23.30 23.00 23.30 23.30 23.40 23.30 23.30 23.30 23.30 23.20 * 0
2018-01-06 04:40:28 23.50 23.50 23.50 23.50 23.80 24.20 23.70 23.50 24.30 24.00 24.00 24.00 23.90 24.00 23.90 23.90 * 23.30 23.30 23.30 23.30 23.40 23.30 23.30 23.10 23.20 23.20 23.30 23.20 23.20 23.20 23.20 23.00 * 0
2018-01-06 04:40:28 23.70 23.70 23.70 23.80 24.00 24.50 24.00 23.80 24.30 24.00 24.00 24.00 23.90 24.00 23.80 23.90 * 23.30 23.30 23.30 23.30 23.40 23.30 23.20 23.10 23.20 23.20 23.40 23.30 23.30 23.20 23.20 23.00 * 0
2018-01-06 04:40:29 23.80 23.80 23.80 23.90 24.10 24.50 24.10 23.90 24.30 24.00 24.10 23.90 23.90 23.90 23.90 23.90 * 23.10 23.20 23.20 23.20 23.30 23.20 23.10 22.90 23.20 23.10 23.40 23.30 23.20 23.20 23.20 23.00 * 0
2018-01-06 04:40:29 23.80 23.70 23.70 23.80 24.10 24.50 24.00 23.80 24.30 23.90 24.00 23.90 23.90 23.90 23.80 23.90 * 23.10 23.10 23.10 23.20 23.20 23.10 23.10 22.80 23.10 23.10 23.30 23.20 23.20 23.10 23.20 23.00 * 0
2018-01-06 04:40:29 23.60 23.60 23.60 23.70 24.00 24.50 23.80 23.70 24.30 23.90 24.00 24.00 23.80 23.90 23.70 23.90 * 23.10 23.20 23.10 23.20 23.20 23.20 23.10 22.90 23.20 23.30 23.40 23.40 23.30 23.30 23.30 23.20 * 0
2018-01-06 04:40:29 23.80 23.70 23.70 23.80 24.00 24.40 23.90 23.70 24.30 24.00 24.00 24.00 23.90 24.00 23.80 23.90 * 23.20 23.20 23.20 23.20 23.20 23.20 23.00 23.00 23.20 23.20 23.40 23.30 23.30 23.20 23.30 23.20 * 0
2018-01-06 04:40:30 23.70 23.60 23.60 23.70 24.00 24.40 23.90 23.60 24.40 24.10 24.10 24.10 24.00 24.00 23.90 24.00 * 23.20 23.20 23.10 23.20 23.20 23.20 23.10 22.90 23.20 23.30 23.40 23.30 23.30 23.20 23.30 23.10 * 0
2018-01-06 04:40:30 23.60 23.60 23.60 23.60 23.90 24.30 23.90 23.50 24.30 24.00 24.00 24.00 23.90 23.90 23.70 23.90 * 23.30 23.30 23.40 23.30 23.40 23.40 23.30 23.10 23.20 23.30 23.40 23.40 23.30 23.30 23.30 23.20 * 0
2018-01-06 04:40:30 23.50 23.50 23.50 23.60 23.80 24.30 23.80 23.50 24.30 24.00 24.00 24.00 23.80 23.90 23.70 23.90 * 23.30 23.40 23.40 23.40 23.40 23.40 23.30 23.10 23.10 23.20 23.30 23.30 23.20 23.20 23.20 23.10 * 0
2018-01-06 04:40:30 23.60 23.60 23.60 23.60 23.80 24.30 23.70 23.50 24.30 24.00 24.00 24.00 23.80 23.90 23.80 23.80 * 23.40 23.40 23.40 23.40 23.50 23.40 23.40 23.10 23.00 23.10 23.30 23.20 23.20 23.10 23.10 23.10 * 0
2018-01-06 04:40:31 23.60 23.70 23.60 23.70 23.90 24.40 23.90 23.70 24.30 24.00 24.00 24.00 23.90 23.90 23.80 23.80 * 23.40 23.30 23.40 23.40 23.50 23.40 23.30 23.10 23.00 23.00 23.20 23.20 23.10 23.10 23.10 22.90 * 0
2018-01-06 04:40:31 23.60 23.70 23.60 23.70 23.90 24.40 23.80 23.60 24.30 23.90 24.00 23.90 23.80 23.90 23.70 23.80 * 23.20 23.30 23.30 23.30 23.40 23.40 23.30 23.10 23.00 22.90 23.10 23.10 23.00 23.00 22.90 22.80 * 0
2018-01-06 04:40:31 23.70 23.70 23.70 23.80 24.00 24.40 23.80 23.60 24.30 23.90 24.00 23.90 23.80 23.90 23.70 23.90 * 23.30 23.30 23.30 23.30 23.40 23.40 23.30 23.10 22.90 23.00 23.10 23.10 23.00 23.00 23.00 22.90 * 0
2018-01-06 04:40:31 23.90 23.80 23.70 23.90 24.10 24.50 24.00 23.70 24.30 23.90 24.00 23.90 23.80 23.90 23.70 23.90 * 23.30 23.30 23.30 23.30 23.40 23.40 23.20 23.10 22.90 23.10 23.20 23.10 23.00 23.10 23.10 23.00 * 0
2018-01-06 04:40:32 23.70 23.70 23.70 23.70 24.00 24.50 24.00 23.70 24.40 24.00 24.00 23.90 23.80 23.90 23.80 23.90 * 23.30 23.30 23.30 23.30 23.40 23.30 23.20 23.10 23.00 23.10 23.20 23.20 23.10 23.10 23.10 23.00 * 0
2018-01-06 04:40:32 23.70 23.70 23.60 23.60 23.90 24.40 23.90 23.70 24.40 24.00 24.10 24.00 24.00 23.90 23.90 23.90 * 23.20 23.30 23.20 23.20 23.30 23.20 23.10 23.00 23.20 23.20 23.30 23.30 23.20 23.20 23.10 23.10 * 0
2018-01-06 04:40:32 23.70 23.70 23.60 23.70 24.00 24.50 23.90 23.70 24.40 24.00 24.10 24.10 23.90 24.00 23.90 23.90 * 23.10 23.20 23.20 23.20 23.30 23.30 23.10 23.00 23.00 23.20 23.30 23.20 23.10 23.10 23.00 23.00 * 0
2018-01-06 04:40:33 23.80 23.70 23.70 23.70 24.00 24.50 23.90 23.70 24.40 24.00 24.10 24.00 23.90 24.00 23.80 24.00 * 23.30 23.30 23.30 23.30 23.40 23.40 23.20 23.20 22.90 23.10 23.20 23.10 23.10 23.00 23.10 22.90 * 0
2018-01-06 04:40:33 23.80 23.70 23.70 23.70 24.00 24.50 24.00 23.80 24.40 24.10 24.10 24.10 24.00 24.00 23.90 24.10 * 23.30 23.30 23.30 23.30 23.40 23.40 23.20 23.10 23.10 23.10 23.20 23.10 23.10 23.10 23.20 23.00 * 0
2018-01-06 04:40:33 23.70 23.60 23.60 23.70 23.90 24.30 23.90 23.60 24.50 24.10 24.10 24.10 23.90 24.00 23.90 24.00 * 23.20 23.20 23.30 23.20 23.40 23.30 23.20 23.00 22.90 23.00 23.10 23.10 23.10 23.00 23.00 22.90 * 0
2018-01-06 04:40:33 23.70 23.60 23.60 23.70 24.00 24.30 23.90 23.70 24.40 24.00 24.10 24.00 24.00 24.00 23.90 23.90 * 23.30 23.30 23.30 23.30 23.40 23.30 23.20 23.10 23.10 23.10 23.30 23.20 23.10 23.10 23.10 22.90 * 0
2018-01-06 04:40:34 23.70 23.60 23.60 23.70 24.00 24.40 23.90 23.70 24.50 24.10 24.20 24.10 24.00 24.00 23.90 23.90 * 23.40 23.40 23.50 23.40 23.50 23.40 23.40 23.20 23.20 23.30 23.40 23.20 23.20 23.20 23.20 23.10 * 0
2018-01-06 04:40:34 23.70 23.60 23.60 23.70 23.90 24.40 23.90 23.60 24.40 24.20 24.10 24.10 24.00 24.00 24.00 24.00 * 23.30 23.30 23.30 23.30 23.40 23.30 23.30 23.00 23.20 23.30 23.40 23.30 23.20 23.20 23.20 23.10 * 0
2018-01-06 04:40:34 23.60 23.50 23.60 23.60 23.80 24.30 23.80 23.50 24.30 24.10 24.10 24.00 23.90 24.00 23.90 23.90 * 23.20 23.30 23.20 23.30 23.40 23.30 23.20 23.00 23.10 23.20 23.40 23.20 23.20 23.20 23.20 23.10 * 0
2018-01-06 04:40:34 23.60 23.60 23.50 23.60 23.80 24.30 23.70 23.60 24.40 24.00 24.10 24.00 23.90 24.00 23.90 23.90 * 23.30 23.30 23.30 23.30 23.40 23.30 23.20 23.10 23.20 23.30 23.40 23.30 23.30 23.20 23.30 23.10 * 0
2018-01-06 04:40:35 23.70 23.70 23.60 23.60 23.90 24.30 23.90 23.60 24.50 24.10 24.20 24.10 24.00 24.20 24.00 24.00 * 23.20 23.20 23.20 23.20 23.30 23.30 23.10 23.00 23.20 23.40 23.40 23.30 23.30 23.30 23.20 23.20 * 0
