2018-01-06 04:04:34 24.00 23.90 23.80 23.90 24.20 24.60 24.10 23.90 24.50 24.10 24.20 24.00 24.00 24.10 23.90 24.00 * 23.10 23.20 23.30 23.30 23.40 23.30 23.10 23.00 23.10 23.20 23.30 23.30 23.20 23.10 23.10 23.00 * 0
2018-01-06 04:04:34 24.00 23.80 23.80 23.90 24.10 24.60 24.10 23.90 24.30 23.90 24.00 23.90 23.80 23.90 23.80 24.00 * 23.10 23.20 23.20 23.20 23.30 23.20 23.00 22.90 23.10 23.20 23.40 23.20 23.20 23.10 23.10 23.00 * 0
2018-01-06 04:04:34 23.80 23.70 23.80 23.80 24.10 24.50 24.00 23.80 24.30 24.00 24.10 24.00 23.90 23.90 23.80 24.00 * 23.10 23.20 23.20 23.20 23.30 23.20 23.00 22.90 23.00 23.10 23.30 23.10 23.10 23.10 23.10 22.90 * 0
2018-01-06 04:04:34 23.70 23.70 23.80 23.80 24.10 24.50 24.00 23.70 24.40 24.10 24.10 24.00 24.00 24.10 23.90 24.00 * 23.30 23.30 23.20 23.30 23.40 23.30 23.20 23.00 23.00 23.10 23.30 23.20 23.10 23.20 23.10 23.00 * 0
2018-01-06 04:04:35 23.70 23.60 23.70 23.80 24.00 24.50 24.00 23.60 24.30 24.00 24.00 23.90 23.90 23.90 23.80 23.90 * 23.20 23.30 23.30 23.30 23.40 23.40 23.20 23.10 23.20 23.30 23.40 23.40 23.30 23.20 23.20 23.10 * 0
2018-01-06 04:04:35 23.60 23.60 23.60 23.70 23.90 24.50 23.90 23.60 24.20 24.00 23.90 23.90 23.90 23.90 23.80 23.90 * 23.10 23.10 23.20 23.10 23.30 23.20 23.10 22.90 23.10 23.20 23.40 23.30 23.30 23.20 23.20 23.10 * 0
2018-01-06 04:04:35 23.80 23.70 23.70 23.80 24.00 24.50 24.00 23.80 24.20 24.00 24.00 24.00 23.90 23.90 23.80 23.90 * 23.20 23.20 23.30 23.20 23.30 23.30 23.10 23.00 23.20 23.30 23.40 23.30 23.30 23.30 23.20 23.10 * 0
2018-01-06 04:04:36 23.90 23.80 23.80 23.90 24.10 24.50 24.10 23.80 24.30 24.00 24.10 23.90 23.90 23.90 23.80 23.90 * 23.20 23.20 23.30 23.20 23.30 23.30 23.10 22.90 23.20 23.30 23.30 23.30 23.30 23.30 23.30 23.10 * 0
2018-01-06 04:04:36 23.90 23.90 23.90 23.90 24.20 24.60 24.10 23.80 24.40 24.10 24.10 24.00 24.00 24.10 23.90 24.00 * 23.20 23.20 23.30 23.20 23.30 23.30 23.20 23.00 23.20 23.20 23.30 23.30 23.30 23.20 23.20 23.10 * 0
2018-01-06 04:04:36 23.90 23.80 23.80 23.80 24.10 24.60 24.00 23.80 24.30 23.90 24.00 24.00 23.90 24.00 23.90 23.90 * 23.30 23.20 23.40 23.30 23.30 23.40 23.20 23.00 23.20 23.30 23.40 23.40 23.30 23.30 23.20 23.10 * 0
2018-01-06 04:04:36 23.80 23.80 23.80 23.80 24.10 24.50 24.10 23.70 24.20 23.80 24.00 23.90 23.80 23.90 23.70 23.80 * 23.30 23.20 23.30 23.30 23.30 23.30 23.20 23.00 23.10 23.20 23.40 23.30 23.20 23.20 23.20 23.10 * 0
2018-01-06 04:04:37 23.70 23.70 23.80 23.80 24.00 24.50 24.10 23.80 24.50 24.10 24.10 24.10 24.00 24.00 23.90 24.00 * 23.20 23.20 23.20 23.20 23.30 23.20 23.10 22.90 23.10 23.10 23.30 23.20 23.10 23.10 23.10 23.00 * 0
2018-01-06 04:04:37 23.70 23.60 23.60 23.70 23.90 24.40 24.00 23.70 24.30 24.00 24.00 24.00 23.90 24.00 23.90 23.90 * 23.30 23.30 23.30 23.30 23.40 23.30 23.20 23.10 23.20 23.30 23.40 23.30 23.30 23.30 23.30 23.20 * 0
2018-01-06 04:04:37 23.70 23.60 23.60 23.60 23.90 24.40 23.90 23.60 24.20 24.00 24.00 23.90 23.80 23.90 23.80 23.80 * 23.20 23.20 23.20 23.20 23.30 23.30 23.20 23.00 23.10 23.20 23.30 23.30 23.20 23.20 23.30 23.10 * 0
2018-01-06 04:04:37 23.70 23.70 23.70 23.70 24.00 24.50 23.90 23.70 24.40 24.10 24.10 24.00 24.00 24.00 23.90 23.90 * 23.20 23.20 23.20 23.20 23.30 23.30 23.20 23.00 23.10 23.20 23.30 23.30 23.20 23.20 23.20 23.00 * 0
2018-01-06 04:04:38 23.80 23.70 23.70 23.80 24.00 24.50 24.00 23.80 24.30 24.00 24.10 24.00 23.90 23.90 23.80 23.90 * 23.20 23.30 23.30 23.30 23.40 23.30 23.20 23.00 23.20 23.30 23.40 23.40 23.30 23.30 23.30 23.10 * 0
2018-01-06 04:04:38 23.80 23.90 23.80 23.90 24.10 24.60 24.10 23.90 24.20 23.90 24.10 24.00 23.90 23.90 23.80 23.90 * 23.20 23.20 23.30 23.30 23.40 23.30 23.20 23.00 23.20 23.10 23.30 23.30 23.20 23.20 23.20 23.10 * 0
2018-01-06 04:04:38 23.90 23.90 23.90 23.90 24.20 24.60 24.10 24.00 24.30 24.00 24.10 24.00 24.00 24.00 23.90 23.90 * 23.10 23.10 23.10 23.10 23.20 23.10 23.10 22.80 23.10 23.10 23.30 23.30 23.20 23.20 23.20 23.10 * 0
2018-01-06 04:04:38 24.00 23.80 23.90 23.90 24.20 24.70 24.10 23.90 24.30 24.10 24.00 24.00 24.00 24.00 23.90 23.90 * 23.20 23.20 23.20 23.20 23.30 23.20 23.10 22.80 23.10 23.20 23.30 23.30 23.20 23.20 23.20 23.10 * 0
2018-01-06 04:04:39 23.90 23.80 23.80 23.90 24.10 24.60 24.10 23.80 24.20 24.00 23.90 23.90 23.90 23.90 23.70 23.80 * 23.10 23.20 23.20 23.20 23.30 23.30 23.10 22.90 23.10 23.20 23.30 23.20 23.30 23.20 23.30 23.10 * 0
2018-01-06 04:04:39 23.80 23.70 23.80 23.80 24.10 24.60 24.00 23.80 24.50 24.10 24.20 24.10 24.00 24.00 24.00 24.00 * 23.10 23.10 23.10 23.20 23.30 23.20 23.10 22.90 23.00 23.10 23.20 23.20 23.10 23.10 23.10 23.00 * 0
2018-01-06 04:04:39 23.70 23.70 23.70 23.70 24.10 24.50 24.00 23.70 24.40 24.10 24.10 24.00 24.00 24.00 24.00 24.00 * 23.30 23.40 23.40 23.40 23.50 23.40 23.20 23.10 23.10 23.20 23.30 23.30 23.30 23.20 23.20 23.10 * 0
2018-01-06 04:04:40 23.70 23.60 23.60 23.70 24.00 24.40 24.00 23.70 24.30 23.90 24.00 23.90 23.90 24.00 23.80 23.90 * 23.50 23.50 23.50 23.40 23.50 23.50 23.30 23.20 23.10 23.20 23.30 23.30 23.30 23.20 23.20 23.10 * 0
2018-01-06 04:04:40 23.60 23.70 23.70 23.70 24.10 24.40 24.00 23.70 24.40 24.00 24.00 24.00 23.90 24.10 23.90 24.00 * 23.50 23.40 23.50 23.40 23.50 23.50 23.40 23.20 23.00 23.20 23.30 23.20 23.20 23.20 23.20 23.10 * 0
2018-01-06 04:04:40 23.80 23.70 23.70 23.80 24.10 24.50 24.00 23.80 24.30 24.00 24.10 24.00 23.90 24.00 23.80 23.90 * 23.30 23.30 23.50 23.40 23.50 23.40 23.30 23.20 23.10 23.20 23.30 23.20 23.20 23.20 23.20 23.20 * 0
2018-01-06 04:04:40 23.90 23.80 23.80 23.90 24.10 24.60 24.10 23.80 24.30 23.90 24.00 24.00 23.90 24.00 23.70 23.90 * 23.20 23.20 23.40 23.30 23.40 23.30 23.20 23.10 23.00 23.10 23.30 23.20 23.20 23.10 23.10 23.00 * 0
2018-01-06 04:04:41 23.90 23.90 23.90 23.90 24.20 24.60 24.10 23.90 24.40 24.00 24.10 24.00 24.00 24.00 23.90 24.00 * 23.40 23.30 23.40 23.40 23.40 23.40 23.30 23.10 23.10 23.20 23.30 23.20 23.20 23.10 23.20 23.00 * 0
2018-01-06 04:04:41 23.90 23.90 23.90 23.90 24.20 24.70 24.10 23.90 24.30 24.00 24.00 24.00 23.90 23.90 23.90 23.90 * 23.40 23.40 23.40 23.40 23.50 23.40 23.30 23.20 23.20 23.30 23.40 23.30 23.30 23.20 23.30 23.10 * 0
2018-01-06 04:04:41 23.80 23.80 23.80 23.90 24.20 24.60 24.10 23.80 24.30 23.90 24.00 23.90 23.90 23.90 23.80 23.80 * 23.20 23.40 23.40 23.30 23.40 23.30 23.20 23.10 23.10 23.20 23.30 23.30 23.30 23.10 23.20 23.10 * 0
2018-01-06 04:04:41 23.80 23.70 23.80 23.80 24.10 24.60 24.10 23.80 24.40 24.10 24.10 24.00 24.00 24.00 23.90 24.00 * 23.30 23.30 23.40 23.40 23.40 23.40 23.30 23.10 23.10 23.20 23.30 23.30 23.20 23.30 23.20 23.10 * 0
2018-01-06 04:04:42 23.80 23.70 23.70 23.70 24.10 24.60 24.10 23.80 24.30 24.00 24.00 24.00 23.90 24.00 23.90 24.00 * 23.40 23.40 23.40 23.40 23.50 23.40 23.30 23.10 23.20 23.20 23.40 23.30 23.30 23.30 23.30 23.20 * 0
2018-01-06 04:04:42 23.60 23.60 23.60 23.70 24.00 24.50 24.00 23.60 24.30 23.90 24.00 23.90 23.80 23.90 23.90 23.90 * 23.40 23.40 23.40 23.40 23.50 23.40 23.30 23.10 23.20 23.20 23.40 23.40 23.30 23.30 23.30 23.20 * 0
2018-01-06 04:04:42 23.80 23.70 23.70 23.80 24.10 24.60 24.00 23.80 24.30 24.00 24.00 24.00 23.90 24.00 23.90 23.90 * 23.30 23.40 23.40 23.40 23.50 23.30 23.30 23.10 23.20 23.20 23.40 23.30 23.30 23.20 23.30 23.10 * 0
2018-01-06 04:04:42 23.80 23.70 23.80 23.90 24.10 24.60 24.10 23.80 24.30 23.90 24.00 24.00 23.80 24.00 23.80 23.80 * 23.20 23.20 23.30 23.30 23.40 23.30 23.30 23.00 23.10 23.20 23.30 23.30 23.30 23.20 23.30 23.10 * 0
2018-01-06 04:04:43 23.80 23.80 23.80 23.90 24.10 24.60 24.10 23.80 24.30 24.00 24.00 24.00 23.80 24.00 23.80 23.90 * 23.10 23.20 23.20 23.20 23.30 23.20 23.20 22.90 23.10 23.10 23.20 23.20 23.20 23.20 23.20 23.10 * 0
2018-01-06 04:04:43 23.70 23.70 23.70 23.80 24.00 24.50 24.00 23.70 24.40 24.00 24.10 24.00 23.90 24.00 23.80 23.90 * 23.30 23.40 23.30 23.30 23.40 23.30 23.20 23.10 23.10 23.20 23.30 23.30 23.30 23.20 23.20 23.20 * 0
2018-01-06 04:04:43 23.80 23.70 23.70 23.80 24.00 24.60 24.00 23.70 24.40 24.10 24.10 24.00 23.90 24.00 23.80 23.90 * 23.30 23.30 23.30 23.30 23.40 23.20 23.20 23.00 23.20 23.20 23.30 23.30 23.30 23.20 23.20 23.10 * 0
2018-01-06 04:04:44 23.80 23.80 23.70 23.80 24.10 24.60 24.10 23.80 24.50 24.10 24.10 24.00 24.00 24.10 24.00 24.00 * 23.40 23.40 23.40 23.40 23.50 23.40 23.30 23.10 23.10 23.10 23.30 23.20 23.20 23.10 23.20 23.00 * 0
2018-01-06 04:04:44 23.80 23.80 23.70 23.80 24.10 24.50 24.10 23.80 24.40 24.10 24.10 24.00 23.90 24.00 23.90 23.90 * 23.40 23.50 23.40 23.40 23.50 23.50 23.30 23.20 23.10 23.20 23.30 23.30 23.30 23.20 23.30 23.20 * 0
2018-01-06 04:04:44 23.60 23.60 23.60 23.60 23.90 24.40 23.90 23.70 24.20 24.00 24.10 24.00 23.80 23.90 23.80 23.80 * 23.30 23.40 23.40 23.40 23.50 23.40 23.30 23.10 23.10 23.20 23.30 23.30 23.20 23.10 23.20 23.10 * 0
2018-01-06 04:04:44 23.80 23.70 23.70 23.80 24.10 24.50 24.00 23.80 24.30 24.00 24.10 24.10 24.00 24.00 23.90 24.00 * 23.40 23.40 23.50 23.50 23.50 23.50 23.40 23.20 23.10 23.10 23.30 23.30 23.10 23.10 23.20 23.10 * 0
2018-01-06 04:04:45 23.80 23.70 23.80 23.80 24.10 24.60 24.00 23.80 24.30 23.90 24.10 24.00 23.80 23.90 23.80 23.80 * 23.30 23.40 23.40 23.40 23.40 23.40 23.20 23.10 23.10 23.20 23.30 23.30 23.10 23.30 23.20 23.10 * 0
2018-01-06 04:04:45 23.90 23.80 23.80 23.80 24.10 24.60 24.10 23.80 24.50 24.10 24.30 24.00 24.00 24.00 23.90 24.00 * 23.30 23.30 23.30 23.30 23.40 23.30 23.10 23.00 23.30 23.30 23.50 23.40 23.40 23.30 23.40 23.30 * 0
2018-01-06 04:04:45 24.00 23.90 23.90 24.00 24.30 24.70 24.20 23.90 24.60 24.30 24.40 24.20 24.20 24.20 24.10 24.20 * 23.40 23.50 23.40 23.40 23.40 23.40 23.40 23.10 23.30 23.30 23.50 23.40 23.40 23.30 23.40 23.30 * 0
2018-01-06 04:04:45 24.10 24.00 24.00 24.00 24.40 24.80 24.30 24.10 24.60 24.10 24.20 24.20 24.10 24.10 24.00 24.10 * 23.30 23.40 23.40 23.40 23.40 23.40 23.30 23.10 23.30 23.30 23.50 23.50 23.50 23.40 23.40 23.40 * 0
2018-01-06 04:04:46 24.00 24.00 24.00 24.10 24.40 24.70 24.20 24.10 24.60 24.10 24.20 24.20 24.10 24.10 24.00 24.10 * 23.30 23.30 23.40 23.40 23.50 23.40 23.30 23.00 23.10 23.20 23.30 23.20 23.20 23.20 23.30 23.10 * 0
2018-01-06 04:04:46 24.00 24.00 24.00 24.00 24.30 24.70 24.20 24.00 24.50 24.10 24.20 24.10 24.00 24.00 24.00 24.10 * 23.30 23.40 23.40 23.30 23.40 23.40 23.20 23.10 23.10 23.20 23.40 23.30 23.20 23.20 23.30 23.20 * 0
2018-01-06 04:04:46 23.90 23.90 23.90 23.90 24.10 24.50 24.10 23.90 24.40 24.00 24.10 24.00 23.90 23.90 23.90 24.00 * 23.10 23.20 23.20 23.20 23.30 23.20 23.10 22.90 23.00 23.10 23.30 23.20 23.20 23.10 23.20 23.00 * 0
2018-01-06 04:04:47 23.60 23.60 23.60 23.70 24.00 24.50 23.80 23.60 24.20 23.90 24.00 23.90 23.90 23.90 23.80 23.80 * 23.00 23.10 23.10 23.10 23.10 23.10 23.00 22.80 22.80 22.90 23.10 23.00 23.00 22.90 23.00 22.80 * 0
2018-01-06 04:04:47 23.50 23.50 23.50 23.60 23.90 24.40 23.80 23.60 24.10 23.80 23.90 23.90 23.80 23.80 23.70 23.60 * 23.10 23.10 23.10 23.20 23.20 23.20 23.00 22.80 22.70 22.90 23.10 23.00 22.90 22.90 22.90 22.80 * 0
2018-01-06 04:04:47 23.70 23.60 23.60 23.70 23.90 24.40 23.90 23.60 24.10 23.80 23.80 23.80 23.70 23.80 23.60 23.60 * 23.00 23.10 23.10 23.10 23.20 23.20 23.00 22.80 23.10 23.10 23.20 23.20 23.20 23.10 23.10 23.00 * 0
2018-01-06 04:04:47 23.80 23.60 23.70 23.80 24.00 24.50 24.00 23.70 24.20 24.00 24.00 24.00 23.80 24.00 23.70 23.80 * 23.10 23.10 23.20 23.20 23.20 23.20 23.10 23.00 23.10 23.10 23.30 23.20 23.20 23.10 23.10 23.00 * 0
2018-01-06 04:04:48 23.80 23.70 23.70 23.80 24.10 24.50 24.00 23.80 24.40 24.00 24.10 24.00 23.90 24.00 23.90 23.90 * 23.20 23.20 23.20 23.20 23.30 23.20 23.10 23.00 23.10 23.20 23.40 23.30 23.30 23.30 23.20 23.10 * 0
2018-01-06 04:04:48 23.80 23.80 23.80 23.90 24.20 24.60 24.10 23.90 24.40 24.10 24.10 24.00 24.00 24.00 23.90 24.00 * 23.10 23.10 23.10 23.10 23.30 23.20 23.00 22.80 23.10 23.10 23.30 23.20 23.20 23.20 23.20 23.00 * 0
2018-01-06 04:04:48 24.00 23.90 23.90 24.00 24.20 24.80 24.20 24.00 24.50 24.10 24.20 24.10 24.00 24.10 24.00 24.00 * 23.10 23.10 23.10 23.20 23.30 23.20 23.00 22.90 23.10 23.10 23.30 23.30 23.20 23.20 23.20 23.00 * 0
2018-01-06 04:04:48 23.90 23.90 23.90 23.90 24.20 24.70 24.10 23.90 24.40 23.90 24.10 24.00 23.90 24.00 23.90 23.90 * 23.20 23.30 23.30 23.30 23.30 23.40 23.10 23.00 23.20 23.20 23.40 23.30 23.30 23.30 23.30 23.10 * 0
2018-01-06 04:04:49 23.70 23.70 23.70 23.80 24.00 24.50 24.00 23.80 24.40 23.90 24.00 24.00 24.00 24.00 23.80 24.00 * 23.20 23.20 23.20 23.30 23.30 23.30 23.20 23.00 23.10 23.20 23.30 23.30 23.20 23.20 23.20 23.10 * 0
2018-01-06 04:04:49 23.70 23.70 23.60 23.70 24.00 24.40 23.90 23.70 24.40 24.00 24.10 24.00 23.90 24.00 23.90 24.00 * 23.30 23.30 23.30 23.30 23.40 23.30 23.20 23.10 23.10 23.20 23.30 23.20 23.10 23.10 23.10 23.00 * 0
2018-01-06 04:04:49 23.90 23.80 23.70 23.80 24.10 24.50 24.00 23.80 24.30 23.90 23.90 23.90 23.90 23.90 23.90 23.90 * 23.30 23.30 23.30 23.30 23.40 23.30 23.20 23.00 23.20 23.20 23.40 23.30 23.30 23.20 23.20 23.10 * 0
2018-01-06 04:04:50 23.90 23.80 23.80 23.90 24.10 24.60 24.00 23.90 24.40 24.10 24.00 24.00 24.00 24.00 24.00 23.90 * 23.30 23.30 23.30 23.30 23.40 23.40 23.20 23.10 23.20 23.20 23.40 23.30 23.30 23.20 23.20 23.10 * 0
2018-01-06 04:04:50 23.80 23.70 23.70 23.80 24.10 24.50 23.90 23.80 24.40 24.00 24.10 24.00 23.90 24.00 23.90 23.90 * 23.20 23.20 23.20 23.30 23.40 23.30 23.20 23.00 23.20 23.30 23.40 23.40 23.30 23.20 23.30 23.20 * 0
2018-01-06 04:04:50 23.80 23.70 23.70 23.80 24.10 24.50 24.00 23.80 24.40 24.00 24.10 24.00 23.80 23.90 23.80 23.90 * 23.10 23.10 23.20 23.20 23.30 23.20 23.00 22.90 23.10 23.30 23.40 23.30 23.30 23.20 23.30 23.20 * 0
2018-01-06 04:04:50 23.80 23.80 23.80 23.90 24.10 24.60 24.10 23.90 24.40 24.00 24.10 24.00 23.90 24.00 23.80 24.00 * 23.10 23.10 23.10 23.10 23.30 23.20 23.00 22.80 23.20 23.20 23.50 23.40 23.40 23.30 23.30 23.20 * 0
2018-01-06 04:04:51 23.90 23.80 23.90 23.90 24.20 24.60 24.10 23.90 24.30 24.00 24.10 24.00 23.90 23.90 23.80 24.00 * 23.30 23.30 23.30 23.30 23.40 23.30 23.20 23.00 23.30 23.30 23.50 23.40 23.40 23.40 23.40 23.40 * 0
2018-01-06 04:04:51 23.90 23.90 23.80 23.90 24.10 24.60 24.10 23.80 24.30 24.10 24.10 24.00 23.90 23.90 23.90 23.90 * 23.30 23.30 23.40 23.30 23.40 23.30 23.20 23.00 23.20 23.20 23.30 23.30 23.20 23.20 23.20 23.10 * 0
2018-01-06 04:04:51 23.80 23.80 23.80 23.80 24.10 24.60 24.00 23.80 24.30 23.90 24.10 24.00 23.90 24.00 23.90 24.00 * 23.30 23.30 23.40 23.30 23.50 23.30 23.30 23.10 23.10 23.10 23.30 23.20 23.20 23.10 23.10 22.90 * 0
2018-01-06 04:04:51 23.70 23.60 23.60 23.70 24.00 24.40 23.90 23.70 24.30 23.80 24.00 23.90 23.80 23.90 23.70 23.80 * 23.30 23.30 23.40 23.40 23.40 23.40 23.30 23.00 23.10 23.20 23.30 23.30 23.20 23.20 23.20 23.10 * 0
2018-01-06 04:04:52 23.70 23.60 23.60 23.60 23.90 24.40 23.80 23.70 24.50 24.00 24.10 24.10 23.90 23.90 23.80 23.90 * 23.30 23.30 23.30 23.40 23.40 23.40 23.30 23.10 23.10 23.20 23.30 23.30 23.20 23.20 23.20 23.10 * 0
2018-01-06 04:04:52 23.70 23.70 23.60 23.70 24.00 24.50 23.90 23.70 24.60 24.20 24.20 24.10 24.00 24.00 24.00 24.00 * 23.30 23.30 23.30 23.40 23.40 23.40 23.30 23.10 23.20 23.30 23.40 23.40 23.30 23.30 23.30 23.30 * 0
2018-01-06 04:04:52 23.80 23.80 23.80 23.80 24.10 24.60 24.10 23.70 24.30 23.90 24.00 23.90 23.80 23.90 23.80 23.90 * 23.30 23.30 23.40 23.40 23.40 23.40 23.30 23.10 23.20 23.20 23.40 23.30 23.30 23.20 23.20 23.20 * 0
2018-01-06 04:04:52 23.70 23.60 23.70 23.80 24.10 24.50 24.00 23.70 24.40 24.00 24.10 24.10 23.90 24.00 24.00 24.00 * 23.20 23.30 23.30 23.30 23.30 23.30 23.20 23.00 23.10 23.20 23.30 23.20 23.10 23.20 23.20 23.00 * 0
2018-01-06 04:04:53 23.70 23.70 23.70 23.80 24.10 24.50 24.00 23.80 24.30 24.00 24.10 24.00 23.90 24.00 23.90 23.90 * 23.30 23.30 23.40 23.40 23.40 23.40 23.20 23.10 23.10 23.20 23.30 23.30 23.20 23.20 23.30 23.10 * 0
2018-01-06 04:04:53 23.90 23.80 23.90 23.90 24.20 24.60 24.10 23.90 24.30 23.80 24.00 23.90 23.90 23.90 23.70 23.80 * 23.40 23.40 23.40 23.40 23.40 23.40 23.30 23.00 23.00 23.20 23.20 23.20 23.20 23.20 23.20 23.00 * 0
2018-01-06 04:04:53 23.90 23.90 23.90 23.90 24.20 24.60 24.10 23.90 24.40 23.90 24.10 24.00 23.90 24.00 23.90 23.90 * 23.30 23.30 23.40 23.40 23.40 23.40 23.20 23.10 23.00 23.10 23.10 23.20 23.10 23.10 23.10 22.90 * 0
2018-01-06 04:04:53 23.80 23.70 23.70 23.80 24.00 24.60 24.00 23.70 24.20 24.00 24.00 24.00 23.80 23.90 23.70 23.80 * 23.40 23.30 23.40 23.40 23.40 23.40 23.20 23.20 23.10 23.20 23.20 23.30 23.20 23.20 23.20 23.10 * 0
2018-01-06 04:04:54 23.90 23.80 23.80 23.90 24.10 24.60 24.10 23.80 24.40 24.00 24.00 24.00 23.90 23.90 23.90 23.90 * 23.40 23.30 23.40 23.30 23.50 23.40 23.30 23.10 23.10 23.10 23.30 23.20 23.10 23.20 23.10 23.00 * 0
2018-01-06 04:04:54 23.90 23.90 23.80 23.90 24.10 24.60 24.10 23.80 24.50 24.20 24.20 24.10 24.00 24.10 24.00 24.00 * 23.30 23.40 23.40 23.50 23.50 23.40 23.30 23.20 23.00 23.10 23.30 23.20 23.10 23.10 23.10 23.00 * 0
2018-01-06 04:04:54 23.80 23.70 23.70 23.80 24.00 24.50 24.00 23.80 24.30 24.00 24.10 24.00 23.90 24.00 23.90 23.90 * 23.40 23.30 23.40 23.40 23.50 23.40 23.30 23.20 23.10 23.20 23.30 23.30 23.20 23.20 23.20 23.10 * 0
2018-01-06 04:04:55 23.70 23.60 23.70 23.80 24.00 24.50 24.00 23.70 24.40 24.10 24.10 24.10 23.90 24.10 23.90 24.00 * 23.40 23.30 23.40 23.40 23.50 23.40 23.20 23.10 23.10 23.20 23.30 23.30 23.30 23.20 23.30 23.10 * 0
2018-01-06 04:04:55 23.70 23.60 23.70 23.80 24.10 24.50 24.00 23.70 24.40 24.10 24.10 24.10 24.00 24.10 24.00 24.00 * 23.50 23.40 23.50 23.50 23.50 23.40 23.30 23.10 23.10 23.20 23.30 23.30 23.30 23.20 23.30 23.20 * 0
2018-01-06 04:04:55 23.70 23.70 23.70 23.80 24.10 24.50 24.00 23.70 24.40 24.10 24.10 24.00 24.00 24.00 24.00 23.90 * 23.40 23.40 23.40 23.50 23.50 23.40 23.40 23.20 23.10 23.30 23.40 23.40 23.20 23.30 23.20 23.10 * 0
2018-01-06 04:04:55 23.80 23.80 23.80 23.80 24.10 24.50 24.00 23.80 24.30 24.00 24.10 23.90 24.00 24.00 23.90 24.00 * 23.30 23.30 23.40 23.30 23.40 23.40 23.20 23.00 23.10 23.20 23.30 23.30 23.10 23.20 23.10 23.00 * 0
2018-01-06 04:04:56 23.90 23.80 23.80 23.90 24.10 24.50 24.10 23.80 24.20 24.00 24.00 24.00 23.80 23.90 23.80 23.80 * 23.40 23.40 23.40 23.40 23.50 23.40 23.20 23.00 23.10 23.10 23.30 23.20 23.20 23.20 23.20 23.00 * 0
2018-01-06 04:04:56 23.90 23.80 23.80 23.90 24.10 24.50 24.00 23.80 24.30 24.00 24.10 24.00 23.80 23.90 23.80 23.80 * 23.30 23.40 23.40 23.40 23.40 23.40 23.30 23.10 23.10 23.20 23.30 23.30 23.30 23.20 23.30 23.10 * 0
2018-01-06 04:04:56 23.90 23.80 23.90 23.90 24.20 24.60 24.10 23.80 24.40 24.10 24.20 24.10 23.90 24.00 23.90 24.00 * 23.20 23.40 23.40 23.30 23.40 23.40 23.30 23.10 23.00 23.10 23.20 23.20 23.20 23.10 23.10 23.00 * 0
2018-01-06 04:04:56 23.90 23.80 23.90 23.90 24.10 24.60 24.10 23.80 24.40 24.10 24.10 24.00 24.00 24.00 23.90 24.00 * 23.30 23.40 23.40 23.40 23.50 23.40 23.30 23.10 23.10 23.20 23.30 23.30 23.20 23.20 23.20 23.10 * 0
2018-01-06 04:04:57 23.70 23.70 23.70 23.70 24.00 24.50 23.90 23.70 24.30 23.90 24.00 23.90 23.90 23.90 23.70 23.80 * 23.20 23.30 23.30 23.30 23.40 23.30 23.20 23.00 23.20 23.30 23.40 23.40 23.30 23.30 23.30 23.20 * 0
2018-01-06 04:04:57 23.60 23.70 23.70 23.70 24.00 24.50 24.00 23.60 24.50 24.00 24.20 24.10 24.00 24.00 24.00 24.10 * 23.20 23.30 23.30 23.30 23.40 23.30 23.20 23.00 23.20 23.20 23.40 23.30 23.20 23.20 23.20 23.10 * 0
2018-01-06 04:04:57 23.60 23.60 23.70 23.70 23.90 24.40 23.90 23.60 24.40 24.00 24.10 24.00 24.00 24.00 23.90 24.00 * 23.30 23.30 23.30 23.40 23.50 23.30 23.20 23.10 23.00 23.10 23.30 23.20 23.10 23.00 23.10 23.00 * 0
2018-01-06 04:04:57 23.70 23.60 23.70 23.70 23.90 24.50 23.90 23.70 24.20 23.90 24.00 23.90 23.80 23.90 23.80 23.80 * 23.20 23.20 23.20 23.20 23.30 23.20 23.10 23.00 23.20 23.20 23.40 23.20 23.20 23.20 23.20 23.10 * 0
2018-01-06 04:04:58 23.70 23.70 23.70 23.70 24.00 24.50 23.90 23.70 24.30 24.00 24.10 24.00 23.90 24.00 23.90 23.90 * 23.20 23.20 23.30 23.30 23.40 23.30 23.20 23.00 23.10 23.10 23.30 23.20 23.20 23.20 23.20 23.10 * 0
2018-01-06 04:04:58 23.90 23.80 23.80 23.80 24.10 24.50 24.00 23.80 24.40 24.10 24.20 24.10 24.10 24.10 23.90 24.00 * 23.20 23.30 23.40 23.30 23.50 23.30 23.20 23.10 23.20 23.20 23.40 23.30 23.20 23.20 23.20 23.10 * 0
2018-01-06 04:04:58 23.90 23.80 23.80 23.90 24.10 24.60 24.10 23.80 24.50 24.10 24.10 24.00 24.00 24.00 23.90 24.00 * 23.10 23.20 23.20 23.20 23.30 23.20 23.00 22.90 23.10 23.20 23.30 23.30 23.20 23.10 23.20 23.00 * 0
2018-01-06 04:04:59 23.90 23.90 23.80 23.80 24.10 24.60 24.10 23.80 24.40 24.00 24.10 24.00 23.90 24.00 23.90 23.90 * 23.10 23.20 23.20 23.30 23.40 23.30 23.10 23.00 23.00 23.10 23.30 23.20 23.20 23.20 23.10 22.90 * 0
2018-01-06 04:04:59 23.90 23.80 23.80 23.80 24.10 24.50 24.10 23.80 24.30 24.00 24.10 23.90 23.90 24.00 23.90 23.90 * 23.00 23.10 23.20 23.20 23.30 23.20 23.10 22.90 23.10 23.10 23.30 23.30 23.20 23.20 23.20 23.10 * 0
2018-01-06 04:04:59 23.80 23.80 23.80 23.80 24.10 24.50 24.00 23.80 24.40 24.00 24.10 24.00 24.00 24.00 24.00 23.90 * 23.10 23.10 23.20 23.20 23.30 23.30 23.10 22.90 23.30 23.20 23.50 23.30 23.40 23.30 23.30 23.20 * 0
2018-01-06 04:04:59 23.80 23.80 23.70 23.80 24.10 24.50 24.10 23.80 24.40 24.00 24.10 24.00 24.10 24.00 24.00 24.00 * 23.30 23.20 23.30 23.30 23.40 23.40 23.20 23.00 23.20 23.20 23.40 23.30 23.30 23.30 23.20 23.20 * 0
2018-01-06 04:05:00 23.70 23.70 23.70 23.80 24.00 24.50 24.00 23.70 24.40 23.90 24.00 23.90 24.00 23.90 23.90 23.90 * 23.30 23.30 23.30 23.20 23.40 23.30 23.20 23.00 23.10 23.20 23.30 23.30 23.20 23.20 23.20 23.10 * 0
2018-01-06 04:05:00 23.60 23.60 23.70 23.70 24.00 24.40 23.90 23.60 24.40 24.00 24.10 24.00 24.00 24.00 23.90 24.00 * 23.20 23.20 23.20 23.20 23.30 23.30 23.20 23.00 23.10 23.10 23.40 23.30 23.20 23.20 23.10 23.10 * 0
2018-01-06 04:05:00 23.80 23.70 23.70 23.80 24.00 24.50 24.00 23.70 24.40 24.10 24.20 24.00 24.00 24.10 23.90 24.10 * 23.40 23.30 23.40 23.30 23.50 23.40 23.20 23.10 23.30 23.30 23.50 23.40 23.30 23.30 23.30 23.20 * 0
2018-01-06 04:05:00 23.70 23.80 23.70 23.90 24.00 24.60 24.10 23.80 24.50 24.10 24.20 24.00 23.90 24.00 24.00 24.00 * 23.30 23.20 23.30 23.30 23.50 23.30 23.10 23.10 23.40 23.50 23.60 23.50 23.40 23.40 23.40 23.30 * 0
2018-01-06 04:05:01 23.80 23.80 23.70 23.90 24.10 24.50 24.00 23.80 24.40 24.00 24.00 24.00 23.90 23.90 23.90 23.90 * 23.20 23.20 23.30 23.30 23.40 23.30 23.10 23.00 23.20 23.20 23.40 23.20 23.20 23.20 23.20 23.10 * 0
2018-01-06 04:05:01 23.80 23.90 23.80 23.80 24.10 24.50 24.00 23.90 24.30 23.90 24.00 24.00 23.80 23.90 23.80 23.90 * 23.30 23.30 23.40 23.30 23.40 23.30 23.20 23.10 23.10 23.10 23.20 23.20 23.20 23.10 23.10 23.10 * 0
2018-01-06 04:05:01 23.90 23.90 23.90 23.90 24.10 24.60 24.10 23.90 24.40 24.00 24.00 24.00 23.90 23.90 23.80 24.00 * 23.30 23.30 23.30 23.40 23.40 23.40 23.30 23.10 23.10 23.10 23.20 23.20 23.10 23.10 23.10 23.10 * 0
2018-01-06 04:05:02 23.90 23.90 23.80 23.90 24.20 24.60 24.10 23.90 24.40 24.00 24.10 24.00 23.80 24.00 23.90 24.00 * 23.40 23.40 23.50 23.50 23.50 23.50 23.40 23.20 23.20 23.10 23.30 23.30 23.20 23.20 23.20 23.10 * 0
2018-01-06 04:05:02 23.80 23.80 23.80 23.80 24.10 24.60 24.10 23.90 24.30 23.90 24.00 23.90 23.80 23.90 23.80 23.90 * 23.30 23.30 23.40 23.30 23.40 23.30 23.20 23.00 23.20 23.30 23.40 23.40 23.30 23.30 23.30 23.20 * 0
2018-01-06 04:05:02 23.70 23.70 23.60 23.70 24.00 24.50 24.00 23.80 24.40 24.00 24.10 24.00 24.00 24.00 23.90 24.00 * 23.20 23.10 23.20 23.20 23.30 23.20 23.10 22.90 23.30 23.30 23.40 23.30 23.30 23.30 23.30 23.20 * 0
2018-01-06 04:05:02 23.70 23.60 23.60 23.70 24.00 24.40 23.90 23.70 24.50 24.10 24.20 24.10 24.00 24.10 23.90 24.00 * 23.30 23.30 23.30 23.40 23.40 23.40 23.20 23.10 23.40 23.30 23.50 23.40 23.40 23.40 23.30 23.30 * 0
2018-01-06 04:05:03 23.80 23.70 23.70 23.80 24.10 24.60 24.10 23.80 24.40 24.10 24.20 24.10 23.90 24.10 23.90 24.00 * 23.30 23.30 23.30 23.40 23.30 23.40 23.20 23.10 23.40 23.30 23.50 23.50 23.40 23.40 23.40 23.30 * 0
2018-01-06 04:05:03 23.80 23.70 23.70 23.70 24.00 24.50 23.90 23.70 24.30 24.00 24.10 24.10 23.90 24.00 23.90 23.90 * 23.30 23.30 23.30 23.30 23.40 23.40 23.20 23.10 23.30 23.30 23.40 23.40 23.30 23.30 23.30 23.20 * 0
2018-01-06 04:05:03 23.70 23.60 23.60 23.70 23.90 24.40 23.80 23.70 24.40 24.00 24.10 24.10 23.90 23.90 23.90 24.00 * 23.30 23.30 23.40 23.40 23.50 23.40 23.30 23.10 23.20 23.20 23.30 23.30 23.20 23.30 23.30 23.10 * 0
2018-01-06 04:05:03 23.70 23.60 23.60 23.70 23.90 24.40 23.90 23.70 24.40 24.00 24.10 24.10 23.90 23.90 23.90 24.00 * 23.40 23.40 23.40 23.40 23.50 23.40 23.30 23.10 23.20 23.30 23.40 23.40 23.20 23.20 23.20 23.20 * 0
2018-01-06 04:05:04 23.70 23.70 23.70 23.70 24.00 24.50 24.00 23.80 24.50 24.10 24.20 24.10 24.00 24.10 24.00 24.00 * 23.40 23.40 23.40 23.40 23.50 23.50 23.40 23.10 23.10 23.10 23.30 23.30 23.20 23.10 23.10 23.00 * 0
2018-01-06 04:05:04 23.80 23.70 23.70 23.80 24.00 24.50 24.00 23.70 24.20 23.80 24.00 24.00 23.90 23.90 23.90 23.90 * 23.40 23.50 23.50 23.40 23.50 23.60 23.40 23.10 23.00 23.00 23.20 23.10 23.20 23.10 23.10 23.00 * 0
2018-01-06 04:05:04 23.70 23.60 23.60 23.60 23.90 24.40 23.80 23.60 24.30 23.90 24.10 23.90 23.80 23.90 23.90 23.80 * 23.40 23.40 23.40 23.40 23.50 23.50 23.30 23.20 23.10 23.10 23.30 23.20 23.20 23.20 23.20 23.10 * 0
2018-01-06 04:05:04 23.70 23.60 23.60 23.70 23.90 24.40 23.90 23.70 24.40 24.10 24.20 24.00 24.00 24.00 23.90 24.00 * 23.30 23.30 23.40 23.30 23.40 23.40 23.30 23.10 23.10 23.20 23.30 23.20 23.20 23.20 23.30 23.20 * 0
2018-01-06 04:05:05 24.00 23.90 23.90 23.90 24.10 24.70 24.10 23.80 24.40 24.00 24.10 24.00 23.90 24.00 23.90 23.90 * 23.30 23.30 23.30 23.30 23.40 23.30 23.30 23.00 23.20 23.30 23.40 23.30 23.30 23.30 23.30 23.20 * 0
2018-01-06 04:05:05 23.80 23.70 23.70 23.70 24.00 24.50 24.00 23.80 24.40 24.10 24.00 24.00 23.90 24.00 23.80 23.80 * 23.20 23.20 23.20 23.20 23.30 23.30 23.20 22.90 23.20 23.30 23.40 23.40 23.30 23.30 23.30 23.10 * 0
2018-01-06 04:05:05 23.80 23.70 23.70 23.70 24.00 24.50 24.00 23.70 24.40 24.10 24.10 24.00 24.00 24.00 23.90 23.90 * 23.20 23.20 23.30 23.30 23.30 23.20 23.20 23.00 23.20 23.30 23.40 23.30 23.30 23.30 23.30 23.10 * 0
2018-01-06 04:05:06 23.90 23.80 23.80 23.80 24.10 24.50 24.10 23.70 24.30 24.00 24.10 24.00 23.90 23.90 23.90 23.90 * 23.30 23.30 23.40 23.30 23.40 23.40 23.20 23.10 23.30 23.40 23.50 23.40 23.40 23.40 23.40 23.20 * 0
2018-01-06 04:05:06 23.90 23.90 23.90 23.90 24.10 24.60 24.10 23.90 24.40 24.10 24.10 24.00 23.90 23.90 23.90 23.90 * 23.30 23.40 23.40 23.40 23.40 23.40 23.20 23.10 23.30 23.30 23.50 23.40 23.30 23.40 23.40 23.30 * 0
2018-01-06 04:05:06 23.70 23.70 23.70 23.80 24.00 24.60 24.00 23.70 24.30 24.00 24.10 24.00 23.90 24.00 23.90 23.90 * 23.30 23.30 23.30 23.30 23.40 23.40 23.20 23.10 23.20 23.20 23.40 23.30 23.20 23.20 23.30 23.20 * 0
2018-01-06 04:05:06 23.80 23.70 23.70 23.80 24.00 24.50 24.00 23.70 24.30 24.00 24.00 24.00 23.90 24.00 24.00 23.80 * 23.30 23.30 23.40 23.40 23.40 23.40 23.30 23.10 23.20 23.30 23.40 23.30 23.30 23.30 23.30 23.20 * 0
2018-01-06 04:05:07 23.70 23.70 23.60 23.70 23.90 24.40 23.90 23.60 24.40 24.10 24.20 24.10 24.00 24.10 24.00 24.00 * 23.30 23.30 23.30 23.40 23.40 23.40 23.20 23.10 23.20 23.30 23.40 23.40 23.30 23.30 23.40 23.20 * 0
2018-01-06 04:05:07 23.80 23.80 23.70 23.80 24.10 24.50 24.00 23.80 24.40 24.10 24.20 24.10 24.00 24.00 24.00 24.00 * 23.20 23.30 23.30 23.30 23.40 23.30 23.20 23.10 23.20 23.20 23.40 23.30 23.30 23.30 23.30 23.20 * 0
2018-01-06 04:05:07 23.70 23.70 23.70 23.80 24.10 24.50 23.90 23.70 24.40 24.10 24.10 24.00 23.90 24.00 23.90 23.90 * 23.20 23.20 23.30 23.30 23.30 23.30 23.10 23.10 23.20 23.20 23.40 23.30 23.30 23.30 23.30 23.20 * 0
2018-01-06 04:05:07 23.70 23.70 23.60 23.70 24.00 24.50 23.90 23.70 24.40 24.10 24.10 24.00 23.90 24.00 23.80 23.90 * 23.30 23.30 23.30 23.40 23.40 23.30 23.20 23.10 23.30 23.30 23.50 23.40 23.30 23.30 23.40 23.20 * 0
2018-01-06 04:05:08 23.60 23.60 23.60 23.70 24.00 24.50 23.90 23.60 24.40 24.10 24.10 24.00 23.90 24.00 23.90 24.00 * 23.30 23.30 23.40 23.40 23.40 23.40 23.20 23.10 23.20 23.20 23.30 23.30 23.20 23.20 23.20 23.10 * 0
