2018-01-06 04:08:34 23.70 23.70 23.70 23.80 24.00 24.50 24.00 23.70 24.10 23.90 23.90 23.90 23.80 23.80 23.80 23.70 * 23.00 23.00 23.00 23.10 23.10 23.00 23.00 22.70 23.00 23.00 23.20 23.10 23.10 23.10 23.00 22.90 * 0
2018-01-06 04:08:34 23.70 23.80 23.70 23.80 24.00 24.50 24.00 23.70 24.10 23.80 23.90 23.90 23.70 23.70 23.60 23.60 * 22.90 23.00 23.00 23.00 23.10 23.00 22.90 22.70 23.10 23.10 23.30 23.20 23.10 23.20 23.10 23.00 * 0
2018-01-06 04:08:34 23.70 23.70 23.70 23.70 24.00 24.50 23.90 23.70 24.10 23.80 23.90 23.80 23.70 23.80 23.60 23.60 * 23.00 23.10 23.10 23.10 23.20 23.10 23.00 22.80 23.10 23.20 23.40 23.20 23.20 23.10 23.20 23.00 * 0
2018-01-06 04:08:34 23.50 23.50 23.50 23.60 23.90 24.40 23.80 23.50 24.30 24.00 24.20 24.00 24.00 24.00 23.90 23.90 * 23.30 23.30 23.30 23.30 23.40 23.30 23.20 23.10 23.20 23.20 23.40 23.30 23.30 23.30 23.30 23.00 * 0
2018-01-06 04:08:35 23.40 23.50 23.50 23.50 23.70 24.30 23.80 23.50 24.40 24.10 24.20 24.10 24.00 24.10 24.00 24.00 * 23.40 23.40 23.40 23.40 23.50 23.40 23.20 23.20 23.20 23.20 23.40 23.30 23.20 23.30 23.20 23.10 * 0
2018-01-06 04:08:35 23.50 23.50 23.60 23.60 23.80 24.40 23.90 23.60 24.20 23.90 24.00 23.90 23.70 23.90 23.80 23.80 * 23.30 23.30 23.30 23.40 23.40 23.30 23.20 23.10 23.10 23.10 23.20 23.20 23.10 23.20 23.10 23.00 * 0
2018-01-06 04:08:35 23.70 23.60 23.70 23.70 24.00 24.50 23.90 23.70 24.40 24.00 24.10 24.00 23.90 24.00 23.90 23.90 * 23.20 23.20 23.20 23.30 23.30 23.30 23.10 23.00 23.00 23.00 23.20 23.10 23.10 23.10 23.10 22.90 * 0
2018-01-06 04:08:35 23.70 23.70 23.70 23.80 24.00 24.50 23.90 23.60 24.30 24.00 24.00 24.00 23.90 24.00 23.90 23.90 * 23.20 23.20 23.20 23.30 23.30 23.30 23.10 23.00 23.00 23.10 23.20 23.20 23.10 23.10 23.10 22.90 * 0
2018-01-06 04:08:36 23.80 23.70 23.70 23.80 24.00 24.60 24.00 23.70 24.30 24.00 24.00 24.00 23.90 24.00 23.90 23.90 * 23.10 23.20 23.20 23.20 23.30 23.20 23.00 22.90 23.00 23.10 23.20 23.20 23.10 23.10 23.10 22.90 * 0
2018-01-06 04:08:36 24.00 23.90 23.90 23.90 24.20 24.70 24.20 23.90 24.40 24.10 24.10 24.10 23.90 24.10 23.90 24.00 * 23.00 23.10 23.10 23.10 23.20 23.10 22.90 22.80 23.10 23.20 23.30 23.30 23.20 23.20 23.10 22.90 * 0
2018-01-06 04:08:36 24.00 23.90 23.90 23.90 24.30 24.70 24.20 23.90 24.10 23.70 23.90 23.80 23.80 23.80 23.60 23.70 * 23.10 23.10 23.20 23.20 23.30 23.20 23.00 22.90 23.20 23.20 23.40 23.40 23.30 23.30 23.20 23.00 * 0
2018-01-06 04:08:37 24.00 23.90 23.80 23.90 24.10 24.60 24.10 23.80 24.30 24.00 24.10 24.00 24.00 24.00 23.90 24.00 * 23.10 23.10 23.20 23.20 23.30 23.20 23.10 22.90 23.10 23.10 23.30 23.30 23.20 23.20 23.30 23.00 * 0
2018-01-06 04:08:37 23.70 23.70 23.70 23.80 24.10 24.50 24.00 23.70 24.50 24.20 24.20 24.10 24.00 24.10 24.00 24.10 * 23.20 23.20 23.30 23.20 23.30 23.20 23.20 22.90 23.10 23.10 23.30 23.20 23.20 23.20 23.20 23.00 * 0
2018-01-06 04:08:37 23.70 23.70 23.70 23.80 24.10 24.50 24.00 23.70 24.20 23.90 24.00 23.90 23.80 23.90 23.80 23.80 * 23.30 23.40 23.40 23.40 23.50 23.50 23.30 23.10 23.40 23.40 23.50 23.40 23.40 23.30 23.30 23.20 * 0
2018-01-06 04:08:37 23.70 23.70 23.70 23.70 24.00 24.50 23.90 23.70 24.10 23.70 23.90 23.90 23.70 23.80 23.70 23.70 * 23.20 23.30 23.20 23.30 23.40 23.30 23.20 23.10 23.30 23.30 23.40 23.30 23.30 23.30 23.20 23.10 * 0
2018-01-06 04:08:38 23.70 23.70 23.70 23.70 24.00 24.50 23.90 23.70 24.40 24.10 24.20 24.10 24.00 24.10 24.00 24.10 * 23.30 23.30 23.30 23.40 23.40 23.40 23.30 23.20 23.20 23.20 23.30 23.30 23.20 23.30 23.20 23.10 * 0
2018-01-06 04:08:38 23.80 23.70 23.70 23.80 24.10 24.60 24.00 23.70 24.30 24.10 24.10 24.00 23.90 24.00 23.90 24.00 * 23.40 23.30 23.40 23.40 23.50 23.40 23.30 23.20 23.20 23.20 23.30 23.30 23.30 23.30 23.30 23.10 * 0
2018-01-06 04:08:38 23.90 23.90 23.80 23.90 24.20 24.70 24.10 23.80 24.30 24.10 24.10 24.00 23.90 24.10 23.90 23.90 * 23.20 23.20 23.20 23.30 23.40 23.30 23.20 23.00 23.00 23.10 23.20 23.10 23.10 23.00 23.00 22.90 * 0
2018-01-06 04:08:38 24.00 23.90 23.90 24.00 24.30 24.70 24.10 23.90 24.40 24.00 24.00 24.00 23.90 24.00 23.90 23.90 * 23.10 23.20 23.30 23.30 23.30 23.30 23.20 23.00 23.10 23.20 23.30 23.30 23.10 23.10 23.10 23.00 * 0
2018-01-06 04:08:39 24.00 24.00 23.90 24.00 24.30 24.70 24.20 24.00 24.30 23.80 23.90 23.90 23.80 23.90 23.70 23.70 * 23.30 23.40 23.40 23.50 23.50 23.40 23.30 23.10 23.20 23.20 23.40 23.40 23.20 23.30 23.20 23.10 * 0
2018-01-06 04:08:39 24.00 24.00 23.90 24.00 24.30 24.70 24.20 24.00 24.30 23.90 24.10 24.00 23.90 23.90 23.80 23.90 * 23.30 23.40 23.40 23.40 23.50 23.40 23.20 23.10 23.20 23.30 23.40 23.30 23.20 23.30 23.20 23.20 * 0
2018-01-06 04:08:39 23.60 23.70 23.60 23.70 24.00 24.50 23.80 23.60 24.50 24.10 24.20 24.10 24.00 24.10 24.00 24.10 * 23.30 23.30 23.30 23.40 23.40 23.40 23.20 23.10 23.10 23.20 23.40 23.20 23.20 23.20 23.10 23.10 * 0
2018-01-06 04:08:39 23.60 23.60 23.60 23.60 23.90 24.40 23.80 23.50 24.40 24.10 24.10 24.10 24.00 24.10 23.90 24.00 * 23.30 23.40 23.40 23.50 23.50 23.50 23.30 23.20 23.10 23.20 23.40 23.30 23.30 23.20 23.20 23.10 * 0
2018-01-06 04:08:40 23.60 23.60 23.60 23.70 24.00 24.40 23.80 23.60 24.30 24.00 24.00 24.00 23.90 24.10 23.80 23.90 * 23.30 23.30 23.40 23.40 23.50 23.40 23.30 23.10 23.00 23.10 23.20 23.20 23.20 23.00 23.10 23.00 * 0
2018-01-06 04:08:40 23.90 23.80 23.80 23.90 24.20 24.60 24.00 23.90 24.30 24.00 24.10 24.00 24.00 24.00 23.80 24.00 * 23.30 23.30 23.30 23.30 23.40 23.40 23.20 23.00 23.00 23.10 23.20 23.20 23.10 23.00 23.10 23.00 * 0
2018-01-06 04:08:40 23.80 23.70 23.70 23.80 24.10 24.50 24.00 23.80 24.30 23.90 24.00 24.00 23.90 24.00 23.90 23.90 * 23.10 23.20 23.20 23.20 23.30 23.30 23.20 22.90 23.00 23.00 23.20 23.20 23.10 23.00 23.00 22.90 * 0
2018-01-06 04:08:41 23.70 23.60 23.70 23.70 24.00 24.40 23.90 23.70 24.50 24.10 24.20 24.10 24.00 24.10 24.10 24.10 * 23.10 23.20 23.30 23.20 23.30 23.20 23.10 23.00 23.10 23.10 23.30 23.30 23.20 23.10 23.20 23.00 * 0
2018-01-06 04:08:41 23.70 23.60 23.70 23.70 24.00 24.40 23.90 23.60 24.40 24.10 24.10 24.00 23.90 24.00 23.90 24.00 * 23.30 23.30 23.40 23.30 23.40 23.40 23.20 23.10 23.30 23.40 23.50 23.40 23.40 23.30 23.40 23.30 * 0
2018-01-06 04:08:41 23.80 23.70 23.70 23.80 24.00 24.50 24.00 23.70 24.30 24.00 24.00 23.90 23.90 23.90 23.90 23.80 * 23.20 23.30 23.30 23.30 23.40 23.40 23.20 23.10 23.40 23.40 23.50 23.40 23.40 23.40 23.40 23.30 * 0
2018-01-06 04:08:41 23.70 23.70 23.70 23.70 24.00 24.50 24.00 23.70 24.40 24.00 24.10 24.10 24.00 24.00 23.90 23.90 * 23.20 23.30 23.20 23.30 23.30 23.40 23.20 23.00 23.30 23.40 23.50 23.40 23.40 23.30 23.30 23.20 * 0
2018-01-06 04:08:42 23.60 23.60 23.60 23.70 23.90 24.40 23.90 23.60 24.30 23.90 24.10 24.00 23.90 23.90 23.80 23.90 * 23.30 23.30 23.30 23.30 23.30 23.30 23.20 23.00 23.20 23.30 23.50 23.40 23.30 23.30 23.20 23.20 * 0
2018-01-06 04:08:42 23.70 23.70 23.70 23.80 24.00 24.40 23.90 23.70 24.30 23.90 24.10 23.90 23.90 23.90 23.80 23.90 * 23.10 23.10 23.10 23.20 23.20 23.20 23.10 22.90 23.00 23.10 23.30 23.30 23.20 23.10 23.20 23.00 * 0
2018-01-06 04:08:42 24.00 23.90 23.90 24.00 24.20 24.70 24.20 24.00 24.30 24.00 23.90 24.00 23.90 23.90 23.80 23.90 * 23.10 23.10 23.10 23.20 23.20 23.20 23.10 22.90 23.10 23.10 23.30 23.30 23.20 23.10 23.20 23.10 * 0
2018-01-06 04:08:42 23.90 23.80 23.80 23.90 24.10 24.50 24.10 23.80 24.30 24.00 24.00 24.00 24.00 24.00 23.90 23.90 * 23.20 23.20 23.20 23.30 23.30 23.30 23.20 23.00 23.10 23.10 23.30 23.20 23.10 23.10 23.20 23.10 * 0
2018-01-06 04:08:43 23.70 23.60 23.60 23.70 24.00 24.40 23.90 23.60 24.50 24.10 24.20 24.20 24.10 24.20 24.10 24.10 * 23.20 23.20 23.20 23.30 23.30 23.20 23.20 23.00 23.10 23.20 23.40 23.30 23.20 23.20 23.20 23.10 * 0
2018-01-06 04:08:43 23.60 23.50 23.50 23.60 23.90 24.40 23.80 23.60 24.40 24.00 24.10 24.00 24.00 24.00 23.80 23.90 * 23.30 23.30 23.30 23.30 23.40 23.40 23.30 23.10 23.30 23.40 23.50 23.40 23.40 23.30 23.30 23.20 * 0
2018-01-06 04:08:43 23.60 23.50 23.50 23.60 23.80 24.30 23.80 23.50 24.20 23.90 23.90 23.90 23.80 23.80 23.60 23.70 * 23.30 23.30 23.30 23.30 23.40 23.30 23.20 23.10 23.20 23.30 23.40 23.40 23.30 23.30 23.20 23.20 * 0
2018-01-06 04:08:43 23.60 23.60 23.60 23.70 23.90 24.40 23.90 23.60 24.40 24.10 24.20 24.00 24.00 24.00 23.90 24.00 * 23.10 23.20 23.20 23.30 23.30 23.30 23.10 23.00 23.10 23.10 23.30 23.20 23.20 23.20 23.20 23.00 * 0
2018-01-06 04:08:44 23.80 23.70 23.70 23.80 24.10 24.50 24.00 23.80 24.40 24.00 24.10 24.00 24.00 24.00 23.80 23.90 * 23.10 23.20 23.20 23.30 23.30 23.30 23.20 23.00 23.10 23.10 23.30 23.20 23.20 23.20 23.20 23.00 * 0
2018-01-06 04:08:44 23.80 23.60 23.70 23.70 24.00 24.50 24.00 23.70 24.30 23.90 24.00 23.90 23.90 24.00 23.80 23.80 * 23.10 23.20 23.20 23.20 23.30 23.20 23.10 22.90 23.10 23.20 23.30 23.20 23.10 23.20 23.10 23.00 * 0
2018-01-06 04:08:44 23.80 23.70 23.80 23.80 24.10 24.60 24.10 23.80 24.40 24.00 24.10 24.10 24.00 24.00 23.90 24.00 * 23.10 23.10 23.10 23.20 23.20 23.20 23.00 22.90 23.00 23.10 23.30 23.20 23.10 23.10 23.10 23.00 * 0
2018-01-06 04:08:45 23.90 23.90 23.90 23.90 24.20 24.70 24.20 24.00 24.10 23.80 23.90 23.80 23.80 23.80 23.70 23.70 * 23.20 23.20 23.20 23.30 23.30 23.30 23.20 23.00 23.10 23.10 23.30 23.30 23.20 23.20 23.20 23.00 * 0
2018-01-06 04:08:45 23.70 23.70 23.70 23.70 24.00 24.50 24.00 23.70 24.20 23.90 24.00 23.90 23.80 23.90 23.80 23.80 * 23.30 23.30 23.30 23.40 23.40 23.40 23.30 23.10 23.10 23.10 23.30 23.30 23.20 23.20 23.20 23.00 * 0
2018-01-06 04:08:45 23.70 23.70 23.70 23.70 24.00 24.40 24.00 23.70 24.50 24.20 24.20 24.20 24.00 24.10 24.10 24.10 * 23.20 23.20 23.30 23.30 23.30 23.30 23.20 23.00 23.30 23.20 23.40 23.30 23.20 23.20 23.20 23.10 * 0
2018-01-06 04:08:45 23.80 23.70 23.70 23.70 24.00 24.40 24.00 23.70 24.40 24.10 24.10 24.10 23.90 24.00 23.90 24.00 * 23.30 23.30 23.40 23.40 23.40 23.40 23.30 23.10 23.30 23.30 23.50 23.30 23.30 23.20 23.30 23.20 * 0
2018-01-06 04:08:46 23.70 23.60 23.80 23.70 24.00 24.50 24.00 23.70 24.40 24.00 24.10 24.10 24.00 23.90 23.80 23.90 * 23.30 23.30 23.30 23.40 23.40 23.40 23.20 23.00 23.20 23.30 23.40 23.30 23.20 23.20 23.20 23.10 * 0
2018-01-06 04:08:46 23.60 23.60 23.70 23.60 23.90 24.40 23.90 23.60 24.50 24.10 24.10 24.10 24.00 24.00 23.90 24.00 * 23.20 23.20 23.20 23.30 23.30 23.30 23.10 23.00 23.10 23.20 23.30 23.30 23.20 23.20 23.10 23.00 * 0
2018-01-06 04:08:46 23.60 23.60 23.60 23.60 23.90 24.40 23.90 23.60 24.20 23.90 24.00 23.90 23.80 23.90 23.70 23.90 * 23.50 23.30 23.40 23.40 23.50 23.50 23.40 23.20 23.20 23.30 23.40 23.40 23.30 23.30 23.30 23.20 * 0
2018-01-06 04:08:46 23.90 23.80 23.80 23.90 24.20 24.70 24.10 23.90 24.50 24.10 24.10 24.00 23.90 24.00 23.90 24.00 * 23.20 23.20 23.30 23.30 23.40 23.30 23.10 23.00 23.10 23.20 23.30 23.20 23.20 23.10 23.20 23.10 * 0
2018-01-06 04:08:47 23.90 23.80 23.80 23.90 24.20 24.60 24.10 24.00 24.30 23.90 24.00 23.90 23.80 23.90 23.70 23.80 * 23.10 23.10 23.20 23.20 23.30 23.20 23.00 22.90 23.00 23.10 23.20 23.10 23.10 23.00 23.10 22.90 * 0
2018-01-06 04:08:47 23.90 23.90 23.90 23.90 24.20 24.70 24.10 24.00 24.30 24.00 24.00 23.90 23.80 23.90 23.70 23.80 * 23.10 23.20 23.10 23.10 23.20 23.20 23.10 22.90 23.10 23.10 23.30 23.20 23.10 23.10 23.10 23.00 * 0
2018-01-06 04:08:47 23.90 23.90 23.90 23.90 24.20 24.70 24.10 24.00 24.40 24.10 24.10 24.10 24.00 24.00 23.90 24.00 * 23.20 23.10 23.20 23.20 23.30 23.30 23.20 22.90 23.20 23.20 23.40 23.20 23.20 23.20 23.20 23.10 * 0
2018-01-06 04:08:48 24.00 23.90 24.00 24.00 24.20 24.70 24.20 24.00 24.40 24.00 24.10 24.10 23.90 24.00 23.90 23.90 * 23.20 23.20 23.20 23.20 23.30 23.30 23.20 23.00 23.30 23.30 23.50 23.40 23.30 23.30 23.30 23.20 * 0
2018-01-06 04:08:48 23.90 23.90 23.90 23.90 24.20 24.70 24.20 24.00 24.20 23.90 23.90 23.80 23.70 23.80 23.60 23.70 * 23.20 23.20 23.20 23.20 23.40 23.40 23.20 23.00 23.30 23.30 23.40 23.40 23.30 23.30 23.30 23.20 * 0
2018-01-06 04:08:48 23.70 23.60 23.60 23.60 23.90 24.50 23.80 23.60 24.50 24.10 24.10 24.00 23.90 24.00 23.90 24.00 * 23.20 23.20 23.20 23.20 23.30 23.30 23.10 23.00 23.30 23.30 23.40 23.40 23.30 23.20 23.30 23.20 * 0
2018-01-06 04:08:48 23.50 23.60 23.60 23.60 23.90 24.40 23.80 23.60 24.50 24.10 24.20 24.10 24.00 24.00 24.00 24.10 * 23.30 23.40 23.30 23.40 23.40 23.40 23.30 23.20 23.30 23.30 23.50 23.40 23.30 23.30 23.30 23.20 * 0
2018-01-06 04:08:49 23.70 23.70 23.70 23.70 24.00 24.50 23.90 23.70 24.40 24.10 24.10 24.10 24.00 24.00 23.90 24.00 * 23.20 23.30 23.30 23.30 23.30 23.30 23.20 23.10 23.20 23.20 23.40 23.30 23.30 23.20 23.20 23.10 * 0
2018-01-06 04:08:49 23.80 23.80 23.80 23.90 24.10 24.60 24.10 24.00 24.40 24.10 24.10 24.00 23.90 24.00 23.90 23.90 * 23.10 23.10 23.10 23.20 23.10 23.20 23.00 22.80 23.00 23.10 23.30 23.20 23.10 23.10 23.10 22.90 * 0
2018-01-06 04:08:49 23.90 23.90 23.80 24.00 24.20 24.70 24.20 24.00 24.30 24.00 24.00 23.90 23.80 23.90 23.80 23.80 * 23.10 23.10 23.10 23.20 23.20 23.20 23.10 22.90 23.00 23.10 23.20 23.10 23.10 23.10 23.10 22.90 * 0
2018-01-06 04:08:49 23.90 23.80 23.90 23.90 24.10 24.60 24.10 23.90 24.30 24.00 24.10 24.00 23.90 24.00 23.90 23.90 * 23.20 23.20 23.10 23.20 23.20 23.20 23.10 22.90 23.10 23.10 23.30 23.20 23.20 23.10 23.10 23.00 * 0
2018-01-06 04:08:50 23.90 23.80 23.80 23.90 24.10 24.60 24.10 23.80 24.50 24.20 24.30 24.10 24.20 24.20 24.10 24.10 * 23.20 23.20 23.10 23.20 23.20 23.20 23.10 22.90 23.10 23.10 23.30 23.20 23.20 23.20 23.10 23.10 * 0
2018-01-06 04:08:50 23.80 23.70 23.70 23.80 24.10 24.50 24.00 23.70 24.10 23.80 23.90 23.80 23.80 23.70 23.60 23.60 * 23.20 23.30 23.30 23.30 23.30 23.30 23.20 23.00 23.10 23.20 23.40 23.30 23.30 23.20 23.20 23.10 * 0
2018-01-06 04:08:50 23.60 23.60 23.60 23.60 23.90 24.40 23.90 23.60 24.10 23.90 23.90 23.90 23.90 23.80 23.70 23.70 * 23.30 23.30 23.30 23.30 23.40 23.30 23.20 23.10 23.30 23.30 23.40 23.40 23.30 23.30 23.30 23.10 * 0
2018-01-06 04:08:51 23.50 23.60 23.50 23.50 23.80 24.30 23.80 23.60 24.40 24.00 24.00 24.10 24.00 24.00 23.90 24.00 * 23.10 23.30 23.20 23.20 23.30 23.30 23.10 23.00 23.20 23.30 23.40 23.40 23.30 23.30 23.30 23.10 * 0
2018-01-06 04:08:51 23.70 23.70 23.60 23.70 24.00 24.40 23.90 23.70 24.30 24.00 24.10 24.00 23.90 24.00 23.90 24.00 * 23.20 23.20 23.20 23.20 23.30 23.30 23.10 22.90 23.10 23.20 23.30 23.30 23.30 23.20 23.20 23.00 * 0
2018-01-06 04:08:51 23.90 23.90 23.80 23.90 24.20 24.60 24.10 23.90 24.30 23.90 24.00 23.90 23.80 24.00 23.70 23.80 * 23.10 23.10 23.20 23.20 23.20 23.20 23.10 22.90 23.00 23.10 23.30 23.20 23.20 23.10 23.10 23.00 * 0
2018-01-06 04:08:51 23.90 23.90 23.80 23.90 24.10 24.60 24.10 23.80 24.50 24.00 24.10 24.10 24.00 24.20 23.90 23.90 * 23.10 23.10 23.10 23.10 23.20 23.20 23.00 22.90 23.10 23.20 23.40 23.30 23.20 23.20 23.10 23.10 * 0
2018-01-06 04:08:52 23.80 23.80 23.80 23.80 24.10 24.60 24.10 23.80 24.40 24.00 24.10 24.10 24.00 24.10 23.90 24.00 * 23.10 23.10 23.10 23.10 23.20 23.20 23.00 22.80 23.20 23.20 23.40 23.30 23.30 23.30 23.20 23.20 * 0
2018-01-06 04:08:52 23.80 23.80 23.80 23.80 24.10 24.60 24.00 23.80 24.20 23.90 24.00 23.90 23.80 23.80 23.70 23.70 * 23.20 23.30 23.30 23.30 23.40 23.30 23.20 23.10 23.30 23.20 23.50 23.40 23.30 23.30 23.20 23.20 * 0
2018-01-06 04:08:52 23.80 23.70 23.70 23.80 24.00 24.50 23.90 23.70 24.40 24.10 24.10 24.00 23.90 24.00 24.00 24.00 * 23.20 23.30 23.20 23.30 23.30 23.30 23.10 23.00 23.10 23.20 23.40 23.30 23.20 23.20 23.10 23.00 * 0
2018-01-06 04:08:52 23.60 23.60 23.60 23.60 24.00 24.40 23.90 23.50 24.30 24.10 24.00 24.00 23.90 24.00 23.90 23.90 * 23.30 23.30 23.30 23.30 23.40 23.30 23.20 23.00 23.20 23.20 23.40 23.30 23.30 23.30 23.20 23.20 * 0
2018-01-06 04:08:53 23.80 23.80 23.80 23.90 24.20 24.50 24.10 23.90 24.30 24.10 24.10 24.10 23.90 24.00 23.90 24.00 * 23.10 23.10 23.20 23.20 23.30 23.20 23.10 22.90 23.00 23.10 23.30 23.20 23.20 23.20 23.10 23.10 * 0
2018-01-06 04:08:53 24.00 23.90 23.90 24.00 24.30 24.60 24.20 24.00 24.30 24.10 24.10 24.00 24.00 24.00 23.80 23.90 * 23.10 23.20 23.20 23.20 23.30 23.20 23.10 22.90 23.10 23.10 23.30 23.20 23.10 23.10 23.10 23.00 * 0
2018-01-06 04:08:53 23.90 23.80 23.90 23.90 24.30 24.60 24.20 23.90 24.40 24.00 24.10 24.00 24.00 24.00 23.90 23.90 * 23.10 23.20 23.10 23.20 23.20 23.20 23.10 22.90 23.10 23.10 23.30 23.20 23.10 23.20 23.10 23.00 * 0
2018-01-06 04:08:53 23.70 23.70 23.70 23.80 24.10 24.50 24.00 23.70 24.50 24.10 24.20 24.10 24.00 24.10 24.00 24.10 * 23.10 23.10 23.10 23.20 23.10 23.10 23.00 22.80 23.00 23.10 23.30 23.20 23.10 23.10 23.00 23.00 * 0
2018-01-06 04:08:54 23.80 23.70 23.80 23.80 24.10 24.60 24.10 23.80 24.30 24.00 24.00 23.90 23.80 23.90 23.80 23.90 * 23.10 23.10 23.10 23.20 23.20 23.20 23.10 22.90 23.10 23.20 23.30 23.30 23.20 23.20 23.10 23.10 * 0
2018-01-06 04:08:54 23.70 23.70 23.80 23.80 24.10 24.50 24.00 23.80 24.30 23.90 24.00 23.90 23.80 23.80 23.70 23.80 * 23.40 23.30 23.30 23.40 23.50 23.40 23.20 23.10 23.10 23.20 23.30 23.30 23.10 23.20 23.10 23.10 * 0
2018-01-06 04:08:54 23.60 23.60 23.60 23.70 24.00 24.40 23.80 23.60 24.30 24.00 24.00 24.00 23.90 24.00 23.90 23.80 * 23.30 23.30 23.30 23.40 23.40 23.40 23.20 23.00 23.20 23.20 23.30 23.20 23.10 23.20 23.20 23.10 * 0
2018-01-06 04:08:55 23.70 23.50 23.60 23.60 24.00 24.40 23.90 23.70 24.20 23.90 23.90 24.00 23.90 23.90 23.80 23.70 * 23.40 23.40 23.40 23.40 23.40 23.40 23.30 23.10 23.20 23.30 23.40 23.30 23.20 23.30 23.20 23.20 * 0
2018-01-06 04:08:55 23.80 23.80 23.80 23.80 24.20 24.60 24.10 23.90 24.30 24.00 24.00 24.00 23.90 24.00 23.80 23.90 * 23.10 23.20 23.10 23.20 23.20 23.20 23.00 22.90 23.10 23.10 23.20 23.20 23.10 23.10 23.10 23.00 * 0
2018-01-06 04:08:55 24.00 24.00 23.90 24.00 24.30 24.70 24.20 24.00 24.30 24.00 24.00 23.90 23.90 23.90 23.80 23.80 * 23.10 23.10 23.10 23.20 23.20 23.20 23.00 22.90 23.10 23.10 23.30 23.30 23.10 23.20 23.20 23.10 * 0
2018-01-06 04:08:55 23.90 23.80 23.80 23.90 24.10 24.60 24.10 23.90 24.50 24.20 24.20 24.10 24.00 24.10 24.00 24.10 * 23.10 23.10 23.10 23.20 23.30 23.20 23.00 22.90 23.10 23.10 23.30 23.30 23.20 23.20 23.20 23.10 * 0
2018-01-06 04:08:56 23.80 23.80 23.70 23.80 24.10 24.60 24.00 23.80 24.40 24.10 24.10 24.00 24.00 24.10 24.00 24.00 * 23.10 23.10 23.20 23.20 23.30 23.20 23.10 22.90 23.10 23.10 23.30 23.30 23.20 23.20 23.20 23.10 * 0
2018-01-06 04:08:56 23.70 23.70 23.70 23.70 24.10 24.50 24.00 23.70 24.20 23.90 23.90 23.80 23.80 23.80 23.80 23.80 * 23.30 23.20 23.20 23.20 23.30 23.30 23.20 23.00 23.20 23.30 23.40 23.40 23.30 23.20 23.30 23.20 * 0
2018-01-06 04:08:56 23.70 23.70 23.70 23.70 24.00 24.50 24.00 23.70 24.40 24.00 24.00 24.10 24.00 24.00 23.90 24.00 * 23.40 23.40 23.40 23.50 23.50 23.40 23.30 23.20 23.30 23.30 23.50 23.50 23.40 23.40 23.40 23.20 * 0
2018-01-06 04:08:56 23.60 23.70 23.60 23.70 23.90 24.50 23.90 23.60 24.30 24.00 24.10 24.10 23.90 24.00 23.80 23.90 * 23.30 23.30 23.40 23.40 23.50 23.40 23.30 23.20 23.20 23.30 23.40 23.40 23.30 23.30 23.30 23.20 * 0
2018-01-06 04:08:57 23.90 23.80 23.90 23.90 24.10 24.60 24.20 23.90 24.30 24.00 24.10 24.10 23.90 24.00 23.80 23.90 * 23.20 23.30 23.30 23.30 23.40 23.40 23.20 23.10 23.20 23.20 23.40 23.20 23.20 23.30 23.20 23.10 * 0
2018-01-06 04:08:57 24.10 24.00 24.00 24.10 24.30 24.80 24.30 24.00 24.30 24.10 24.10 24.00 23.90 23.90 23.90 23.90 * 23.10 23.20 23.20 23.20 23.30 23.30 23.10 22.90 23.10 23.10 23.40 23.20 23.20 23.20 23.10 23.10 * 0
2018-01-06 04:08:57 24.10 24.10 24.00 24.10 24.30 24.80 24.20 24.10 24.30 24.10 24.10 24.00 23.90 23.90 23.90 23.90 * 23.10 23.10 23.20 23.20 23.30 23.20 23.10 22.90 23.10 23.10 23.40 23.20 23.20 23.20 23.10 23.10 * 0
2018-01-06 04:08:58 23.90 23.90 23.90 23.90 24.20 24.60 24.10 24.00 24.50 24.10 24.10 24.10 24.10 24.10 24.00 24.10 * 23.10 23.00 23.20 23.10 23.20 23.10 23.00 22.90 23.10 23.10 23.30 23.20 23.20 23.20 23.20 23.10 * 0
2018-01-06 04:08:58 23.80 23.80 23.80 23.80 24.10 24.50 24.00 23.80 24.30 24.00 24.10 24.00 24.00 24.00 23.90 23.90 * 23.10 23.00 23.10 23.10 23.20 23.20 23.00 22.80 23.20 23.20 23.40 23.30 23.20 23.20 23.20 23.10 * 0
2018-01-06 04:08:58 23.80 23.80 23.80 23.80 24.00 24.60 24.00 23.80 24.20 23.90 24.00 24.00 23.90 23.90 23.80 23.80 * 23.20 23.20 23.30 23.20 23.40 23.30 23.20 23.00 23.20 23.30 23.40 23.40 23.30 23.30 23.30 23.20 * 0
2018-01-06 04:08:58 23.80 23.80 23.70 23.80 24.00 24.50 23.90 23.80 24.30 24.00 24.10 24.10 24.00 24.00 23.90 23.90 * 23.40 23.30 23.40 23.40 23.50 23.40 23.30 23.10 23.10 23.10 23.30 23.20 23.10 23.10 23.10 23.00 * 0
2018-01-06 04:08:59 23.70 23.70 23.70 23.80 24.00 24.50 23.90 23.70 24.50 24.10 24.20 24.10 24.00 24.10 24.00 24.00 * 23.30 23.30 23.30 23.30 23.40 23.40 23.30 23.10 23.10 23.10 23.30 23.20 23.10 23.10 23.10 23.00 * 0
2018-01-06 04:08:59 23.80 23.70 23.80 23.80 24.00 24.50 24.00 23.70 24.50 24.10 24.10 24.00 23.90 24.00 23.90 24.00 * 23.40 23.30 23.30 23.30 23.40 23.40 23.30 23.10 23.10 23.10 23.30 23.20 23.20 23.20 23.10 23.00 * 0
2018-01-06 04:08:59 23.90 23.80 23.80 23.90 24.10 24.70 24.10 23.80 24.50 24.10 24.20 24.10 23.90 24.00 23.90 24.10 * 23.20 23.20 23.20 23.20 23.30 23.20 23.20 23.00 23.10 23.10 23.30 23.20 23.10 23.20 23.10 23.00 * 0
2018-01-06 04:08:59 23.90 23.90 23.80 23.90 24.20 24.70 24.10 23.90 24.40 24.10 24.10 24.00 23.90 24.00 23.80 24.00 * 23.00 23.10 23.10 23.20 23.20 23.10 23.10 22.90 23.00 23.00 23.20 23.20 23.10 23.10 23.00 23.00 * 0
2018-01-06 04:09:00 23.80 23.80 23.70 23.80 24.10 24.50 24.00 23.80 24.40 24.00 24.10 24.00 23.90 24.00 23.80 24.00 * 23.10 23.20 23.20 23.20 23.30 23.20 23.10 22.90 23.00 23.10 23.30 23.20 23.10 23.10 23.10 22.90 * 0
2018-01-06 04:09:00 23.70 23.60 23.60 23.70 24.00 24.40 23.90 23.70 24.40 24.00 24.10 24.00 24.00 24.00 23.90 24.10 * 23.10 23.10 23.20 23.20 23.30 23.10 23.00 22.80 23.10 23.30 23.40 23.30 23.30 23.20 23.20 23.10 * 0
2018-01-06 04:09:00 23.70 23.60 23.70 23.70 24.00 24.50 23.90 23.70 24.40 24.00 24.00 24.00 23.90 24.00 23.90 24.00 * 23.20 23.20 23.30 23.20 23.30 23.20 23.10 22.90 23.20 23.30 23.50 23.40 23.30 23.30 23.30 23.20 * 0
2018-01-06 04:09:00 23.90 23.80 23.80 23.80 24.10 24.60 24.00 23.80 24.30 24.00 24.00 23.90 23.90 24.00 23.80 23.90 * 23.30 23.30 23.40 23.30 23.40 23.40 23.30 23.10 23.20 23.20 23.40 23.30 23.30 23.20 23.20 23.10 * 0
2018-01-06 04:09:01 23.80 23.70 23.70 23.80 24.00 24.50 24.00 23.70 24.40 24.00 24.10 24.00 23.90 24.00 23.80 24.00 * 23.30 23.30 23.30 23.30 23.40 23.30 23.20 23.10 23.10 23.20 23.30 23.30 23.20 23.10 23.10 23.00 * 0
2018-01-06 04:09:01 23.70 23.70 23.60 23.70 24.00 24.40 23.90 23.70 24.50 24.10 24.20 24.10 23.90 24.00 23.80 24.00 * 23.30 23.30 23.30 23.30 23.40 23.40 23.20 23.10 23.10 23.20 23.40 23.30 23.20 23.20 23.20 23.10 * 0
2018-01-06 04:09:01 23.80 23.80 23.70 23.80 24.10 24.50 24.00 23.70 24.60 24.30 24.30 24.20 24.10 24.30 24.10 24.30 * 23.60 23.50 23.60 23.50 23.60 23.50 23.40 23.30 23.30 23.40 23.50 23.40 23.30 23.30 23.30 23.20 * 0
2018-01-06 04:09:01 24.20 24.10 24.00 24.10 24.40 24.80 24.30 24.10 24.70 24.30 24.30 24.20 24.10 24.30 24.20 24.30 * 23.50 23.40 23.50 23.40 23.50 23.40 23.30 23.20 23.40 23.40 23.60 23.50 23.40 23.40 23.30 23.30 * 0
2018-01-06 04:09:02 23.80 23.80 23.70 23.90 24.10 24.60 24.10 23.80 24.50 24.10 24.10 24.10 24.00 24.10 24.00 24.00 * 23.20 23.10 23.20 23.20 23.30 23.20 23.00 23.00 23.20 23.20 23.40 23.30 23.20 23.20 23.20 23.20 * 0
2018-01-06 04:09:02 23.70 23.70 23.70 23.80 24.00 24.50 24.00 23.70 24.40 24.10 24.00 24.10 24.00 24.10 23.90 23.90 * 23.10 23.10 23.20 23.20 23.20 23.10 23.00 22.90 23.10 23.20 23.30 23.20 23.10 23.20 23.10 23.10 * 0
2018-01-06 04:09:02 23.70 23.70 23.70 23.80 24.00 24.50 24.00 23.60 24.40 24.10 24.00 24.00 23.90 24.00 23.90 23.90 * 23.00 23.10 23.10 23.10 23.20 23.10 23.00 22.80 23.20 23.30 23.40 23.30 23.20 23.20 23.20 23.10 * 0
2018-01-06 04:09:02 23.80 23.80 23.70 23.80 24.10 24.50 24.10 23.70 24.20 23.90 24.00 23.90 23.80 23.90 23.80 23.80 * 23.20 23.20 23.20 23.20 23.30 23.20 23.10 23.00 23.10 23.20 23.40 23.20 23.20 23.20 23.10 23.00 * 0
2018-01-06 04:09:03 23.90 23.80 23.80 23.90 24.20 24.60 24.10 23.80 24.20 24.00 24.00 23.90 23.80 23.90 23.70 23.70 * 23.20 23.20 23.30 23.30 23.30 23.30 23.10 23.00 23.00 23.00 23.20 23.10 23.10 23.00 23.00 22.90 * 0
2018-01-06 04:09:03 23.80 23.70 23.70 23.70 24.00 24.40 23.90 23.70 24.40 24.20 24.10 24.00 23.90 24.10 23.90 23.90 * 23.30 23.30 23.40 23.30 23.50 23.30 23.30 23.10 23.10 23.00 23.30 23.20 23.10 23.10 23.10 23.00 * 0
2018-01-06 04:09:03 23.80 23.80 23.80 23.80 24.10 24.50 24.00 23.70 24.50 24.10 24.20 24.10 24.00 24.10 24.00 24.00 * 23.40 23.40 23.40 23.40 23.50 23.40 23.30 23.20 23.20 23.20 23.40 23.20 23.20 23.10 23.20 23.10 * 0
2018-01-06 04:09:04 23.90 23.80 23.80 23.90 24.10 24.70 24.00 23.90 24.30 24.10 24.10 24.00 24.00 24.10 23.90 23.90 * 23.20 23.30 23.30 23.30 23.40 23.30 23.20 23.10 23.20 23.20 23.40 23.20 23.20 23.10 23.10 23.00 * 0
2018-01-06 04:09:04 23.90 23.80 23.80 23.90 24.10 24.70 24.10 23.90 24.20 24.00 24.10 24.00 24.00 24.00 23.90 23.90 * 23.10 23.10 23.20 23.20 23.30 23.20 23.10 22.90 23.20 23.20 23.40 23.30 23.20 23.20 23.20 23.00 * 0
2018-01-06 04:09:04 23.90 23.80 23.80 23.90 24.10 24.60 24.00 23.90 24.40 24.00 24.10 24.10 24.00 24.00 23.90 24.00 * 23.20 23.20 23.20 23.20 23.40 23.20 23.10 23.00 23.10 23.20 23.30 23.30 23.20 23.20 23.20 23.00 * 0
2018-01-06 04:09:04 23.90 23.80 23.70 23.90 24.10 24.60 24.00 23.90 24.40 24.00 24.10 24.00 23.90 24.10 23.90 24.00 * 23.20 23.30 23.30 23.30 23.40 23.30 23.10 23.00 23.00 23.10 23.30 23.20 23.10 23.10 23.00 23.00 * 0
2018-01-06 04:09:05 24.00 23.90 23.80 24.00 24.20 24.70 24.10 24.00 24.40 24.00 24.00 24.00 23.90 24.00 23.90 24.00 * 23.20 23.20 23.20 23.20 23.30 23.30 23.20 22.90 23.00 23.10 23.20 23.10 23.00 23.00 23.00 23.00 * 0
2018-01-06 04:09:05 24.00 23.90 23.90 24.00 24.20 24.80 24.10 24.00 24.30 24.00 24.00 24.00 23.90 23.90 23.80 23.90 * 23.20 23.20 23.20 23.20 23.30 23.30 23.10 22.90 23.00 23.10 23.20 23.10 23.00 23.00 23.00 22.90 * 0
2018-01-06 04:09:05 23.80 23.70 23.70 23.80 24.00 24.50 24.00 23.80 24.40 24.10 24.10 24.10 24.00 24.10 23.90 24.00 * 23.20 23.30 23.20 23.20 23.40 23.30 23.20 23.00 23.10 23.20 23.30 23.20 23.20 23.20 23.20 23.10 * 0
2018-01-06 04:09:05 23.80 23.70 23.70 23.80 24.00 24.50 24.00 23.80 24.40 24.10 24.10 24.00 23.90 24.00 23.90 23.90 * 23.10 23.20 23.20 23.20 23.30 23.20 23.10 23.00 23.10 23.30 23.30 23.30 23.30 23.20 23.30 23.10 * 0
2018-01-06 04:09:06 24.00 23.90 23.90 23.90 24.20 24.70 24.10 23.90 24.30 24.00 24.00 23.90 23.90 23.90 23.90 23.90 * 23.00 23.10 23.10 23.10 23.20 23.10 23.10 22.90 23.10 23.30 23.30 23.30 23.20 23.20 23.30 23.10 * 0
2018-01-06 04:09:06 24.00 23.90 23.80 23.90 24.20 24.60 24.10 24.00 24.30 23.90 24.00 23.80 23.80 23.90 23.80 23.80 * 23.10 23.10 23.10 23.20 23.30 23.20 23.10 22.90 23.20 23.30 23.40 23.30 23.20 23.30 23.20 23.10 * 0
2018-01-06 04:09:06 23.80 23.70 23.70 23.70 24.00 24.50 24.00 23.70 24.40 24.00 24.10 24.00 24.00 24.10 24.00 23.90 * 23.20 23.20 23.20 23.30 23.30 23.30 23.10 22.90 23.20 23.20 23.40 23.30 23.20 23.30 23.20 23.20 * 0
2018-01-06 04:09:07 23.70 23.70 23.70 23.70 24.00 24.50 24.00 23.70 24.50 24.00 24.20 24.10 24.10 24.10 24.00 24.10 * 23.20 23.20 23.20 23.20 23.20 23.20 23.10 22.90 23.30 23.30 23.40 23.40 23.30 23.20 23.20 23.10 * 0
2018-01-06 04:09:07 23.80 23.70 23.70 23.80 24.10 24.50 24.00 23.80 24.40 23.90 24.00 24.00 23.80 23.90 23.80 23.90 * 23.50 23.40 23.40 23.40 23.50 23.50 23.40 23.20 23.20 23.30 23.40 23.30 23.20 23.20 23.20 23.10 * 0
2018-01-06 04:09:07 23.70 23.70 23.60 23.70 24.00 24.50 24.00 23.70 24.40 24.00 24.10 24.00 23.90 24.00 23.90 24.00 * 23.30 23.30 23.30 23.30 23.50 23.40 23.20 23.10 23.10 23.10 23.30 23.20 23.10 23.10 23.10 23.00 * 0
2018-01-06 04:09:07 23.80 23.70 23.70 23.80 24.00 24.50 24.00 23.80 24.40 24.10 24.20 24.10 24.00 24.00 23.90 24.00 * 23.30 23.30 23.20 23.30 23.40 23.30 23.20 23.00 23.10 23.10 23.20 23.20 23.10 23.10 23.10 23.00 * 0
2018-01-06 04:09:08 23.90 23.80 23.90 23.90 24.10 24.60 24.20 23.90 24.40 24.00 24.10 24.10 23.90 24.00 23.90 24.00 * 23.30 23.40 23.30 23.30 23.40 23.40 23.20 23.10 23.10 23.00 23.20 23.20 23.10 23.00 23.10 23.00 * 0
