2018-01-06 04:40:35 23.80 23.70 23.70 23.70 24.00 24.50 24.00 23.80 24.40 24.00 24.20 24.00 24.00 24.10 23.90 24.00 * 23.10 23.10 23.10 23.20 23.20 23.20 23.10 22.80 23.20 23.30 23.30 23.30 23.20 23.20 23.10 23.10 * 0
2018-01-06 04:40:35 23.90 23.80 23.80 23.80 24.10 24.60 24.10 23.90 24.30 24.00 24.10 24.00 23.90 24.00 23.90 23.90 * 23.10 23.20 23.20 23.20 23.20 23.20 23.10 22.80 23.10 23.20 23.30 23.30 23.20 23.20 23.10 23.00 * 0
2018-01-06 04:40:35 23.90 23.80 23.80 23.80 24.10 24.50 24.10 23.90 24.40 24.00 24.20 24.10 24.00 24.00 24.00 24.00 * 23.10 23.20 23.20 23.20 23.20 23.20 23.10 22.90 23.00 23.10 23.20 23.20 23.10 23.10 23.00 23.00 * 0
2018-01-06 04:40:36 23.80 23.70 23.70 23.80 24.10 24.50 24.10 23.90 24.40 24.00 24.10 24.00 24.00 24.00 23.80 23.90 * 23.10 23.10 23.20 23.20 23.30 23.20 23.10 22.90 23.00 23.00 23.20 23.20 23.10 23.10 23.00 22.90 * 0
2018-01-06 04:40:36 23.80 23.80 23.70 23.80 24.10 24.60 24.00 23.80 24.40 24.00 24.10 24.00 23.90 24.00 23.80 23.90 * 23.30 23.20 23.30 23.30 23.40 23.30 23.20 23.00 23.10 23.20 23.20 23.20 23.10 23.10 23.10 23.00 * 0
2018-01-06 04:40:36 23.70 23.70 23.60 23.70 24.00 24.50 23.90 23.70 24.30 24.00 24.00 24.00 23.90 23.90 23.80 23.80 * 23.40 23.30 23.40 23.40 23.40 23.40 23.30 23.10 23.10 23.20 23.30 23.30 23.20 23.20 23.10 23.00 * 0
2018-01-06 04:40:37 23.50 23.50 23.50 23.60 23.80 24.30 23.70 23.40 24.30 24.00 24.00 24.00 23.90 23.90 23.80 23.80 * 23.30 23.40 23.30 23.40 23.30 23.40 23.20 23.00 23.10 23.20 23.40 23.30 23.30 23.20 23.10 23.10 * 0
2018-01-06 04:40:37 23.50 23.50 23.50 23.60 23.90 24.30 23.70 23.40 24.40 24.10 24.10 24.00 24.00 24.00 23.90 24.00 * 23.20 23.30 23.30 23.30 23.30 23.30 23.20 23.00 23.30 23.30 23.50 23.30 23.30 23.30 23.30 23.20 * 0
2018-01-06 04:40:37 23.60 23.60 23.60 23.60 23.90 24.40 23.80 23.60 24.40 24.10 24.20 24.00 24.00 24.10 24.00 24.00 * 23.20 23.30 23.30 23.30 23.30 23.30 23.20 22.90 23.40 23.40 23.50 23.40 23.40 23.40 23.40 23.30 * 0
2018-01-06 04:40:37 23.80 23.80 23.70 23.70 24.00 24.50 24.00 23.80 24.60 24.20 24.20 24.10 24.10 24.20 24.10 24.10 * 23.40 23.30 23.40 23.40 23.50 23.40 23.30 23.10 23.50 23.50 23.60 23.50 23.50 23.50 23.50 23.40 * 0
2018-01-06 04:40:38 24.00 23.90 23.90 24.00 24.20 24.70 24.20 24.00 24.60 24.20 24.30 24.20 24.10 24.20 24.00 24.10 * 23.40 23.40 23.40 23.40 23.40 23.40 23.20 23.10 23.20 23.30 23.40 23.30 23.30 23.30 23.30 23.20 * 0
2018-01-06 04:40:38 24.00 23.90 23.90 24.00 24.20 24.70 24.30 24.00 24.50 24.20 24.30 24.20 24.10 24.10 24.00 24.20 * 23.40 23.30 23.30 23.30 23.40 23.30 23.10 23.10 23.20 23.30 23.40 23.30 23.20 23.20 23.20 23.10 * 0
2018-01-06 04:40:38 24.00 24.00 23.90 24.00 24.20 24.80 24.20 24.10 24.50 24.10 24.30 24.20 24.10 24.10 24.10 24.30 * 23.20 23.20 23.20 23.20 23.30 23.20 23.10 23.00 23.20 23.20 23.30 23.30 23.20 23.20 23.20 23.10 * 0
2018-01-06 04:40:38 23.90 23.80 23.80 23.90 24.10 24.70 24.10 24.00 24.50 24.00 24.20 24.00 24.00 24.10 24.00 24.10 * 23.10 23.10 23.10 23.10 23.20 23.20 23.10 22.90 23.10 23.10 23.20 23.20 23.20 23.10 23.10 23.00 * 0
2018-01-06 04:40:39 23.70 23.70 23.60 23.70 23.90 24.50 23.90 23.70 24.50 24.10 24.10 24.00 24.00 24.00 24.00 24.00 * 23.10 23.10 23.10 23.20 23.20 23.20 23.10 22.90 23.00 23.00 23.20 23.10 23.10 23.00 23.00 22.80 * 0
2018-01-06 04:40:39 23.70 23.60 23.60 23.70 23.90 24.40 23.90 23.60 24.20 23.80 24.00 23.90 23.80 23.80 23.70 23.70 * 23.10 23.10 23.20 23.20 23.20 23.20 23.10 22.90 22.90 23.00 23.10 23.10 23.00 23.00 23.00 22.80 * 0
2018-01-06 04:40:39 23.60 23.60 23.50 23.60 23.80 24.40 23.80 23.50 24.20 23.90 23.90 23.90 23.80 23.80 23.70 23.80 * 23.10 23.20 23.20 23.20 23.30 23.30 23.10 22.90 22.90 23.10 23.10 23.10 23.00 23.00 23.00 22.80 * 0
2018-01-06 04:40:40 23.50 23.50 23.50 23.60 23.80 24.30 23.70 23.50 24.20 23.90 23.90 23.90 23.80 23.80 23.70 23.70 * 23.20 23.20 23.20 23.20 23.30 23.30 23.10 23.00 23.00 23.10 23.10 23.10 23.00 23.00 23.00 22.80 * 0
2018-01-06 04:40:40 23.50 23.50 23.50 23.50 23.70 24.30 23.70 23.40 24.20 23.90 24.00 23.90 23.80 23.90 23.80 23.80 * 23.20 23.20 23.20 23.20 23.30 23.30 23.20 23.00 23.30 23.20 23.30 23.30 23.30 23.30 23.30 23.10 * 0
2018-01-06 04:40:40 23.60 23.50 23.60 23.60 23.90 24.30 23.70 23.50 24.40 24.00 24.00 24.00 23.90 24.00 23.90 23.90 * 23.20 23.10 23.20 23.20 23.30 23.30 23.10 23.00 23.20 23.20 23.30 23.30 23.20 23.20 23.20 23.10 * 0
2018-01-06 04:40:40 23.70 23.60 23.60 23.60 24.00 24.40 23.80 23.60 24.40 24.00 24.00 24.00 24.00 24.00 23.80 23.90 * 23.20 23.20 23.20 23.20 23.30 23.20 23.10 22.90 23.10 23.20 23.30 23.20 23.10 23.20 23.10 23.00 * 0
2018-01-06 04:40:41 23.70 23.60 23.60 23.60 23.90 24.50 23.90 23.60 24.40 24.00 24.10 24.00 24.00 23.90 23.80 23.90 * 23.20 23.10 23.10 23.20 23.20 23.10 23.00 22.90 23.20 23.20 23.30 23.20 23.20 23.20 23.20 23.10 * 0
2018-01-06 04:40:41 23.70 23.70 23.60 23.70 24.00 24.60 24.00 23.70 24.30 24.00 24.10 24.00 23.90 24.00 23.80 23.90 * 23.00 23.10 23.10 23.10 23.20 23.00 22.90 22.70 23.10 23.10 23.30 23.30 23.20 23.20 23.20 23.00 * 0
2018-01-06 04:40:41 23.90 23.90 23.80 23.90 24.20 24.70 24.20 23.90 24.40 24.10 24.20 24.10 23.90 24.00 23.90 24.00 * 23.00 23.10 23.10 23.10 23.20 23.00 22.90 22.70 23.10 23.20 23.30 23.30 23.30 23.20 23.20 23.10 * 0
2018-01-06 04:40:41 23.90 23.90 23.90 23.90 24.20 24.60 24.20 23.90 24.40 24.10 24.20 24.10 23.90 24.00 24.00 24.00 * 23.10 23.20 23.20 23.20 23.20 23.20 23.10 22.90 23.10 23.30 23.30 23.30 23.30 23.20 23.20 23.10 * 0
2018-01-06 04:40:42 23.80 23.80 23.80 23.80 24.10 24.50 24.10 23.80 24.40 24.00 24.10 24.00 23.80 24.00 23.90 23.90 * 23.20 23.30 23.20 23.30 23.30 23.30 23.20 23.00 23.00 23.10 23.20 23.20 23.10 23.00 23.00 22.90 * 0
2018-01-06 04:40:42 23.50 23.50 23.50 23.60 23.90 24.30 23.80 23.50 24.40 24.00 24.10 24.00 23.90 24.00 23.90 23.90 * 23.30 23.30 23.30 23.40 23.50 23.40 23.30 23.10 23.10 23.10 23.30 23.20 23.20 23.20 23.10 23.00 * 0
2018-01-06 04:40:42 23.50 23.50 23.50 23.60 23.90 24.30 23.80 23.50 24.50 24.10 24.20 24.10 23.90 24.00 24.00 24.00 * 23.30 23.40 23.40 23.40 23.50 23.40 23.30 23.10 23.20 23.20 23.30 23.30 23.30 23.30 23.20 23.10 * 0
2018-01-06 04:40:42 23.60 23.50 23.60 23.60 23.90 24.40 23.80 23.60 24.40 24.00 24.10 24.00 23.90 24.00 24.00 24.00 * 23.20 23.20 23.20 23.20 23.30 23.30 23.10 22.90 23.10 23.20 23.20 23.20 23.20 23.20 23.10 23.00 * 0
2018-01-06 04:40:43 23.70 23.60 23.60 23.60 23.90 24.40 23.80 23.60 24.30 24.00 24.00 24.00 23.90 24.00 23.90 23.90 * 23.10 23.10 23.20 23.10 23.20 23.20 23.10 22.90 23.10 23.20 23.30 23.20 23.20 23.20 23.10 23.00 * 0
2018-01-06 04:40:43 23.70 23.60 23.60 23.60 23.90 24.40 23.80 23.60 24.40 24.10 24.00 24.00 24.00 24.00 23.90 23.90 * 23.10 23.10 23.10 23.10 23.20 23.20 23.10 22.80 23.30 23.30 23.40 23.30 23.30 23.30 23.20 23.20 * 0
2018-01-06 04:40:43 23.90 23.80 23.80 23.80 24.10 24.50 24.00 23.90 24.40 24.00 24.10 24.10 23.90 24.10 23.90 23.90 * 23.00 23.10 23.10 23.10 23.20 23.10 23.00 22.70 23.10 23.10 23.30 23.20 23.20 23.10 23.10 23.00 * 0
2018-01-06 04:40:44 23.90 23.80 23.80 23.90 24.10 24.60 24.10 23.90 24.40 24.10 24.20 24.10 24.00 24.00 23.90 24.00 * 23.10 23.10 23.10 23.20 23.20 23.20 23.10 22.90 23.00 23.00 23.20 23.10 23.00 23.00 23.00 22.90 * 0
2018-01-06 04:40:44 23.90 23.70 23.70 23.80 24.10 24.50 24.10 23.80 24.40 24.10 24.10 24.10 23.90 24.00 23.90 23.90 * 23.10 23.10 23.20 23.20 23.20 23.20 23.10 22.90 23.10 23.10 23.20 23.30 23.10 23.10 23.10 23.00 * 0
2018-01-06 04:40:44 23.50 23.50 23.50 23.50 23.90 24.30 23.80 23.50 24.40 24.00 24.10 24.00 23.90 24.00 23.80 23.90 * 23.10 23.10 23.10 23.20 23.20 23.10 23.10 22.90 23.10 23.20 23.30 23.30 23.20 23.20 23.20 23.10 * 0
2018-01-06 04:40:44 23.50 23.50 23.50 23.50 23.80 24.20 23.70 23.50 24.50 24.10 24.20 24.10 24.00 24.10 23.90 24.00 * 23.10 23.20 23.20 23.20 23.30 23.20 23.10 23.00 23.40 23.40 23.40 23.40 23.30 23.30 23.30 23.20 * 0
2018-01-06 04:40:45 23.50 23.40 23.50 23.50 23.80 24.20 23.70 23.50 24.40 24.10 24.20 24.10 24.00 24.10 23.90 24.00 * 23.30 23.30 23.40 23.30 23.50 23.40 23.30 23.10 23.20 23.20 23.40 23.30 23.20 23.20 23.20 23.10 * 0
2018-01-06 04:40:45 23.50 23.40 23.50 23.50 23.80 24.20 23.60 23.40 24.30 24.00 24.10 24.00 23.80 23.90 23.80 23.90 * 23.20 23.20 23.30 23.30 23.40 23.30 23.20 23.10 23.10 23.10 23.30 23.30 23.20 23.10 23.20 23.10 * 0
2018-01-06 04:40:45 23.50 23.50 23.60 23.60 23.80 24.30 23.70 23.50 24.40 24.00 24.10 24.00 23.80 24.00 23.80 23.90 * 23.20 23.20 23.30 23.30 23.40 23.30 23.10 23.00 23.10 23.20 23.30 23.30 23.20 23.20 23.10 23.10 * 0
2018-01-06 04:40:45 23.70 23.60 23.60 23.70 23.90 24.40 23.90 23.70 24.40 24.00 24.10 24.00 23.90 24.10 23.90 23.90 * 23.30 23.30 23.30 23.30 23.40 23.40 23.20 23.00 23.10 23.10 23.20 23.10 23.10 23.10 23.10 23.00 * 0
2018-01-06 04:40:46 23.90 23.70 23.80 23.80 24.10 24.50 24.00 23.80 24.40 24.00 24.10 24.10 24.00 24.00 23.90 23.90 * 23.20 23.20 23.30 23.30 23.30 23.30 23.10 23.00 23.10 23.10 23.20 23.10 23.10 23.10 23.00 23.00 * 0
2018-01-06 04:40:46 23.90 23.80 23.80 23.80 24.10 24.50 24.00 23.80 24.30 24.00 24.10 24.10 23.90 24.00 23.90 23.90 * 23.10 23.10 23.20 23.20 23.30 23.30 23.10 22.90 23.10 23.10 23.20 23.10 23.10 23.10 23.10 23.00 * 0
2018-01-06 04:40:46 23.70 23.70 23.70 23.70 23.90 24.40 23.90 23.70 24.30 24.00 24.10 24.00 23.90 24.00 23.80 23.90 * 23.10 23.10 23.20 23.20 23.30 23.20 23.10 22.90 23.10 23.10 23.20 23.10 23.10 23.10 23.10 23.00 * 0
2018-01-06 04:40:47 23.60 23.60 23.60 23.70 23.90 24.40 23.90 23.60 24.30 24.00 24.10 23.90 23.90 24.00 23.80 23.90 * 23.20 23.20 23.20 23.20 23.40 23.30 23.20 23.00 23.20 23.20 23.30 23.20 23.20 23.20 23.20 23.10 * 0
2018-01-06 04:40:47 23.70 23.60 23.60 23.70 24.00 24.40 23.90 23.60 24.30 23.90 24.10 24.00 23.90 23.90 23.80 23.90 * 23.20 23.20 23.20 23.30 23.40 23.30 23.20 23.00 23.00 23.00 23.20 23.10 23.10 23.00 23.00 22.90 * 0
2018-01-06 04:40:47 23.70 23.60 23.60 23.70 24.00 24.40 23.90 23.70 24.30 23.80 24.00 24.00 23.90 23.90 23.80 23.80 * 23.30 23.30 23.30 23.30 23.50 23.40 23.20 23.10 22.90 23.00 23.10 23.10 23.00 23.00 23.00 22.80 * 0
2018-01-06 04:40:47 23.70 23.70 23.60 23.70 23.90 24.40 23.80 23.60 24.30 23.90 24.00 24.00 23.90 23.90 23.80 23.90 * 23.30 23.30 23.30 23.40 23.50 23.40 23.30 23.20 22.90 23.00 23.20 23.10 23.00 23.00 23.00 22.90 * 0
2018-01-06 04:40:48 23.60 23.70 23.60 23.70 23.90 24.40 23.80 23.60 24.40 24.00 24.00 24.00 23.90 24.00 23.90 24.00 * 23.40 23.40 23.30 23.40 23.50 23.40 23.30 23.20 22.90 23.00 23.10 23.00 23.00 23.00 22.90 22.90 * 0
2018-01-06 04:40:48 23.60 23.60 23.60 23.70 23.90 24.40 23.90 23.60 24.50 24.10 24.10 24.10 24.10 24.10 24.00 24.00 * 23.40 23.40 23.40 23.50 23.50 23.50 23.40 23.20 22.90 23.00 23.10 23.10 23.00 23.00 23.00 22.80 * 0
2018-01-06 04:40:48 23.50 23.60 23.60 23.60 23.90 24.30 23.80 23.50 24.40 24.10 24.10 24.10 24.00 24.10 23.90 23.90 * 23.40 23.40 23.40 23.40 23.50 23.50 23.40 23.20 23.00 23.00 23.10 23.10 23.10 23.10 23.10 22.90 * 0
2018-01-06 04:40:48 23.50 23.50 23.50 23.60 23.80 24.30 23.70 23.40 24.40 24.00 24.10 24.00 23.90 24.00 23.80 23.90 * 23.20 23.20 23.30 23.20 23.30 23.30 23.20 23.00 23.10 23.10 23.10 23.10 23.10 23.10 23.10 22.90 * 0
2018-01-06 04:40:49 23.50 23.40 23.40 23.50 23.80 24.30 23.70 23.40 24.30 24.00 24.10 24.00 23.90 23.90 23.80 24.00 * 23.10 23.20 23.20 23.20 23.30 23.30 23.20 23.00 23.10 23.20 23.30 23.20 23.20 23.20 23.20 23.00 * 0
2018-01-06 04:40:49 23.60 23.50 23.50 23.60 23.80 24.30 23.80 23.50 24.40 24.00 24.10 24.00 23.90 24.00 23.90 24.00 * 23.10 23.20 23.20 23.20 23.30 23.30 23.10 23.00 23.10 23.20 23.30 23.20 23.20 23.20 23.20 23.10 * 0
2018-01-06 04:40:49 23.60 23.60 23.60 23.60 23.90 24.40 23.80 23.60 24.40 24.10 24.10 24.00 23.90 24.00 23.90 23.90 * 23.10 23.10 23.10 23.20 23.20 23.20 23.00 22.90 23.10 23.10 23.20 23.20 23.20 23.10 23.10 23.00 * 0
2018-01-06 04:40:49 23.60 23.60 23.60 23.60 23.90 24.40 23.80 23.70 24.40 24.10 24.10 24.00 23.90 24.00 23.90 23.90 * 23.00 23.10 23.10 23.10 23.20 23.10 23.00 22.80 23.10 23.10 23.20 23.20 23.10 23.10 23.10 23.00 * 0
2018-01-06 04:40:50 23.80 23.80 23.80 23.80 24.10 24.50 24.00 23.80 24.40 24.10 24.20 24.10 24.00 24.00 23.90 24.10 * 23.20 23.20 23.20 23.20 23.30 23.20 23.00 22.90 23.10 23.10 23.30 23.20 23.10 23.10 23.10 23.10 * 0
2018-01-06 04:40:50 23.80 23.70 23.60 23.80 24.00 24.40 23.90 23.70 24.30 24.00 24.10 24.00 23.90 24.00 24.00 24.00 * 23.20 23.20 23.20 23.20 23.30 23.20 23.10 22.90 23.00 23.10 23.20 23.20 23.10 23.10 23.10 23.00 * 0
2018-01-06 04:40:50 23.70 23.60 23.60 23.70 24.00 24.40 23.90 23.70 24.40 24.00 24.20 24.00 24.00 24.10 24.00 24.00 * 23.10 23.00 23.10 23.10 23.10 23.10 23.00 22.80 23.20 23.30 23.50 23.40 23.30 23.40 23.30 23.20 * 0
2018-01-06 04:40:50 23.60 23.50 23.50 23.70 23.90 24.40 23.80 23.60 24.50 24.10 24.20 24.00 24.00 24.10 24.00 24.00 * 23.30 23.20 23.30 23.30 23.40 23.40 23.20 23.10 23.30 23.40 23.50 23.40 23.40 23.40 23.40 23.20 * 0
2018-01-06 04:40:51 23.50 23.50 23.50 23.70 23.90 24.30 23.80 23.50 24.40 24.00 24.10 24.00 24.00 24.00 23.90 23.90 * 23.20 23.20 23.20 23.30 23.30 23.40 23.20 23.00 23.20 23.30 23.40 23.30 23.20 23.30 23.30 23.10 * 0
2018-01-06 04:40:51 23.50 23.50 23.60 23.70 23.90 24.30 23.80 23.50 24.40 24.00 24.10 24.10 24.10 24.10 23.90 23.90 * 23.20 23.20 23.20 23.30 23.40 23.30 23.20 23.00 23.20 23.10 23.30 23.30 23.20 23.20 23.20 23.10 * 0
2018-01-06 04:40:51 23.80 23.70 23.60 23.70 24.00 24.50 23.90 23.70 24.30 24.00 24.10 24.00 23.90 23.90 23.90 23.90 * 23.20 23.20 23.20 23.30 23.40 23.30 23.10 22.90 23.00 23.10 23.20 23.20 23.10 23.10 23.00 22.90 * 0
2018-01-06 04:40:52 23.80 23.80 23.80 23.80 24.10 24.60 24.00 23.80 24.30 24.10 24.10 24.00 23.90 24.00 23.90 23.90 * 23.20 23.20 23.20 23.20 23.30 23.30 23.00 22.90 23.10 23.20 23.30 23.20 23.10 23.20 23.10 23.00 * 0
2018-01-06 04:40:52 23.90 23.90 23.90 23.90 24.20 24.60 24.10 23.90 24.40 24.10 24.10 24.00 24.00 24.00 23.90 23.90 * 23.10 23.10 23.10 23.10 23.20 23.20 23.00 22.90 23.20 23.20 23.40 23.30 23.20 23.30 23.20 23.10 * 0
2018-01-06 04:40:52 23.90 23.80 23.70 23.80 24.10 24.60 24.00 23.90 24.40 24.00 24.00 24.00 24.00 24.00 23.90 23.90 * 23.20 23.10 23.10 23.10 23.30 23.20 23.10 22.90 23.30 23.20 23.40 23.30 23.30 23.30 23.20 23.20 * 0
2018-01-06 04:40:52 23.70 23.60 23.60 23.70 23.90 24.40 23.90 23.70 24.40 24.00 24.10 24.00 24.00 24.00 23.90 24.00 * 23.20 23.10 23.20 23.20 23.30 23.20 23.10 22.80 23.20 23.20 23.40 23.30 23.20 23.20 23.30 23.20 * 0
2018-01-06 04:40:53 23.50 23.60 23.50 23.60 23.80 24.40 23.90 23.60 24.50 24.10 24.10 24.00 24.00 24.10 24.00 24.00 * 23.30 23.20 23.30 23.30 23.40 23.30 23.10 23.00 23.00 23.10 23.20 23.20 23.10 23.10 23.20 23.00 * 0
2018-01-06 04:40:53 23.50 23.60 23.60 23.60 23.80 24.40 23.80 23.60 24.40 24.10 24.10 24.00 23.90 24.00 24.00 24.00 * 23.40 23.40 23.50 23.50 23.50 23.40 23.30 23.20 23.00 23.10 23.20 23.10 23.10 23.10 23.10 22.90 * 0
2018-01-06 04:40:53 23.70 23.70 23.60 23.70 24.00 24.50 23.90 23.70 24.40 24.10 24.10 24.00 24.00 24.00 24.00 24.00 * 23.40 23.40 23.40 23.40 23.50 23.40 23.30 23.20 23.00 23.10 23.10 23.20 23.10 23.10 23.10 22.90 * 0
2018-01-06 04:40:53 23.60 23.60 23.60 23.70 23.90 24.40 23.80 23.60 24.40 24.10 24.10 24.10 23.90 24.00 23.80 24.00 * 23.30 23.30 23.40 23.30 23.50 23.40 23.30 23.10 22.90 23.00 23.10 23.10 23.00 23.00 22.90 22.80 * 0
2018-01-06 04:40:54 23.70 23.60 23.60 23.70 23.90 24.40 23.90 23.60 24.40 24.10 24.10 24.10 23.90 24.00 23.80 24.00 * 23.40 23.30 23.40 23.40 23.50 23.50 23.40 23.20 22.90 23.00 23.10 23.00 23.00 23.00 22.90 22.90 * 0
2018-01-06 04:40:54 23.80 23.70 23.70 23.70 24.00 24.40 24.00 23.70 24.40 24.10 24.10 24.00 23.90 24.00 23.90 24.00 * 23.20 23.20 23.20 23.30 23.40 23.30 23.10 23.00 23.00 23.00 23.20 23.10 23.10 23.10 23.00 23.00 * 0
2018-01-06 04:40:54 23.80 23.70 23.70 23.70 24.00 24.50 24.00 23.80 24.40 24.10 24.10 24.00 23.90 24.00 23.90 24.00 * 23.20 23.20 23.20 23.30 23.30 23.20 23.10 23.00 23.10 23.10 23.30 23.20 23.20 23.20 23.10 23.10 * 0
2018-01-06 04:40:55 23.70 23.70 23.70 23.70 24.00 24.50 23.90 23.70 24.30 24.00 24.00 24.00 23.80 23.80 23.90 23.90 * 23.10 23.10 23.10 23.20 23.30 23.20 23.00 22.90 23.10 23.10 23.30 23.20 23.20 23.10 23.10 22.90 * 0
2018-01-06 04:40:55 23.80 23.70 23.70 23.70 24.00 24.50 23.90 23.70 24.30 24.00 24.10 24.00 23.80 23.90 23.80 23.90 * 23.10 23.20 23.10 23.20 23.30 23.20 23.10 22.90 23.20 23.30 23.30 23.30 23.30 23.20 23.20 23.10 * 0
2018-01-06 04:40:55 23.80 23.70 23.70 23.80 24.00 24.50 24.00 23.70 24.40 24.00 24.10 24.00 23.90 24.00 23.80 23.90 * 23.20 23.20 23.20 23.20 23.30 23.20 23.10 22.90 23.10 23.20 23.30 23.20 23.20 23.20 23.10 23.10 * 0
2018-01-06 04:40:55 23.70 23.70 23.70 23.80 24.00 24.50 24.00 23.70 24.40 24.10 24.20 24.10 24.00 24.00 23.90 24.00 * 23.30 23.30 23.30 23.40 23.40 23.40 23.20 23.00 22.90 23.00 23.20 23.10 23.10 23.10 23.00 22.90 * 0
2018-01-06 04:40:56 23.70 23.70 23.70 23.80 24.00 24.50 23.90 23.80 24.40 24.10 24.20 24.10 24.00 24.00 24.00 24.00 * 23.40 23.40 23.40 23.40 23.50 23.40 23.30 23.10 22.90 23.00 23.20 23.10 23.00 23.00 23.00 22.90 * 0
2018-01-06 04:40:56 23.60 23.60 23.60 23.70 23.90 24.40 23.90 23.70 24.30 23.90 24.10 23.90 23.80 23.90 23.80 23.80 * 23.40 23.30 23.40 23.40 23.50 23.40 23.30 23.10 23.10 23.00 23.20 23.10 23.00 23.10 23.00 22.90 * 0
2018-01-06 04:40:56 23.50 23.50 23.60 23.60 23.90 24.40 23.90 23.60 24.30 24.00 24.10 23.90 23.80 23.90 23.80 23.80 * 23.30 23.30 23.30 23.40 23.40 23.40 23.20 23.00 23.20 23.20 23.40 23.30 23.30 23.30 23.20 23.10 * 0
2018-01-06 04:40:56 23.60 23.60 23.60 23.60 23.90 24.40 23.90 23.70 24.40 24.00 24.20 24.00 24.00 24.00 23.90 23.90 * 23.30 23.30 23.30 23.40 23.40 23.40 23.30 23.10 23.20 23.20 23.40 23.30 23.30 23.30 23.20 23.10 * 0
2018-01-06 04:40:57 23.50 23.50 23.50 23.60 23.80 24.30 23.80 23.50 24.30 24.00 24.00 24.00 23.90 23.90 23.90 23.80 * 23.20 23.20 23.20 23.30 23.30 23.30 23.20 23.00 23.20 23.20 23.40 23.30 23.20 23.20 23.20 23.10 * 0
2018-01-06 04:40:57 23.60 23.60 23.50 23.60 23.90 24.30 23.80 23.60 24.40 24.00 24.00 24.00 23.90 23.90 23.80 23.80 * 23.20 23.20 23.20 23.30 23.30 23.30 23.20 22.90 23.20 23.30 23.40 23.30 23.30 23.30 23.20 23.20 * 0
2018-01-06 04:40:57 23.60 23.70 23.60 23.70 23.90 24.40 23.90 23.70 24.40 24.10 24.20 24.10 24.00 24.00 23.90 24.00 * 23.20 23.20 23.30 23.20 23.40 23.30 23.20 23.10 23.20 23.30 23.50 23.30 23.30 23.30 23.30 23.20 * 0
2018-01-06 04:40:57 23.70 23.70 23.60 23.70 24.00 24.50 24.00 23.70 24.40 24.10 24.20 24.10 24.00 24.10 23.90 24.00 * 23.20 23.20 23.20 23.10 23.30 23.30 23.20 23.00 23.10 23.20 23.40 23.30 23.20 23.20 23.20 23.10 * 0
2018-01-06 04:40:58 23.80 23.70 23.80 23.80 24.10 24.50 24.10 23.80 24.40 24.00 24.00 24.00 23.90 24.00 23.90 23.90 * 23.20 23.10 23.20 23.10 23.20 23.20 23.10 23.00 23.00 23.10 23.20 23.20 23.10 23.10 23.10 23.00 * 0
2018-01-06 04:40:58 23.80 23.70 23.70 23.80 24.10 24.50 24.00 23.80 24.30 24.10 24.10 24.10 23.90 24.00 23.90 23.90 * 23.20 23.10 23.20 23.10 23.30 23.20 23.20 23.00 23.10 23.10 23.20 23.20 23.20 23.20 23.20 23.00 * 0
2018-01-06 04:40:58 23.70 23.70 23.60 23.70 24.00 24.50 23.90 23.70 24.30 24.00 24.10 24.10 23.90 24.00 23.90 23.90 * 23.20 23.30 23.40 23.30 23.40 23.30 23.20 23.10 23.20 23.20 23.30 23.20 23.20 23.20 23.20 23.10 * 0
2018-01-06 04:40:59 23.80 23.70 23.70 23.80 24.10 24.50 24.00 23.70 24.40 24.00 24.10 24.10 23.90 24.00 23.90 24.00 * 23.20 23.20 23.40 23.30 23.40 23.30 23.20 23.10 23.10 23.20 23.30 23.20 23.10 23.10 23.20 23.00 * 0
2018-01-06 04:40:59 23.70 23.70 23.70 23.80 24.10 24.50 23.90 23.70 24.50 24.10 24.20 24.10 24.00 24.10 24.00 24.00 * 23.30 23.30 23.30 23.30 23.30 23.20 23.20 23.10 23.10 23.10 23.30 23.20 23.10 23.10 23.20 22.90 * 0
2018-01-06 04:40:59 23.60 23.50 23.60 23.60 23.90 24.40 23.80 23.60 24.30 24.00 24.00 24.00 23.90 24.00 23.70 23.90 * 23.30 23.30 23.30 23.30 23.40 23.30 23.20 23.10 23.10 23.10 23.30 23.20 23.10 23.10 23.20 23.00 * 0
2018-01-06 04:40:59 23.60 23.60 23.50 23.60 23.80 24.30 23.80 23.50 24.30 24.00 24.10 24.00 23.90 24.00 23.80 23.90 * 23.20 23.20 23.20 23.30 23.30 23.20 23.10 22.90 23.10 23.10 23.30 23.30 23.20 23.10 23.20 23.00 * 0
2018-01-06 04:41:00 23.60 23.50 23.50 23.60 23.80 24.30 23.70 23.50 24.50 24.10 24.30 24.10 24.00 24.10 24.00 24.10 * 23.30 23.30 23.40 23.40 23.50 23.40 23.30 23.10 23.30 23.30 23.50 23.40 23.40 23.30 23.40 23.10 * 0
2018-01-06 04:41:00 23.50 23.40 23.50 23.60 23.90 24.30 23.70 23.50 24.50 24.10 24.20 24.00 24.00 24.00 24.00 24.10 * 23.20 23.20 23.20 23.30 23.30 23.30 23.20 23.00 23.30 23.30 23.40 23.30 23.40 23.20 23.30 23.10 * 0
2018-01-06 04:41:00 23.70 23.60 23.60 23.70 23.90 24.40 23.90 23.60 24.30 24.00 24.10 24.00 23.90 24.00 23.90 23.90 * 23.10 23.20 23.20 23.20 23.30 23.20 23.10 22.90 23.10 23.20 23.30 23.20 23.20 23.10 23.10 23.00 * 0
2018-01-06 04:41:00 23.80 23.80 23.60 23.80 24.00 24.50 23.90 23.70 24.40 24.00 24.10 24.10 24.00 24.10 24.00 24.00 * 23.10 23.20 23.20 23.20 23.30 23.20 23.10 22.90 23.10 23.10 23.30 23.30 23.30 23.20 23.20 23.10 * 0
2018-01-06 04:41:01 23.90 23.90 23.80 23.90 24.10 24.60 24.10 23.80 24.50 24.00 24.10 24.10 24.00 24.10 24.00 24.00 * 23.20 23.10 23.20 23.20 23.30 23.30 23.10 22.90 23.10 23.10 23.30 23.20 23.20 23.20 23.20 23.10 * 0
2018-01-06 04:41:01 23.90 23.80 23.80 23.90 24.10 24.60 24.10 23.80 24.40 24.00 24.10 24.10 24.00 24.00 23.90 23.90 * 23.00 23.00 23.10 23.10 23.20 23.20 23.00 22.80 23.00 23.10 23.20 23.10 23.10 23.20 23.10 23.00 * 0
2018-01-06 04:41:01 23.70 23.70 23.70 23.80 24.00 24.50 24.00 23.70 24.40 24.00 24.10 24.00 23.90 24.00 23.90 23.90 * 23.10 23.20 23.20 23.20 23.30 23.30 23.10 22.90 23.00 23.00 23.20 23.10 23.10 23.10 23.00 23.00 * 0
2018-01-06 04:41:01 23.70 23.60 23.60 23.70 24.00 24.50 23.80 23.60 24.40 24.10 24.10 24.00 23.90 24.00 23.90 23.90 * 23.20 23.30 23.20 23.30 23.40 23.20 23.10 23.00 23.00 23.00 23.20 23.10 23.10 23.00 23.00 22.90 * 0
2018-01-06 04:41:02 23.50 23.50 23.50 23.50 23.80 24.30 23.70 23.40 24.50 24.10 24.20 24.10 24.00 24.10 24.00 24.00 * 23.20 23.30 23.30 23.30 23.40 23.20 23.20 22.90 23.20 23.20 23.30 23.30 23.30 23.20 23.20 23.10 * 0
2018-01-06 04:41:02 23.40 23.40 23.40 23.40 23.70 24.20 23.60 23.40 24.50 24.10 24.10 24.10 24.00 24.10 23.90 24.00 * 23.30 23.30 23.30 23.30 23.40 23.30 23.20 22.90 23.10 23.10 23.30 23.20 23.20 23.20 23.10 23.00 * 0
2018-01-06 04:41:02 23.40 23.30 23.40 23.40 23.80 24.20 23.70 23.40 24.30 24.00 24.10 24.00 23.90 24.00 23.80 23.90 * 23.20 23.30 23.30 23.30 23.40 23.30 23.20 23.00 23.10 23.10 23.20 23.20 23.10 23.10 23.10 23.00 * 0
2018-01-06 04:41:03 23.70 23.60 23.60 23.70 23.90 24.50 23.90 23.70 24.40 24.10 24.30 24.10 24.00 24.10 24.00 24.10 * 23.20 23.30 23.30 23.30 23.40 23.30 23.20 23.00 23.00 23.10 23.30 23.30 23.20 23.10 23.10 23.00 * 0
2018-01-06 04:41:03 23.60 23.60 23.60 23.70 24.00 24.40 23.90 23.70 24.40 24.00 24.10 24.10 23.90 24.00 24.00 23.90 * 23.20 23.20 23.20 23.30 23.40 23.30 23.20 23.00 22.90 23.00 23.20 23.20 23.10 23.00 23.00 22.90 * 0
2018-01-06 04:41:03 23.60 23.60 23.60 23.70 24.00 24.40 24.00 23.70 24.40 23.90 24.00 24.00 23.90 23.90 23.90 23.80 * 23.00 23.00 23.10 23.10 23.20 23.10 23.00 22.80 23.00 23.00 23.20 23.10 23.10 23.00 23.00 22.90 * 0
2018-01-06 04:41:03 23.70 23.60 23.60 23.70 24.00 24.50 23.90 23.70 24.40 24.00 24.10 24.10 24.00 24.00 23.80 23.90 * 23.10 23.10 23.10 23.20 23.30 23.20 23.10 22.80 23.10 23.20 23.30 23.20 23.20 23.20 23.20 23.10 * 0
2018-01-06 04:41:04 23.60 23.60 23.50 23.60 23.90 24.40 23.80 23.50 24.30 24.00 24.00 24.00 23.90 23.90 23.80 23.90 * 23.10 23.20 23.20 23.20 23.30 23.30 23.10 22.90 23.10 23.20 23.30 23.30 23.20 23.20 23.20 23.10 * 0
2018-01-06 04:41:04 23.50 23.50 23.50 23.60 23.80 24.30 23.70 23.40 24.40 24.10 24.10 24.10 23.90 24.00 23.80 23.90 * 23.10 23.10 23.10 23.20 23.30 23.20 23.00 22.80 23.20 23.30 23.40 23.40 23.30 23.30 23.30 23.20 * 0
2018-01-06 04:41:04 23.40 23.40 23.40 23.50 23.80 24.30 23.70 23.40 24.40 24.10 24.10 24.00 23.90 24.00 23.90 23.90 * 23.10 23.10 23.20 23.20 23.30 23.20 23.00 22.90 23.10 23.30 23.50 23.40 23.30 23.30 23.20 23.20 * 0
2018-01-06 04:41:04 23.40 23.40 23.40 23.60 23.80 24.20 23.70 23.40 24.30 24.00 24.00 23.90 23.90 24.00 23.80 23.80 * 23.30 23.40 23.40 23.30 23.50 23.40 23.30 23.10 23.00 23.20 23.40 23.20 23.20 23.30 23.20 23.10 * 0
2018-01-06 04:41:05 23.50 23.50 23.50 23.60 23.90 24.40 23.80 23.60 24.40 24.00 24.10 24.10 24.00 24.00 24.00 24.00 * 23.40 23.30 23.30 23.30 23.50 23.40 23.30 23.10 23.10 23.10 23.30 23.20 23.20 23.10 23.10 23.00 * 0
2018-01-06 04:41:05 23.60 23.60 23.60 23.60 23.90 24.40 23.90 23.70 24.50 24.00 24.10 24.10 24.00 24.10 24.00 24.00 * 23.30 23.20 23.20 23.30 23.40 23.30 23.20 22.90 23.10 23.10 23.30 23.30 23.20 23.10 23.10 23.00 * 0
2018-01-06 04:41:05 23.60 23.60 23.60 23.60 23.80 24.40 23.90 23.60 24.30 24.00 24.10 24.00 23.90 24.00 24.00 23.90 * 23.10 23.20 23.20 23.30 23.30 23.20 23.10 22.90 23.10 23.10 23.30 23.30 23.20 23.10 23.10 23.00 * 0
2018-01-06 04:41:06 23.60 23.60 23.60 23.70 23.90 24.50 23.90 23.70 24.30 24.00 24.10 24.00 23.90 24.00 23.90 23.90 * 23.10 23.10 23.10 23.20 23.20 23.10 23.10 22.80 23.10 23.20 23.30 23.30 23.20 23.10 23.20 23.00 * 0
2018-01-06 04:41:06 23.70 23.60 23.60 23.60 23.90 24.50 24.00 23.70 24.40 24.10 24.10 24.10 24.00 24.00 23.90 24.00 * 23.10 23.10 23.10 23.10 23.20 23.10 23.10 22.80 23.10 23.20 23.40 23.30 23.30 23.20 23.20 23.10 * 0
2018-01-06 04:41:06 23.70 23.60 23.60 23.60 23.90 24.50 23.90 23.70 24.30 24.00 24.10 24.00 24.00 23.90 23.90 24.00 * 23.30 23.20 23.20 23.30 23.30 23.30 23.20 23.00 23.10 23.10 23.20 23.10 23.10 23.10 23.10 22.90 * 0
2018-01-06 04:41:06 23.50 23.50 23.50 23.50 23.80 24.30 23.70 23.50 24.40 24.00 24.00 24.00 23.90 23.90 23.90 24.00 * 23.30 23.30 23.30 23.30 23.40 23.40 23.20 23.00 23.20 23.20 23.30 23.30 23.20 23.20 23.20 23.10 * 0
2018-01-06 04:41:07 23.50 23.40 23.50 23.60 23.80 24.30 23.70 23.50 24.50 24.10 24.10 24.00 23.90 24.00 23.90 24.10 * 23.20 23.30 23.30 23.30 23.40 23.40 23.20 23.10 23.20 23.20 23.30 23.30 23.30 23.20 23.20 23.10 * 0
2018-01-06 04:41:07 23.50 23.50 23.50 23.60 23.90 24.30 23.70 23.60 24.40 24.10 24.10 24.10 24.00 24.00 23.90 24.10 * 23.40 23.40 23.50 23.50 23.60 23.50 23.40 23.30 23.10 23.10 23.30 23.20 23.20 23.10 23.10 23.00 * 0
2018-01-06 04:41:07 23.70 23.60 23.60 23.70 24.00 24.40 23.90 23.70 24.40 24.10 24.10 24.10 24.00 24.00 23.90 24.00 * 23.50 23.40 23.50 23.50 23.60 23.50 23.40 23.20 23.00 23.00 23.20 23.10 23.10 23.00 23.00 22.90 * 0
2018-01-06 04:41:07 23.60 23.50 23.60 23.60 23.80 24.30 23.80 23.60 24.30 24.00 24.00 24.00 23.90 23.90 23.80 23.90 * 23.30 23.30 23.30 23.40 23.40 23.30 23.20 23.10 23.10 23.20 23.30 23.20 23.20 23.10 23.10 23.00 * 0
2018-01-06 04:41:08 23.50 23.50 23.50 23.60 23.80 24.30 23.80 23.60 24.40 24.00 24.10 24.10 23.90 23.90 23.80 24.00 * 23.20 23.20 23.30 23.30 23.30 23.30 23.10 23.00 23.10 23.20 23.30 23.30 23.20 23.10 23.20 23.00 * 0
2018-01-06 04:41:08 23.50 23.50 23.50 23.60 23.80 24.30 23.80 23.60 24.40 24.10 24.10 24.00 23.90 24.00 23.90 23.90 * 23.20 23.20 23.20 23.30 23.40 23.30 23.20 22.90 23.20 23.30 23.40 23.40 23.30 23.30 23.30 23.20 * 0
2018-01-06 04:41:08 23.60 23.60 23.60 23.60 23.90 24.30 23.80 23.60 24.40 24.10 24.10 24.00 24.00 24.00 24.00 23.90 * 23.10 23.10 23.10 23.10 23.30 23.20 23.00 22.80 23.30 23.40 23.50 23.50 23.40 23.40 23.40 23.30 * 0
2018-01-06 04:41:08 23.70 23.70 23.70 23.70 24.00 24.50 23.90 23.70 24.40 24.00 24.10 24.00 24.00 23.90 23.80 24.00 * 23.10 23.10 23.10 23.20 23.20 23.10 23.00 22.90 23.20 23.30 23.40 23.30 23.20 23.30 23.30 23.10 * 0
2018-01-06 04:41:09 23.70 23.70 23.70 23.70 24.00 24.50 23.90 23.80 24.30 24.00 24.10 24.00 23.90 23.90 23.80 23.90 * 23.20 23.20 23.30 23.30 23.40 23.30 23.10 23.00 23.10 23.10 23.30 23.20 23.10 23.10 23.10 23.00 * 0
2018-01-06 04:41:09 23.70 23.70 23.70 23.70 24.00 24.50 24.00 23.80 24.40 24.00 24.10 24.00 23.90 24.00 23.90 24.00 * 23.20 23.20 23.20 23.30 23.30 23.30 23.10 23.00 23.10 23.10 23.20 23.20 23.10 23.10 23.10 22.90 * 0
