2018-01-06 04:39:27 23.80 23.80 23.80 23.80 24.10 24.50 24.10 23.80 24.50 24.10 24.20 24.00 24.00 24.10 23.90 24.00 * 23.20 23.20 23.30 23.20 23.30 23.20 23.10 23.00 23.00 23.10 23.20 23.20 23.00 23.00 23.00 22.90 * 0
2018-01-06 04:39:27 23.80 23.70 23.70 23.80 24.10 24.50 24.00 23.70 24.60 24.20 24.30 24.10 24.10 24.10 24.00 24.10 * 23.20 23.20 23.20 23.30 23.30 23.20 23.10 23.00 22.90 23.00 23.10 23.10 23.00 23.00 22.90 22.80 * 0
2018-01-06 04:39:27 23.80 23.80 23.80 23.80 24.20 24.50 24.10 23.80 24.50 24.00 24.10 24.00 23.90 23.90 23.90 23.90 * 23.30 23.30 23.30 23.30 23.40 23.30 23.20 23.00 23.00 23.00 23.20 23.10 23.10 23.00 23.10 22.90 * 0
2018-01-06 04:39:27 23.80 23.80 23.80 23.90 24.20 24.60 24.10 23.90 24.30 24.00 24.00 24.00 23.90 23.90 23.90 23.90 * 23.40 23.30 23.30 23.40 23.40 23.40 23.30 23.10 23.10 23.10 23.20 23.20 23.10 23.10 23.20 23.00 * 0
2018-01-06 04:39:28 23.80 23.80 23.70 23.80 24.10 24.60 24.10 23.90 24.50 24.10 24.20 24.20 24.00 24.10 24.00 24.10 * 23.20 23.20 23.30 23.30 23.30 23.30 23.10 22.90 23.20 23.30 23.30 23.30 23.20 23.20 23.20 23.10 * 0
2018-01-06 04:39:28 23.60 23.60 23.60 23.60 23.90 24.40 23.80 23.50 24.50 24.10 24.20 24.10 24.00 24.10 24.00 24.10 * 23.10 23.10 23.20 23.10 23.20 23.20 23.10 22.80 23.20 23.30 23.40 23.30 23.30 23.30 23.30 23.20 * 0
2018-01-06 04:39:28 23.60 23.60 23.60 23.60 23.90 24.40 23.90 23.40 24.30 23.90 24.00 23.90 23.90 23.90 23.70 23.80 * 23.30 23.30 23.30 23.30 23.40 23.30 23.20 23.00 23.10 23.10 23.30 23.20 23.10 23.20 23.20 23.00 * 0
2018-01-06 04:39:28 23.60 23.60 23.60 23.70 23.90 24.40 23.90 23.50 24.50 24.10 24.20 24.10 24.10 24.00 24.00 24.00 * 23.20 23.20 23.20 23.30 23.40 23.30 23.20 22.90 23.10 23.20 23.30 23.20 23.20 23.20 23.30 23.00 * 0
2018-01-06 04:39:29 23.70 23.70 23.70 23.80 24.10 24.60 24.00 23.70 24.50 24.10 24.20 24.10 24.00 24.00 23.90 24.00 * 23.10 23.10 23.20 23.20 23.30 23.20 23.10 22.80 23.00 23.00 23.20 23.20 23.10 23.10 23.10 22.90 * 0
2018-01-06 04:39:29 23.80 23.70 23.70 23.70 24.00 24.60 24.00 23.70 24.30 24.00 24.00 23.90 23.90 23.90 23.70 23.90 * 23.20 23.20 23.20 23.30 23.40 23.20 23.10 22.90 23.00 23.00 23.20 23.10 23.10 23.10 23.10 22.90 * 0
2018-01-06 04:39:29 23.80 23.70 23.70 23.70 24.00 24.60 24.00 23.70 24.30 23.90 24.00 23.90 23.90 23.90 23.70 23.80 * 23.10 23.20 23.20 23.10 23.30 23.20 23.10 22.90 23.00 23.00 23.10 23.10 23.00 23.10 23.00 22.90 * 0
2018-01-06 04:39:29 23.80 23.80 23.70 23.80 24.10 24.60 24.00 23.70 24.50 24.20 24.30 24.20 24.10 24.10 24.00 24.10 * 23.10 23.20 23.10 23.10 23.20 23.20 23.00 22.80 23.00 23.10 23.20 23.10 23.10 23.10 23.00 23.00 * 0
2018-01-06 04:39:30 23.80 23.70 23.70 23.80 24.10 24.60 24.00 23.70 24.30 24.00 24.10 24.00 23.90 23.90 23.80 23.90 * 23.10 23.20 23.10 23.20 23.20 23.20 23.00 22.80 23.10 23.20 23.40 23.30 23.20 23.20 23.20 23.10 * 0
2018-01-06 04:39:30 23.80 23.70 23.70 23.80 24.00 24.50 24.00 23.70 24.20 23.80 24.00 23.80 23.70 23.80 23.60 23.70 * 23.20 23.20 23.20 23.30 23.40 23.30 23.10 22.90 23.10 23.10 23.30 23.30 23.20 23.10 23.10 23.10 * 0
2018-01-06 04:39:30 23.60 23.50 23.50 23.60 23.90 24.40 23.80 23.50 24.50 24.10 24.10 24.10 24.00 24.10 23.90 24.00 * 23.30 23.30 23.30 23.30 23.40 23.30 23.20 23.00 23.10 23.10 23.30 23.30 23.20 23.10 23.20 23.10 * 0
2018-01-06 04:39:31 23.50 23.50 23.50 23.50 23.80 24.30 23.70 23.50 24.30 24.00 24.10 24.00 23.90 24.00 23.90 23.90 * 23.40 23.40 23.40 23.40 23.50 23.40 23.30 23.20 23.10 23.10 23.30 23.20 23.20 23.20 23.20 23.00 * 0
2018-01-06 04:39:31 23.70 23.70 23.70 23.70 24.10 24.50 24.00 23.70 24.30 23.90 24.10 24.00 23.90 24.00 23.90 24.00 * 23.40 23.40 23.40 23.40 23.40 23.40 23.30 23.10 22.90 23.00 23.10 23.10 23.00 23.00 23.00 22.90 * 0
2018-01-06 04:39:31 23.80 23.80 23.80 23.80 24.20 24.60 24.00 23.80 24.40 24.10 24.20 24.00 24.00 24.00 23.90 24.00 * 23.20 23.20 23.30 23.30 23.30 23.30 23.10 22.90 22.90 23.00 23.10 23.10 23.00 23.00 23.00 22.90 * 0
2018-01-06 04:39:31 23.90 23.80 23.80 23.90 24.20 24.60 24.10 23.80 24.40 24.10 24.10 24.00 23.90 24.00 23.90 23.90 * 23.20 23.20 23.30 23.30 23.30 23.30 23.20 23.00 23.00 23.10 23.20 23.20 23.10 23.00 23.10 23.00 * 0
2018-01-06 04:39:32 23.80 23.80 23.80 23.90 24.10 24.60 24.10 23.80 24.30 23.90 24.10 23.90 23.90 23.90 23.90 23.90 * 23.20 23.30 23.30 23.20 23.40 23.30 23.20 23.00 23.10 23.20 23.30 23.20 23.20 23.10 23.20 23.00 * 0
2018-01-06 04:39:32 23.90 23.90 23.80 23.90 24.20 24.70 24.20 23.90 24.40 24.10 24.20 24.10 24.00 24.00 24.00 24.10 * 23.10 23.30 23.20 23.20 23.30 23.30 23.10 23.00 23.00 23.10 23.30 23.20 23.10 23.10 23.10 23.00 * 0
2018-01-06 04:39:32 23.80 23.80 23.80 23.90 24.10 24.60 24.10 23.80 24.60 24.30 24.30 24.20 24.10 24.20 24.10 24.30 * 23.10 23.10 23.10 23.10 23.30 23.20 23.10 22.90 23.10 23.20 23.40 23.30 23.20 23.30 23.30 23.10 * 0
2018-01-06 04:39:32 23.80 23.80 23.80 23.80 24.10 24.60 24.10 23.80 24.40 24.10 24.10 24.10 23.90 24.00 23.90 24.00 * 23.20 23.30 23.30 23.30 23.40 23.30 23.20 23.10 23.20 23.30 23.40 23.30 23.30 23.30 23.30 23.10 * 0
2018-01-06 04:39:33 23.80 23.80 23.80 23.80 24.10 24.60 24.00 23.80 24.50 24.10 24.20 24.10 24.00 24.00 23.90 24.00 * 23.30 23.30 23.30 23.30 23.40 23.40 23.20 23.10 23.20 23.20 23.40 23.30 23.20 23.20 23.30 23.10 * 0
2018-01-06 04:39:33 23.70 23.70 23.70 23.80 24.00 24.50 23.90 23.70 24.70 24.20 24.40 24.30 24.10 24.10 24.10 24.20 * 23.30 23.30 23.30 23.30 23.40 23.30 23.20 23.00 23.10 23.20 23.40 23.30 23.30 23.30 23.30 23.00 * 0
2018-01-06 04:39:33 23.60 23.60 23.60 23.70 23.90 24.40 23.90 23.60 24.40 24.00 24.10 24.00 23.90 24.00 23.90 24.00 * 23.40 23.30 23.40 23.30 23.50 23.40 23.30 23.10 23.20 23.30 23.40 23.40 23.30 23.30 23.30 23.10 * 0
2018-01-06 04:39:34 23.70 23.60 23.60 23.70 24.00 24.50 23.90 23.60 24.20 23.90 23.90 23.90 23.70 23.90 23.80 23.80 * 23.20 23.20 23.20 23.20 23.30 23.30 23.20 22.90 23.10 23.20 23.40 23.30 23.20 23.20 23.20 23.00 * 0
2018-01-06 04:39:34 23.70 23.80 23.70 23.80 24.10 24.50 23.90 23.70 24.40 24.00 24.10 24.10 23.90 24.00 23.90 23.90 * 23.10 23.10 23.10 23.20 23.30 23.20 23.10 22.80 23.10 23.10 23.30 23.30 23.20 23.20 23.20 23.10 * 0
2018-01-06 04:39:34 23.80 23.90 23.80 24.00 24.20 24.60 24.10 23.80 24.30 24.00 24.00 24.00 23.90 24.00 23.80 23.90 * 23.20 23.20 23.20 23.20 23.30 23.30 23.10 22.90 23.20 23.20 23.30 23.30 23.20 23.30 23.20 23.10 * 0
2018-01-06 04:39:34 23.80 23.80 23.70 23.90 24.10 24.60 24.10 23.80 24.20 23.90 24.00 23.90 23.90 23.90 23.80 23.90 * 23.20 23.30 23.30 23.20 23.30 23.20 23.10 22.90 23.10 23.10 23.30 23.30 23.20 23.20 23.10 23.00 * 0
2018-01-06 04:39:35 23.70 23.70 23.70 23.80 24.10 24.50 24.00 23.70 24.60 24.20 24.20 24.20 24.10 24.10 24.00 24.10 * 23.00 23.00 23.00 23.10 23.10 23.10 23.00 22.70 23.00 23.10 23.30 23.20 23.20 23.10 23.10 23.00 * 0
2018-01-06 04:39:35 23.80 23.80 23.80 23.90 24.10 24.60 24.00 23.80 24.40 24.00 24.10 24.00 24.00 24.00 23.90 23.90 * 23.10 23.10 23.10 23.20 23.20 23.20 23.10 22.80 23.20 23.20 23.40 23.30 23.20 23.20 23.30 23.10 * 0
2018-01-06 04:39:35 23.90 23.80 23.90 23.90 24.20 24.70 24.10 23.90 24.20 23.80 23.90 23.80 23.80 23.80 23.70 23.70 * 23.20 23.30 23.30 23.30 23.40 23.30 23.20 23.00 23.20 23.20 23.30 23.30 23.30 23.20 23.30 23.10 * 0
2018-01-06 04:39:35 23.70 23.70 23.70 23.70 24.00 24.50 24.00 23.70 24.20 23.90 23.90 23.90 23.80 23.80 23.80 23.80 * 23.20 23.30 23.30 23.30 23.50 23.40 23.20 23.00 23.10 23.20 23.30 23.30 23.20 23.20 23.20 23.10 * 0
2018-01-06 04:39:36 23.70 23.60 23.70 23.70 24.00 24.50 23.90 23.60 24.50 24.20 24.20 24.20 24.00 24.10 24.00 24.10 * 23.10 23.20 23.20 23.30 23.30 23.20 23.00 22.80 23.30 23.40 23.40 23.40 23.30 23.40 23.30 23.20 * 0
2018-01-06 04:39:36 23.60 23.60 23.60 23.70 23.90 24.40 23.80 23.60 24.30 23.90 24.00 24.00 23.90 23.90 23.80 23.90 * 23.20 23.30 23.30 23.40 23.40 23.30 23.20 22.90 23.40 23.50 23.60 23.50 23.50 23.50 23.40 23.40 * 0
2018-01-06 04:39:36 23.70 23.70 23.70 23.70 24.00 24.50 23.90 23.70 24.30 23.90 24.00 24.00 23.90 23.90 23.80 23.80 * 23.40 23.30 23.40 23.40 23.50 23.40 23.40 23.10 23.20 23.30 23.40 23.30 23.30 23.30 23.20 23.20 * 0
2018-01-06 04:39:36 23.60 23.60 23.50 23.70 23.90 24.40 23.80 23.60 24.50 24.10 24.10 24.10 24.00 24.10 24.00 24.00 * 23.30 23.20 23.30 23.30 23.40 23.40 23.30 23.10 23.20 23.20 23.40 23.30 23.20 23.30 23.20 23.10 * 0
2018-01-06 04:39:37 23.70 23.70 23.60 23.70 23.90 24.40 23.90 23.60 24.40 24.10 24.10 24.00 24.00 24.10 24.00 24.00 * 23.40 23.40 23.40 23.40 23.50 23.40 23.30 23.10 23.30 23.20 23.40 23.30 23.30 23.30 23.20 23.20 * 0
2018-01-06 04:39:37 23.70 23.70 23.70 23.70 24.00 24.50 23.90 23.70 24.50 24.10 24.20 24.10 24.00 24.00 23.90 23.90 * 23.40 23.40 23.40 23.50 23.50 23.40 23.40 23.10 23.20 23.10 23.40 23.20 23.20 23.20 23.20 23.10 * 0
2018-01-06 04:39:37 23.80 23.80 23.70 23.80 24.10 24.60 24.00 23.80 24.40 24.10 24.20 24.10 24.00 24.00 24.00 24.10 * 23.30 23.30 23.30 23.30 23.40 23.30 23.20 23.00 23.10 23.10 23.30 23.20 23.10 23.20 23.10 23.00 * 0
2018-01-06 04:39:38 23.80 23.70 23.70 23.80 24.10 24.60 24.00 23.80 24.30 24.00 24.10 24.00 23.90 23.90 23.80 24.00 * 23.20 23.20 23.30 23.20 23.30 23.30 23.20 23.00 23.10 23.10 23.30 23.20 23.20 23.20 23.10 23.10 * 0
2018-01-06 04:39:38 23.80 23.70 23.70 23.80 24.10 24.50 24.00 23.80 24.40 24.10 24.10 24.00 23.90 24.00 23.90 23.90 * 23.20 23.20 23.30 23.30 23.30 23.30 23.20 23.00 23.00 23.10 23.30 23.20 23.20 23.20 23.10 23.10 * 0
2018-01-06 04:39:38 23.80 23.70 23.70 23.80 24.10 24.50 24.00 23.80 24.50 24.20 24.20 24.10 24.00 24.10 24.00 24.00 * 23.20 23.20 23.20 23.30 23.30 23.30 23.20 22.90 23.10 23.20 23.30 23.20 23.20 23.20 23.10 23.10 * 0
2018-01-06 04:39:38 23.80 23.80 23.70 23.80 24.10 24.60 24.00 23.90 24.20 23.90 24.00 23.90 23.80 23.90 23.70 23.70 * 23.30 23.30 23.30 23.40 23.40 23.40 23.20 23.10 23.20 23.20 23.40 23.30 23.20 23.20 23.10 23.10 * 0
2018-01-06 04:39:39 23.70 23.80 23.70 23.80 24.00 24.50 23.90 23.80 24.30 24.10 24.10 24.00 23.90 24.00 23.80 23.90 * 23.30 23.30 23.30 23.30 23.30 23.30 23.20 23.10 23.10 23.10 23.30 23.20 23.20 23.10 23.10 23.00 * 0
2018-01-06 04:39:39 23.70 23.60 23.60 23.70 23.90 24.30 23.80 23.50 24.50 24.30 24.20 24.20 24.00 24.10 24.00 24.20 * 23.20 23.30 23.30 23.30 23.30 23.30 23.20 23.00 23.20 23.20 23.40 23.40 23.30 23.30 23.20 23.20 * 0
2018-01-06 04:39:39 23.60 23.50 23.50 23.60 23.90 24.30 23.70 23.50 24.40 24.10 24.10 24.00 23.90 24.00 23.90 24.00 * 23.30 23.30 23.30 23.40 23.40 23.40 23.30 23.10 23.20 23.30 23.40 23.40 23.40 23.30 23.30 23.20 * 0
2018-01-06 04:39:39 23.70 23.60 23.60 23.70 23.90 24.40 23.80 23.60 24.30 24.00 24.00 24.00 23.80 24.00 23.80 23.80 * 23.20 23.30 23.30 23.30 23.40 23.30 23.20 23.10 23.00 23.10 23.30 23.10 23.10 23.10 23.10 22.90 * 0
2018-01-06 04:39:40 23.70 23.70 23.70 23.70 24.00 24.50 23.90 23.70 24.30 24.00 24.10 24.00 24.00 24.00 23.90 23.90 * 23.20 23.20 23.20 23.30 23.40 23.30 23.10 23.00 22.90 23.00 23.10 23.00 22.90 23.00 22.90 22.70 * 0
2018-01-06 04:39:40 23.80 23.70 23.70 23.80 24.00 24.50 24.00 23.80 24.10 23.90 24.10 24.00 23.90 23.90 23.80 23.80 * 23.20 23.20 23.20 23.30 23.30 23.30 23.10 22.90 23.10 23.10 23.20 23.20 23.10 23.10 23.00 22.90 * 0
2018-01-06 04:39:40 23.70 23.70 23.70 23.80 24.10 24.50 23.90 23.70 24.30 24.00 24.10 24.10 24.00 24.00 23.90 24.00 * 23.10 23.10 23.10 23.20 23.30 23.20 23.10 22.80 23.00 23.20 23.30 23.20 23.10 23.10 23.10 22.90 * 0
2018-01-06 04:39:40 23.80 23.80 23.80 23.90 24.10 24.50 24.00 23.80 24.50 24.10 24.20 24.20 24.10 24.10 24.00 24.10 * 23.10 23.10 23.10 23.20 23.30 23.20 23.10 22.90 23.20 23.20 23.40 23.30 23.20 23.20 23.20 23.10 * 0
2018-01-06 04:39:41 23.80 23.80 23.80 23.80 24.00 24.60 24.00 23.80 24.30 23.90 24.00 24.00 23.90 23.90 23.80 23.80 * 23.10 23.10 23.20 23.30 23.40 23.20 23.10 23.00 23.30 23.20 23.40 23.40 23.30 23.30 23.30 23.20 * 0
2018-01-06 04:39:41 23.70 23.60 23.60 23.70 23.90 24.50 23.80 23.60 24.30 24.00 24.10 24.00 23.90 23.90 23.80 23.90 * 23.10 23.20 23.30 23.30 23.40 23.30 23.20 23.00 23.30 23.20 23.40 23.40 23.40 23.40 23.30 23.20 * 0
2018-01-06 04:39:41 23.60 23.60 23.60 23.70 23.90 24.40 23.90 23.50 24.40 24.10 24.20 24.00 24.00 23.90 23.90 24.00 * 23.20 23.30 23.30 23.30 23.30 23.30 23.20 22.90 23.30 23.30 23.60 23.50 23.30 23.40 23.40 23.20 * 0
2018-01-06 04:39:41 23.70 23.60 23.60 23.60 23.90 24.40 23.80 23.50 24.50 24.10 24.20 24.20 24.00 24.10 24.00 24.00 * 23.20 23.20 23.30 23.30 23.30 23.30 23.20 23.00 23.30 23.40 23.50 23.50 23.30 23.40 23.40 23.20 * 0
2018-01-06 04:39:42 23.60 23.60 23.60 23.60 23.90 24.40 23.80 23.50 24.40 24.00 24.10 24.10 24.00 24.10 23.90 23.90 * 23.30 23.30 23.30 23.40 23.40 23.40 23.20 23.10 23.30 23.40 23.50 23.50 23.40 23.40 23.40 23.20 * 0
2018-01-06 04:39:42 23.60 23.60 23.60 23.60 23.90 24.40 23.90 23.50 24.20 23.90 24.10 24.00 23.90 24.00 23.70 23.80 * 23.30 23.30 23.40 23.40 23.40 23.40 23.20 23.10 23.10 23.20 23.40 23.30 23.30 23.30 23.20 23.00 * 0
2018-01-06 04:39:42 23.70 23.70 23.70 23.70 24.00 24.40 24.00 23.70 24.40 24.10 24.20 24.10 24.00 24.10 23.90 24.00 * 23.20 23.30 23.20 23.30 23.30 23.30 23.10 22.90 23.10 23.10 23.30 23.20 23.20 23.20 23.10 23.00 * 0
2018-01-06 04:39:43 23.90 23.80 23.80 23.80 24.10 24.50 24.10 23.80 24.40 24.00 24.10 24.00 23.90 24.00 23.90 23.90 * 23.20 23.20 23.20 23.30 23.30 23.30 23.10 22.90 23.20 23.30 23.40 23.40 23.30 23.30 23.30 23.10 * 0
2018-01-06 04:39:43 23.70 23.70 23.60 23.70 24.00 24.40 23.90 23.70 24.30 24.00 24.00 24.00 23.90 24.00 23.90 23.90 * 23.30 23.20 23.30 23.30 23.40 23.40 23.20 23.00 23.00 23.10 23.30 23.20 23.10 23.10 23.10 23.00 * 0
2018-01-06 04:39:43 23.70 23.70 23.60 23.70 24.10 24.50 23.90 23.70 24.30 24.00 24.10 24.10 23.90 24.10 24.00 23.90 * 23.20 23.20 23.20 23.20 23.30 23.20 23.10 22.90 23.00 23.10 23.20 23.20 23.20 23.20 23.10 23.00 * 0
2018-01-06 04:39:43 23.80 23.80 23.70 23.80 24.10 24.60 24.00 23.80 24.40 24.10 24.10 24.00 24.00 24.00 24.00 24.00 * 23.10 23.10 23.10 23.20 23.20 23.20 23.10 22.90 23.20 23.20 23.30 23.30 23.30 23.20 23.20 23.10 * 0
2018-01-06 04:39:44 23.80 23.70 23.70 23.80 24.10 24.60 24.00 23.80 24.30 24.00 24.10 23.90 23.90 24.00 23.90 23.80 * 23.10 23.10 23.20 23.10 23.30 23.30 23.10 23.00 23.30 23.20 23.40 23.30 23.30 23.20 23.30 23.20 * 0
2018-01-06 04:39:44 23.70 23.60 23.60 23.70 24.00 24.40 23.90 23.60 24.30 23.90 24.00 23.90 23.90 23.90 23.80 23.80 * 23.20 23.20 23.20 23.20 23.30 23.30 23.20 23.00 23.20 23.30 23.30 23.30 23.40 23.30 23.20 23.10 * 0
2018-01-06 04:39:44 23.70 23.60 23.60 23.70 24.00 24.40 23.90 23.60 24.40 24.00 24.10 24.00 23.90 24.00 23.90 24.00 * 23.30 23.30 23.40 23.40 23.40 23.30 23.30 23.10 23.10 23.20 23.30 23.30 23.30 23.20 23.20 23.00 * 0
2018-01-06 04:39:44 23.60 23.60 23.60 23.70 23.90 24.40 23.80 23.60 24.50 24.20 24.20 24.10 24.00 24.10 24.00 24.10 * 23.40 23.40 23.40 23.40 23.40 23.40 23.30 23.20 23.00 23.10 23.30 23.10 23.10 23.20 23.10 23.00 * 0
2018-01-06 04:39:45 23.60 23.60 23.60 23.60 23.90 24.40 23.80 23.50 24.30 24.00 24.10 24.00 23.90 23.90 23.90 24.00 * 23.50 23.50 23.50 23.50 23.50 23.50 23.40 23.30 23.00 23.10 23.20 23.10 23.10 23.10 23.00 22.90 * 0
2018-01-06 04:39:45 23.70 23.70 23.70 23.70 24.00 24.50 23.90 23.70 24.20 23.90 23.90 23.90 23.80 23.80 23.70 23.80 * 23.40 23.40 23.40 23.40 23.50 23.40 23.30 23.10 23.10 23.20 23.40 23.30 23.30 23.20 23.10 23.00 * 0
2018-01-06 04:39:45 23.70 23.70 23.70 23.80 24.00 24.50 23.90 23.70 24.20 23.90 24.00 23.90 23.80 23.90 23.80 23.80 * 23.30 23.30 23.30 23.30 23.50 23.40 23.20 23.00 23.10 23.20 23.30 23.30 23.30 23.20 23.20 23.10 * 0
2018-01-06 04:39:45 23.60 23.70 23.70 23.80 24.00 24.50 23.90 23.70 24.40 24.10 24.20 24.10 24.00 24.10 23.90 24.10 * 23.40 23.40 23.40 23.40 23.50 23.40 23.30 23.10 23.20 23.20 23.30 23.30 23.30 23.30 23.20 23.10 * 0
2018-01-06 04:39:46 23.60 23.70 23.70 23.80 24.00 24.50 23.90 23.70 24.30 23.90 24.00 23.90 23.80 24.00 23.80 23.90 * 23.40 23.40 23.40 23.40 23.50 23.40 23.20 23.10 23.20 23.30 23.40 23.40 23.40 23.30 23.30 23.10 * 0
2018-01-06 04:39:46 23.70 23.60 23.70 23.70 24.00 24.50 24.00 23.70 24.20 23.80 24.00 23.90 23.80 23.90 23.70 23.80 * 23.20 23.20 23.20 23.30 23.40 23.30 23.10 22.90 23.30 23.30 23.50 23.50 23.40 23.30 23.30 23.20 * 0
2018-01-06 04:39:46 23.60 23.60 23.70 23.70 24.00 24.40 23.90 23.70 24.30 24.00 24.10 24.00 23.90 24.00 23.80 23.90 * 23.10 23.10 23.10 23.10 23.20 23.20 23.00 22.90 23.10 23.10 23.30 23.20 23.20 23.20 23.10 22.90 * 0
2018-01-06 04:39:46 23.80 23.80 23.80 23.80 24.10 24.50 24.00 23.80 24.30 24.00 24.00 24.00 23.90 23.90 23.80 23.90 * 23.10 23.10 23.20 23.20 23.30 23.20 23.10 22.90 23.20 23.20 23.30 23.30 23.20 23.30 23.20 23.10 * 0
2018-01-06 04:39:47 23.80 23.80 23.80 23.90 24.10 24.50 24.00 23.80 24.20 23.90 24.00 23.90 23.80 23.90 23.70 23.80 * 23.10 23.10 23.20 23.20 23.20 23.20 23.10 22.80 23.20 23.20 23.30 23.30 23.20 23.20 23.20 23.10 * 0
2018-01-06 04:39:47 23.90 23.90 23.90 23.90 24.20 24.60 24.10 23.90 24.50 24.10 24.10 24.10 24.00 24.10 24.00 24.00 * 23.10 23.10 23.10 23.20 23.20 23.20 23.00 22.80 23.00 23.10 23.20 23.20 23.10 23.10 23.10 22.90 * 0
2018-01-06 04:39:47 23.90 23.90 23.80 23.90 24.20 24.60 24.10 23.90 24.40 24.00 24.10 23.90 23.90 24.00 23.90 23.90 * 23.10 23.10 23.10 23.20 23.20 23.20 23.10 22.90 23.00 23.10 23.30 23.30 23.20 23.10 23.10 22.90 * 0
2018-01-06 04:39:48 23.80 23.70 23.80 23.80 24.10 24.50 24.00 23.80 24.20 23.90 23.90 23.80 23.80 23.80 23.70 23.70 * 23.20 23.20 23.20 23.30 23.40 23.30 23.20 23.00 23.40 23.40 23.60 23.50 23.40 23.30 23.40 23.30 * 0
2018-01-06 04:39:48 23.70 23.60 23.60 23.70 23.90 24.40 23.90 23.70 24.30 24.00 24.00 23.90 23.80 23.90 23.80 23.80 * 23.20 23.30 23.20 23.30 23.40 23.30 23.20 23.00 23.30 23.30 23.50 23.40 23.40 23.30 23.30 23.20 * 0
2018-01-06 04:39:48 23.60 23.60 23.50 23.60 23.90 24.40 23.80 23.60 24.40 24.10 24.20 24.00 23.90 24.00 23.90 23.90 * 23.20 23.20 23.20 23.30 23.30 23.30 23.20 23.00 23.30 23.30 23.40 23.40 23.40 23.30 23.30 23.10 * 0
2018-01-06 04:39:48 23.50 23.60 23.50 23.60 23.80 24.30 23.80 23.50 24.30 24.00 24.00 23.90 23.80 23.90 23.70 23.80 * 23.20 23.20 23.20 23.20 23.30 23.30 23.20 23.00 23.30 23.30 23.40 23.40 23.40 23.30 23.30 23.30 * 0
2018-01-06 04:39:49 23.60 23.60 23.60 23.60 23.90 24.40 23.80 23.60 24.20 23.90 24.00 23.90 23.80 23.80 23.70 23.80 * 23.30 23.30 23.30 23.30 23.40 23.30 23.20 23.10 23.30 23.30 23.40 23.30 23.30 23.30 23.30 23.30 * 0
2018-01-06 04:39:49 23.70 23.60 23.70 23.70 24.00 24.50 24.00 23.70 24.40 24.00 24.10 24.00 23.80 23.90 23.90 23.90 * 23.20 23.30 23.30 23.30 23.40 23.30 23.10 23.00 23.10 23.10 23.20 23.20 23.20 23.20 23.10 23.00 * 0
2018-01-06 04:39:49 23.80 23.80 23.80 23.80 24.00 24.50 24.00 23.80 24.40 24.10 24.10 24.00 23.80 24.00 23.90 24.00 * 23.10 23.20 23.20 23.30 23.30 23.20 23.10 22.90 23.20 23.20 23.30 23.30 23.30 23.20 23.20 23.10 * 0
2018-01-06 04:39:49 23.90 23.90 23.80 23.80 24.10 24.50 24.10 23.80 24.40 24.00 24.00 24.00 23.90 23.90 23.80 23.90 * 23.20 23.20 23.20 23.30 23.40 23.30 23.10 22.90 23.10 23.20 23.40 23.20 23.20 23.20 23.10 23.10 * 0
2018-01-06 04:39:50 23.90 23.80 23.70 23.80 24.10 24.50 24.00 23.80 24.50 24.10 24.20 24.10 24.00 24.10 24.00 24.00 * 23.20 23.20 23.20 23.20 23.30 23.20 23.10 22.90 23.10 23.20 23.30 23.20 23.20 23.20 23.10 23.00 * 0
2018-01-06 04:39:50 23.80 23.80 23.80 23.80 24.10 24.60 24.00 23.80 24.30 23.90 24.10 24.00 23.90 23.90 23.80 23.80 * 23.10 23.10 23.10 23.10 23.20 23.20 23.10 22.80 23.10 23.20 23.40 23.30 23.30 23.30 23.20 23.10 * 0
2018-01-06 04:39:50 23.70 23.70 23.60 23.70 24.00 24.50 23.90 23.70 24.30 23.90 24.00 23.90 23.80 23.80 23.80 23.80 * 23.30 23.30 23.20 23.30 23.30 23.30 23.20 23.00 23.10 23.20 23.40 23.30 23.30 23.20 23.20 23.10 * 0
2018-01-06 04:39:50 23.60 23.60 23.60 23.60 23.90 24.30 23.80 23.60 24.50 24.10 24.20 24.10 24.00 24.10 23.90 24.10 * 23.30 23.20 23.20 23.20 23.30 23.20 23.10 23.00 23.20 23.20 23.40 23.30 23.30 23.20 23.20 23.10 * 0
2018-01-06 04:39:51 23.50 23.50 23.50 23.50 23.80 24.20 23.80 23.50 24.40 24.00 24.10 24.00 23.90 24.00 23.80 23.90 * 23.30 23.30 23.30 23.30 23.40 23.30 23.20 23.00 23.20 23.30 23.40 23.40 23.30 23.30 23.30 23.20 * 0
2018-01-06 04:39:51 23.60 23.50 23.50 23.60 23.80 24.20 23.80 23.60 24.40 24.00 24.00 23.90 23.90 23.90 23.70 23.90 * 23.40 23.40 23.30 23.30 23.50 23.40 23.30 23.10 23.00 23.10 23.30 23.20 23.20 23.10 23.10 23.00 * 0
2018-01-06 04:39:51 23.60 23.60 23.50 23.60 23.90 24.40 23.90 23.60 24.40 24.10 24.10 24.00 24.00 23.90 23.80 24.00 * 23.40 23.40 23.30 23.40 23.50 23.40 23.30 23.10 23.00 23.10 23.20 23.10 23.10 23.10 23.10 23.00 * 0
2018-01-06 04:39:52 23.70 23.70 23.60 23.70 24.00 24.50 24.00 23.70 24.40 24.10 24.10 24.10 23.90 24.00 23.80 23.90 * 23.30 23.30 23.40 23.30 23.40 23.30 23.30 23.10 23.10 23.20 23.30 23.20 23.20 23.20 23.20 23.00 * 0
2018-01-06 04:39:52 23.80 23.70 23.70 23.80 24.00 24.60 24.00 23.70 24.40 24.10 24.10 24.00 23.90 24.00 23.80 24.00 * 23.20 23.30 23.30 23.30 23.40 23.30 23.10 23.00 23.20 23.30 23.40 23.30 23.30 23.20 23.30 23.10 * 0
2018-01-06 04:39:52 23.80 23.70 23.70 23.80 24.10 24.60 24.00 23.80 24.50 24.10 24.10 24.00 23.90 24.00 23.90 24.00 * 23.20 23.30 23.30 23.30 23.40 23.20 23.10 23.00 23.20 23.20 23.30 23.30 23.30 23.20 23.20 23.10 * 0
2018-01-06 04:39:52 23.70 23.70 23.60 23.70 23.90 24.50 23.90 23.70 24.40 24.10 24.10 24.00 23.90 24.10 24.00 24.00 * 23.20 23.20 23.20 23.20 23.30 23.20 23.10 23.00 23.20 23.20 23.40 23.30 23.20 23.20 23.20 23.10 * 0
2018-01-06 04:39:53 23.70 23.60 23.60 23.70 23.90 24.50 23.90 23.60 24.40 24.10 24.10 24.00 23.90 24.00 23.90 23.90 * 23.10 23.10 23.10 23.10 23.20 23.20 23.00 22.90 23.30 23.30 23.40 23.30 23.20 23.20 23.20 23.10 * 0
2018-01-06 04:39:53 23.70 23.60 23.60 23.70 23.90 24.50 23.90 23.70 24.40 24.00 24.20 24.10 24.00 24.00 23.90 24.00 * 23.20 23.10 23.20 23.20 23.30 23.20 23.10 22.90 23.10 23.10 23.20 23.10 23.10 23.10 23.10 23.00 * 0
2018-01-06 04:39:53 23.70 23.70 23.70 23.80 24.00 24.50 24.00 23.80 24.30 24.00 24.10 24.00 23.90 23.90 23.90 23.90 * 23.30 23.20 23.40 23.30 23.40 23.30 23.20 23.00 23.00 23.00 23.20 23.10 23.00 23.00 23.00 22.90 * 0
2018-01-06 04:39:53 23.80 23.70 23.70 23.80 24.10 24.50 24.00 23.80 24.30 24.00 24.10 24.00 23.90 24.00 23.90 23.90 * 23.20 23.20 23.30 23.30 23.30 23.30 23.20 23.00 23.00 23.10 23.20 23.20 23.10 23.20 23.10 22.90 * 0
2018-01-06 04:39:54 23.70 23.60 23.70 23.70 24.00 24.50 23.90 23.70 24.50 24.10 24.20 24.10 24.00 24.10 24.00 24.00 * 23.20 23.20 23.30 23.30 23.30 23.30 23.20 23.00 22.90 22.90 23.10 23.10 23.00 23.00 23.00 22.80 * 0
2018-01-06 04:39:54 23.70 23.60 23.70 23.70 24.00 24.50 23.90 23.60 24.40 24.00 24.10 24.00 23.90 24.00 23.80 23.90 * 23.40 23.30 23.40 23.40 23.50 23.40 23.30 23.10 22.90 22.90 23.10 23.10 23.00 23.00 23.00 22.80 * 0
2018-01-06 04:39:54 23.70 23.60 23.70 23.70 24.00 24.50 23.90 23.60 24.30 23.90 24.00 24.00 23.90 23.90 23.80 23.90 * 23.30 23.30 23.30 23.40 23.50 23.40 23.30 23.10 23.10 23.10 23.30 23.20 23.20 23.20 23.20 23.00 * 0
2018-01-06 04:39:54 23.70 23.60 23.60 23.70 24.00 24.50 23.90 23.60 24.30 24.10 24.10 24.10 24.00 24.00 24.00 24.00 * 23.20 23.20 23.20 23.20 23.40 23.30 23.10 22.90 23.20 23.10 23.30 23.20 23.20 23.20 23.10 23.00 * 0
2018-01-06 04:39:55 23.60 23.60 23.50 23.60 23.80 24.40 23.80 23.50 24.40 24.20 24.20 24.10 24.00 24.10 24.00 24.10 * 23.20 23.30 23.30 23.20 23.40 23.30 23.10 23.00 23.10 23.20 23.40 23.30 23.20 23.20 23.20 23.10 * 0
2018-01-06 04:39:55 23.50 23.50 23.50 23.50 23.80 24.30 23.70 23.40 24.30 24.00 24.00 23.90 23.80 23.90 23.70 23.80 * 23.20 23.30 23.30 23.30 23.30 23.20 23.10 23.00 23.30 23.30 23.50 23.40 23.40 23.30 23.40 23.30 * 0
2018-01-06 04:39:55 23.60 23.60 23.60 23.60 23.90 24.40 23.80 23.50 24.50 24.10 24.20 24.00 24.00 24.10 23.90 24.10 * 23.10 23.20 23.20 23.10 23.20 23.20 23.00 22.90 23.20 23.20 23.40 23.40 23.40 23.30 23.30 23.20 * 0
2018-01-06 04:39:56 23.80 23.70 23.70 23.70 24.00 24.50 23.90 23.70 24.40 24.00 24.10 24.00 23.90 24.00 23.80 24.00 * 23.10 23.10 23.10 23.10 23.20 23.20 23.00 22.90 23.10 23.20 23.30 23.20 23.20 23.10 23.10 23.00 * 0
2018-01-06 04:39:56 23.90 23.80 23.70 23.80 24.10 24.60 23.90 23.70 24.30 23.90 24.00 23.90 23.80 23.90 23.70 23.80 * 23.10 23.20 23.20 23.10 23.30 23.20 23.10 22.90 23.10 23.10 23.30 23.20 23.20 23.10 23.10 23.00 * 0
2018-01-06 04:39:56 23.80 23.80 23.70 23.80 24.10 24.50 24.00 23.80 24.50 24.20 24.20 24.10 24.00 24.20 24.00 24.10 * 23.00 23.10 23.10 23.20 23.20 23.20 23.00 22.80 23.10 23.20 23.40 23.30 23.30 23.20 23.20 23.10 * 0
2018-01-06 04:39:56 23.90 23.80 23.80 23.80 24.10 24.60 24.10 23.90 24.40 24.10 24.10 24.00 23.90 24.00 23.90 23.80 * 23.10 23.10 23.20 23.20 23.20 23.20 23.10 22.80 23.20 23.30 23.50 23.40 23.40 23.30 23.30 23.20 * 0
2018-01-06 04:39:57 23.90 23.80 23.80 23.80 24.10 24.60 24.10 23.90 24.20 23.90 23.90 23.90 23.80 23.70 23.70 23.70 * 23.10 23.10 23.20 23.20 23.30 23.20 23.10 22.90 23.20 23.30 23.40 23.40 23.40 23.30 23.30 23.20 * 0
2018-01-06 04:39:57 23.60 23.60 23.60 23.70 24.00 24.40 23.90 23.60 24.30 24.00 24.00 24.00 23.90 23.80 23.80 23.80 * 23.20 23.20 23.20 23.30 23.30 23.20 23.20 22.90 23.20 23.20 23.40 23.30 23.20 23.20 23.30 23.10 * 0
2018-01-06 04:39:57 23.50 23.50 23.60 23.60 23.90 24.30 23.80 23.50 24.40 24.20 24.20 24.10 24.00 24.00 24.00 24.00 * 23.20 23.20 23.20 23.20 23.30 23.20 23.10 22.90 23.30 23.30 23.50 23.50 23.40 23.30 23.30 23.20 * 0
2018-01-06 04:39:57 23.50 23.50 23.60 23.60 23.80 24.30 23.80 23.40 24.30 24.00 24.00 23.90 23.90 23.90 23.80 23.90 * 23.30 23.30 23.30 23.30 23.40 23.40 23.20 23.10 23.20 23.30 23.40 23.40 23.30 23.30 23.20 23.10 * 0
2018-01-06 04:39:58 23.60 23.60 23.60 23.70 23.90 24.30 23.80 23.50 24.30 24.00 24.10 24.00 23.90 24.00 23.80 24.00 * 23.30 23.40 23.40 23.40 23.40 23.40 23.20 23.10 23.10 23.10 23.20 23.20 23.20 23.20 23.10 23.00 * 0
2018-01-06 04:39:58 23.70 23.70 23.70 23.80 24.10 24.50 23.90 23.70 24.30 24.00 24.20 24.00 23.90 24.00 23.90 24.00 * 23.30 23.30 23.30 23.30 23.40 23.30 23.20 23.10 23.10 23.10 23.30 23.20 23.20 23.20 23.20 23.00 * 0
2018-01-06 04:39:58 23.70 23.70 23.70 23.80 24.00 24.50 23.90 23.70 24.40 24.10 24.20 24.10 24.00 24.00 23.90 24.00 * 23.40 23.40 23.30 23.40 23.50 23.30 23.20 23.00 23.00 23.10 23.30 23.20 23.10 23.10 23.10 22.90 * 0
2018-01-06 04:39:58 23.70 23.70 23.70 23.80 24.00 24.50 23.90 23.70 24.30 24.10 24.10 24.00 24.00 24.00 23.90 24.00 * 23.40 23.40 23.40 23.40 23.40 23.40 23.20 23.10 23.10 23.20 23.30 23.30 23.20 23.10 23.10 23.00 * 0
2018-01-06 04:39:59 23.80 23.70 23.70 23.80 24.00 24.50 23.90 23.80 24.20 24.00 24.00 24.00 23.90 23.90 23.80 23.80 * 23.20 23.20 23.30 23.20 23.30 23.20 23.10 22.90 23.10 23.20 23.30 23.30 23.30 23.20 23.20 23.00 * 0
2018-01-06 04:39:59 23.70 23.70 23.60 23.70 24.10 24.50 24.00 23.70 24.30 24.00 24.10 24.00 23.90 24.00 23.80 23.80 * 23.10 23.10 23.20 23.10 23.20 23.10 23.10 22.80 23.00 23.10 23.20 23.20 23.10 23.10 23.10 23.00 * 0
2018-01-06 04:39:59 23.60 23.60 23.60 23.70 24.00 24.40 23.90 23.70 24.30 24.00 24.10 24.00 24.00 24.00 23.80 23.90 * 23.10 23.10 23.20 23.20 23.30 23.30 23.10 22.90 23.20 23.30 23.40 23.40 23.20 23.20 23.20 23.10 * 0
2018-01-06 04:40:00 23.70 23.70 23.70 23.70 24.00 24.40 23.90 23.70 24.40 24.10 24.20 24.10 23.90 24.00 23.90 23.90 * 23.20 23.20 23.20 23.20 23.30 23.20 23.10 22.90 23.20 23.30 23.40 23.40 23.20 23.20 23.20 23.10 * 0
2018-01-06 04:40:00 23.80 23.70 23.70 23.80 24.10 24.50 23.90 23.80 24.40 24.10 24.20 24.10 24.00 24.00 23.90 24.00 * 23.10 23.10 23.10 23.10 23.30 23.10 23.00 22.80 23.10 23.10 23.30 23.30 23.10 23.10 23.10 23.00 * 0
2018-01-06 04:40:00 23.90 23.90 23.90 23.90 24.30 24.70 24.20 24.00 24.40 24.00 24.10 24.00 23.90 24.00 23.90 23.90 * 23.20 23.20 23.20 23.20 23.30 23.20 23.10 22.90 23.20 23.20 23.30 23.30 23.20 23.20 23.10 23.00 * 0
2018-01-06 04:40:00 23.80 23.80 23.80 23.80 24.20 24.60 24.10 23.90 24.20 23.90 24.00 23.90 23.90 23.90 23.80 23.80 * 23.20 23.30 23.30 23.30 23.40 23.40 23.10 23.00 23.30 23.40 23.50 23.50 23.40 23.40 23.30 23.20 * 0
