2018-01-06 04:09:08 24.00 23.90 23.90 24.00 24.30 24.70 24.30 24.10 24.40 24.00 24.10 24.00 24.00 24.00 23.90 24.00 * 23.20 23.30 23.30 23.30 23.30 23.30 23.20 23.10 23.00 23.10 23.20 23.20 23.10 23.00 23.10 23.00 * 0
2018-01-06 04:09:08 24.00 23.90 23.80 24.00 24.30 24.80 24.20 24.00 24.30 23.90 24.00 23.90 23.80 23.90 23.80 23.90 * 23.10 23.20 23.20 23.30 23.30 23.20 23.10 23.00 23.10 23.20 23.30 23.20 23.10 23.10 23.20 23.10 * 0
2018-01-06 04:09:08 24.00 23.90 23.90 23.90 24.20 24.60 24.10 23.80 24.40 24.00 24.10 24.00 23.90 24.00 23.90 23.90 * 23.20 23.30 23.30 23.30 23.40 23.30 23.30 23.00 23.20 23.20 23.40 23.20 23.10 23.20 23.20 23.10 * 0
2018-01-06 04:09:09 23.80 23.80 23.80 23.80 24.10 24.50 24.00 23.70 24.50 24.20 24.20 24.10 24.00 24.10 24.10 24.10 * 23.30 23.40 23.30 23.40 23.40 23.40 23.30 23.10 23.20 23.10 23.30 23.20 23.20 23.20 23.10 23.10 * 0
2018-01-06 04:09:09 23.70 23.70 23.70 23.70 24.00 24.50 24.00 23.70 24.50 24.10 24.10 24.10 24.00 24.10 24.00 24.00 * 23.50 23.60 23.50 23.50 23.60 23.50 23.40 23.30 23.20 23.20 23.30 23.30 23.20 23.20 23.20 23.10 * 0
2018-01-06 04:09:09 23.80 23.70 23.70 23.80 24.10 24.50 24.00 23.80 24.40 24.00 24.10 24.00 23.90 24.00 23.90 23.90 * 23.50 23.60 23.50 23.50 23.60 23.50 23.40 23.30 23.20 23.30 23.40 23.30 23.20 23.20 23.20 23.10 * 0
2018-01-06 04:09:09 23.80 23.70 23.70 23.80 24.00 24.50 24.00 23.80 24.40 24.10 24.20 24.10 24.00 24.10 23.90 24.00 * 23.40 23.40 23.30 23.30 23.40 23.40 23.20 23.10 23.20 23.20 23.40 23.30 23.20 23.20 23.20 23.00 * 0
2018-01-06 04:09:10 23.80 23.70 23.70 23.70 24.00 24.50 24.00 23.70 24.40 24.10 24.20 24.10 24.00 24.10 23.90 24.00 * 23.20 23.30 23.30 23.30 23.40 23.40 23.20 23.10 23.10 23.10 23.30 23.20 23.20 23.20 23.10 23.00 * 0
2018-01-06 04:09:10 23.90 23.80 23.70 23.80 24.10 24.50 24.10 23.80 24.50 24.00 24.10 24.10 23.90 24.00 24.00 24.00 * 23.30 23.40 23.40 23.50 23.50 23.50 23.40 23.20 23.10 23.10 23.20 23.20 23.10 23.10 23.20 23.00 * 0
2018-01-06 04:09:10 23.90 23.80 23.80 23.80 24.10 24.60 24.20 23.90 24.40 24.00 24.00 24.00 23.90 24.00 23.90 23.80 * 23.10 23.20 23.20 23.20 23.30 23.30 23.10 22.90 23.00 23.00 23.10 23.10 23.10 23.10 23.00 22.90 * 0
2018-01-06 04:09:11 24.00 23.90 23.90 24.00 24.20 24.80 24.20 24.00 24.30 24.00 24.00 23.90 23.80 23.90 23.80 23.80 * 23.20 23.30 23.30 23.20 23.40 23.30 23.20 23.00 23.00 23.10 23.20 23.20 23.10 23.10 23.00 22.90 * 0
2018-01-06 04:09:11 23.80 23.80 23.90 23.90 24.20 24.70 24.10 23.80 24.30 24.10 24.10 24.00 23.90 24.00 23.90 24.00 * 23.30 23.40 23.40 23.30 23.40 23.40 23.30 23.10 23.10 23.10 23.30 23.30 23.20 23.20 23.10 23.10 * 0
2018-01-06 04:09:11 23.80 23.70 23.80 23.80 24.10 24.60 24.00 23.70 24.40 24.10 24.20 24.10 24.10 24.10 24.00 24.10 * 23.30 23.30 23.30 23.30 23.40 23.30 23.20 23.00 23.10 23.20 23.30 23.20 23.20 23.20 23.20 23.00 * 0
2018-01-06 04:09:11 23.70 23.60 23.60 23.70 24.00 24.50 24.00 23.70 24.30 24.00 24.00 24.00 23.90 23.90 23.90 23.90 * 23.40 23.40 23.40 23.50 23.50 23.50 23.30 23.20 23.30 23.30 23.40 23.40 23.30 23.30 23.30 23.20 * 0
2018-01-06 04:09:12 23.70 23.70 23.60 23.70 24.00 24.50 24.00 23.70 24.40 24.10 24.10 24.10 24.00 24.00 24.00 24.00 * 23.40 23.40 23.50 23.50 23.50 23.40 23.30 23.20 23.10 23.20 23.30 23.30 23.20 23.20 23.20 23.10 * 0
2018-01-06 04:09:12 23.80 23.70 23.70 23.80 24.00 24.50 24.00 23.70 24.40 24.10 24.10 24.00 24.00 24.10 23.90 24.00 * 23.40 23.40 23.40 23.40 23.50 23.40 23.30 23.20 23.10 23.20 23.40 23.30 23.20 23.20 23.20 23.10 * 0
2018-01-06 04:09:12 23.90 23.80 23.80 23.90 24.10 24.60 24.10 23.80 24.40 24.00 24.10 24.00 24.00 24.00 23.80 23.90 * 23.30 23.40 23.40 23.40 23.40 23.40 23.30 23.10 23.00 23.10 23.30 23.20 23.20 23.10 23.10 23.00 * 0
2018-01-06 04:09:12 24.00 23.90 23.90 24.00 24.20 24.70 24.10 23.90 24.40 24.00 24.10 24.00 24.00 24.00 23.80 24.00 * 23.00 23.10 23.10 23.20 23.20 23.10 23.00 22.80 23.00 23.00 23.30 23.20 23.10 23.10 23.10 23.10 * 0
2018-01-06 04:09:13 24.00 23.90 23.90 23.90 24.20 24.70 24.10 23.90 24.40 24.00 24.10 24.00 24.00 24.10 23.90 24.00 * 23.10 23.10 23.20 23.20 23.30 23.20 23.00 22.90 22.90 23.00 23.30 23.20 23.10 23.10 23.10 23.00 * 0
2018-01-06 04:09:13 23.80 23.80 23.80 23.80 24.10 24.60 24.00 23.80 24.30 23.90 24.00 23.90 23.90 24.00 23.70 23.80 * 23.30 23.30 23.40 23.40 23.50 23.40 23.20 23.10 23.10 23.10 23.30 23.20 23.20 23.10 23.20 23.10 * 0
2018-01-06 04:09:13 23.70 23.70 23.70 23.70 24.00 24.50 23.90 23.70 24.30 23.90 24.00 23.90 23.90 23.90 23.70 23.80 * 23.40 23.30 23.40 23.40 23.50 23.40 23.20 23.10 23.10 23.20 23.40 23.30 23.20 23.20 23.20 23.10 * 0
2018-01-06 04:09:13 23.80 23.70 23.70 23.70 24.00 24.50 23.90 23.80 24.40 24.00 24.10 24.00 23.90 24.00 23.80 23.90 * 23.30 23.30 23.30 23.30 23.40 23.40 23.20 23.10 23.20 23.30 23.40 23.40 23.30 23.30 23.30 23.20 * 0
2018-01-06 04:09:14 23.80 23.70 23.80 23.80 24.10 24.60 24.00 23.80 24.40 24.00 24.10 24.00 23.90 24.00 23.90 24.00 * 23.20 23.20 23.30 23.30 23.30 23.30 23.20 23.00 23.10 23.20 23.40 23.30 23.20 23.20 23.20 23.10 * 0
2018-01-06 04:09:14 23.70 23.70 23.70 23.80 24.10 24.50 24.00 23.70 24.50 24.00 24.10 24.00 23.90 24.00 23.90 24.00 * 23.20 23.20 23.30 23.30 23.30 23.20 23.10 22.90 23.20 23.20 23.40 23.30 23.30 23.20 23.30 23.10 * 0
2018-01-06 04:09:14 23.80 23.80 23.80 23.90 24.20 24.60 24.10 23.80 24.40 24.00 24.10 24.00 23.90 24.00 23.90 23.90 * 23.20 23.20 23.30 23.20 23.30 23.20 23.10 22.90 23.20 23.20 23.40 23.30 23.30 23.20 23.20 23.10 * 0
2018-01-06 04:09:15 24.00 24.00 23.90 24.00 24.20 24.70 24.20 24.00 24.30 24.00 24.10 24.00 23.90 23.90 23.80 23.90 * 23.30 23.30 23.30 23.30 23.40 23.40 23.20 23.00 23.10 23.10 23.30 23.20 23.10 23.20 23.10 23.00 * 0
2018-01-06 04:09:15 23.90 23.90 23.90 23.90 24.20 24.70 24.10 23.90 24.30 24.00 24.10 24.00 23.90 24.00 23.90 23.90 * 23.20 23.30 23.30 23.30 23.40 23.40 23.20 23.00 23.10 23.10 23.30 23.20 23.10 23.10 23.10 23.00 * 0
2018-01-06 04:09:15 23.70 23.70 23.70 23.80 24.00 24.50 23.90 23.70 24.30 24.10 24.20 24.10 24.10 24.10 24.00 24.10 * 23.30 23.30 23.30 23.40 23.50 23.40 23.30 23.10 23.10 23.10 23.40 23.30 23.10 23.20 23.20 23.10 * 0
2018-01-06 04:09:15 23.80 23.70 23.70 23.70 24.00 24.50 24.00 23.70 24.30 24.10 24.20 24.00 23.90 24.00 23.90 24.00 * 23.40 23.50 23.50 23.60 23.60 23.60 23.40 23.30 23.10 23.20 23.40 23.30 23.20 23.20 23.20 23.10 * 0
2018-01-06 04:09:16 23.80 23.70 23.70 23.80 24.10 24.50 24.00 23.80 24.30 24.00 24.10 24.00 23.80 23.90 23.90 23.90 * 23.40 23.40 23.40 23.40 23.50 23.40 23.30 23.20 23.10 23.20 23.40 23.30 23.20 23.20 23.20 23.20 * 0
2018-01-06 04:09:16 23.80 23.70 23.70 23.80 24.10 24.60 24.10 23.80 24.40 24.00 24.10 24.00 23.90 24.00 23.90 24.00 * 23.30 23.30 23.30 23.30 23.40 23.30 23.20 23.00 23.30 23.30 23.50 23.30 23.30 23.30 23.30 23.20 * 0
2018-01-06 04:09:16 23.80 23.70 23.80 23.90 24.10 24.50 24.00 23.80 24.40 24.10 24.10 24.00 23.90 24.00 23.90 24.00 * 23.30 23.30 23.30 23.30 23.40 23.30 23.20 23.00 23.20 23.20 23.40 23.40 23.30 23.20 23.20 23.10 * 0
2018-01-06 04:09:16 23.80 23.70 23.70 23.80 24.00 24.50 24.00 23.70 24.40 24.10 24.20 24.10 24.00 24.10 24.00 24.00 * 23.10 23.10 23.10 23.20 23.30 23.20 23.10 22.80 23.30 23.30 23.40 23.40 23.30 23.20 23.30 23.20 * 0
2018-01-06 04:09:17 23.80 23.70 23.70 23.70 24.00 24.50 24.00 23.80 24.30 24.00 24.10 24.00 23.90 24.00 23.90 24.00 * 23.10 23.20 23.10 23.20 23.30 23.20 23.10 22.80 23.20 23.20 23.50 23.40 23.20 23.20 23.20 23.10 * 0
2018-01-06 04:09:17 23.80 23.60 23.70 23.70 24.10 24.60 23.90 23.80 24.30 23.90 24.00 23.90 23.80 23.90 23.80 23.90 * 23.20 23.30 23.20 23.30 23.40 23.30 23.20 22.90 23.10 23.10 23.40 23.30 23.10 23.20 23.20 23.10 * 0
2018-01-06 04:09:17 23.70 23.60 23.70 23.70 24.00 24.50 23.90 23.70 24.40 24.00 24.10 24.00 23.90 24.00 23.80 23.90 * 23.20 23.20 23.20 23.30 23.30 23.30 23.10 23.00 23.10 23.10 23.30 23.20 23.10 23.20 23.20 23.10 * 0
2018-01-06 04:09:17 23.70 23.70 23.70 23.70 24.00 24.50 24.00 23.70 24.60 24.20 24.20 24.10 24.00 24.20 23.90 24.00 * 23.40 23.40 23.40 23.40 23.40 23.40 23.30 23.10 23.00 23.00 23.20 23.10 23.10 23.10 23.00 22.90 * 0
2018-01-06 04:09:18 23.70 23.70 23.70 23.70 24.00 24.40 23.90 23.60 24.40 24.10 24.10 24.10 23.90 24.00 23.90 23.90 * 23.40 23.30 23.30 23.30 23.40 23.40 23.20 23.10 23.00 23.00 23.30 23.20 23.10 23.10 23.10 22.90 * 0
2018-01-06 04:09:18 23.80 23.60 23.70 23.70 24.00 24.50 23.90 23.70 24.40 24.10 24.10 24.10 23.90 24.00 23.90 24.00 * 23.20 23.20 23.20 23.20 23.30 23.30 23.10 23.00 23.10 23.10 23.40 23.30 23.20 23.20 23.20 23.00 * 0
2018-01-06 04:09:18 23.80 23.70 23.80 23.80 24.00 24.50 24.00 23.80 24.40 24.10 24.10 24.10 23.90 24.00 23.90 24.00 * 23.20 23.20 23.20 23.20 23.20 23.20 23.10 22.90 23.20 23.20 23.40 23.40 23.20 23.20 23.30 23.20 * 0
2018-01-06 04:09:18 23.80 23.80 23.90 23.80 24.10 24.50 24.10 23.80 24.50 24.10 24.20 24.10 24.00 24.00 24.00 24.10 * 23.10 23.20 23.20 23.20 23.30 23.20 23.10 22.90 23.20 23.20 23.40 23.30 23.30 23.20 23.30 23.10 * 0
2018-01-06 04:09:19 23.90 23.90 23.80 23.90 24.10 24.60 24.10 23.90 24.50 24.10 24.10 24.00 24.00 24.00 24.00 24.00 * 23.00 23.10 23.10 23.10 23.20 23.10 23.00 22.80 23.20 23.30 23.50 23.30 23.30 23.30 23.30 23.20 * 0
2018-01-06 04:09:19 23.80 23.80 23.70 23.80 24.00 24.50 24.10 23.80 24.40 24.00 24.00 24.00 24.00 24.00 23.90 24.00 * 23.10 23.10 23.20 23.20 23.20 23.20 23.10 22.90 23.10 23.20 23.30 23.30 23.20 23.20 23.20 23.10 * 0
2018-01-06 04:09:19 23.70 23.70 23.70 23.70 24.10 24.50 24.00 23.70 24.30 24.00 24.10 24.00 24.00 24.00 23.90 24.00 * 23.20 23.20 23.30 23.20 23.30 23.30 23.20 22.90 23.00 23.10 23.20 23.20 23.10 23.10 23.10 22.90 * 0
2018-01-06 04:09:20 23.70 23.70 23.70 23.70 24.10 24.50 24.00 23.70 24.50 24.10 24.20 24.10 24.00 24.00 24.00 24.00 * 23.30 23.30 23.40 23.30 23.40 23.40 23.30 23.10 23.00 23.00 23.20 23.20 23.10 23.10 23.10 23.00 * 0
2018-01-06 04:09:20 23.60 23.70 23.70 23.70 24.00 24.50 24.00 23.60 24.30 24.00 24.00 24.00 23.90 23.90 23.90 23.90 * 23.30 23.30 23.30 23.40 23.40 23.30 23.30 23.10 23.00 23.10 23.20 23.20 23.10 23.10 23.10 23.00 * 0
2018-01-06 04:09:20 23.90 23.90 23.80 23.80 24.10 24.60 24.10 23.80 24.30 24.00 24.00 24.00 23.90 24.00 23.80 23.90 * 23.10 23.20 23.20 23.30 23.30 23.20 23.10 23.00 23.00 23.10 23.20 23.20 23.10 23.10 23.10 23.00 * 0
2018-01-06 04:09:20 23.80 23.80 23.80 23.80 24.10 24.60 24.10 23.80 24.40 24.00 24.10 24.00 23.90 24.00 23.80 23.90 * 23.20 23.20 23.30 23.30 23.30 23.30 23.20 23.00 23.20 23.30 23.40 23.30 23.30 23.20 23.20 23.10 * 0
2018-01-06 04:09:21 23.80 23.70 23.70 23.70 24.00 24.50 24.00 23.70 24.40 24.00 24.10 24.10 24.00 24.00 23.80 23.90 * 23.20 23.30 23.30 23.40 23.40 23.30 23.20 23.00 23.10 23.20 23.30 23.30 23.20 23.20 23.20 23.10 * 0
2018-01-06 04:09:21 23.70 23.70 23.60 23.70 23.90 24.40 23.90 23.70 24.30 24.00 24.00 24.00 23.90 24.00 23.80 23.80 * 23.10 23.10 23.10 23.10 23.20 23.10 23.00 22.80 23.20 23.30 23.40 23.40 23.30 23.30 23.30 23.10 * 0
2018-01-06 04:09:21 23.70 23.70 23.70 23.70 23.90 24.40 23.90 23.70 24.40 24.00 24.00 23.90 23.90 24.00 23.80 23.90 * 23.20 23.20 23.20 23.20 23.30 23.20 23.10 22.90 23.20 23.30 23.50 23.30 23.20 23.20 23.20 23.10 * 0
2018-01-06 04:09:21 23.90 23.90 23.80 23.80 24.10 24.60 24.10 23.90 24.50 24.10 24.10 24.00 23.90 24.10 23.90 24.00 * 23.30 23.20 23.30 23.30 23.40 23.30 23.20 23.00 23.10 23.20 23.40 23.30 23.20 23.20 23.20 23.10 * 0
2018-01-06 04:09:22 23.90 23.80 23.70 23.80 24.10 24.50 23.90 23.70 24.50 24.10 24.20 24.10 24.00 24.10 24.00 24.00 * 23.30 23.30 23.30 23.40 23.40 23.30 23.30 23.10 23.00 23.00 23.20 23.20 23.10 23.10 23.10 22.90 * 0
2018-01-06 04:09:22 23.80 23.70 23.70 23.80 24.00 24.50 23.90 23.70 24.40 24.10 24.10 24.10 24.00 24.00 23.90 24.00 * 23.20 23.20 23.20 23.30 23.30 23.20 23.20 23.00 23.00 23.00 23.20 23.10 23.10 23.10 23.10 22.90 * 0
2018-01-06 04:09:22 23.90 23.80 23.80 23.90 24.10 24.60 24.10 23.90 24.30 24.00 24.10 24.00 23.90 24.00 23.90 24.10 * 23.00 23.10 23.10 23.20 23.20 23.20 23.00 22.90 23.20 23.10 23.40 23.30 23.20 23.20 23.20 23.00 * 0
2018-01-06 04:09:23 23.90 23.80 23.80 23.90 24.10 24.60 24.10 23.90 24.40 24.10 24.20 24.00 24.00 24.00 23.90 24.10 * 23.10 23.10 23.20 23.20 23.20 23.20 23.00 22.90 23.20 23.20 23.40 23.40 23.20 23.20 23.20 23.10 * 0
2018-01-06 04:09:23 23.90 23.80 23.80 23.90 24.10 24.60 24.00 23.80 24.40 24.10 24.20 24.10 24.00 24.10 24.00 24.10 * 23.10 23.20 23.20 23.30 23.20 23.20 23.10 22.90 23.20 23.20 23.40 23.30 23.20 23.10 23.10 23.10 * 0
2018-01-06 04:09:23 23.80 23.70 23.70 23.80 24.00 24.50 23.90 23.70 24.30 24.00 24.00 24.00 23.90 24.00 23.80 23.90 * 23.10 23.20 23.20 23.20 23.30 23.20 23.10 22.80 23.20 23.20 23.40 23.40 23.30 23.20 23.20 23.10 * 0
2018-01-06 04:09:23 23.70 23.70 23.70 23.80 24.00 24.50 23.90 23.70 24.30 23.90 24.00 24.00 23.90 24.00 23.80 23.80 * 23.30 23.30 23.30 23.40 23.40 23.30 23.20 23.00 23.20 23.20 23.40 23.30 23.20 23.30 23.20 23.10 * 0
2018-01-06 04:09:24 23.80 23.70 23.70 23.70 24.00 24.40 23.90 23.70 24.30 24.00 24.10 24.10 23.90 24.10 23.80 23.90 * 23.30 23.30 23.30 23.40 23.40 23.30 23.20 23.10 23.10 23.10 23.30 23.30 23.20 23.20 23.20 23.10 * 0
2018-01-06 04:09:24 23.80 23.70 23.70 23.70 24.00 24.40 23.90 23.80 24.50 24.10 24.20 24.10 24.10 24.10 24.00 24.10 * 23.10 23.20 23.20 23.20 23.30 23.30 23.10 22.90 23.20 23.30 23.40 23.40 23.30 23.20 23.20 23.10 * 0
2018-01-06 04:09:24 23.70 23.60 23.60 23.70 23.90 24.40 23.90 23.70 24.50 24.10 24.10 24.00 24.00 24.10 23.90 24.00 * 23.10 23.20 23.20 23.20 23.20 23.20 23.00 22.80 23.30 23.30 23.40 23.40 23.40 23.30 23.30 23.20 * 0
2018-01-06 04:09:24 23.90 23.80 23.80 23.80 24.10 24.60 24.10 23.80 24.50 24.00 24.00 24.00 23.90 24.00 23.80 23.90 * 23.10 23.10 23.10 23.10 23.20 23.10 22.90 22.80 23.20 23.20 23.30 23.30 23.30 23.20 23.20 23.10 * 0
2018-01-06 04:09:25 23.90 23.90 23.80 23.90 24.20 24.60 24.10 23.90 24.40 24.00 24.10 24.00 24.00 24.00 23.80 24.00 * 23.10 23.10 23.20 23.10 23.30 23.20 23.00 22.90 23.10 23.10 23.30 23.30 23.20 23.20 23.20 23.10 * 0
2018-01-06 04:09:25 23.90 23.90 23.80 23.90 24.20 24.60 24.10 23.90 24.50 24.10 24.20 24.10 24.10 24.10 23.90 24.10 * 23.10 23.10 23.20 23.20 23.30 23.20 23.10 22.90 23.10 23.20 23.30 23.30 23.20 23.20 23.20 23.10 * 0
2018-01-06 04:09:25 23.80 23.70 23.70 23.80 24.00 24.50 23.90 23.70 24.40 24.10 24.10 24.00 23.90 24.10 24.00 24.10 * 23.10 23.20 23.20 23.20 23.30 23.30 23.10 22.90 23.20 23.20 23.40 23.30 23.20 23.20 23.20 23.00 * 0
2018-01-06 04:09:25 23.70 23.60 23.70 23.80 24.00 24.50 23.90 23.60 24.30 24.00 24.10 24.00 23.90 24.10 24.00 23.90 * 23.30 23.30 23.30 23.30 23.40 23.30 23.20 23.00 23.20 23.30 23.40 23.40 23.20 23.20 23.20 23.10 * 0
2018-01-06 04:09:26 23.70 23.70 23.70 23.80 24.00 24.50 23.90 23.60 24.30 24.10 24.10 24.00 24.00 24.10 24.00 23.90 * 23.30 23.30 23.40 23.40 23.50 23.40 23.20 23.00 23.20 23.30 23.30 23.30 23.20 23.20 23.20 23.10 * 0
2018-01-06 04:09:26 23.70 23.70 23.70 23.80 24.10 24.50 24.00 23.70 24.30 24.00 24.20 24.10 24.00 24.00 24.00 24.00 * 23.30 23.30 23.30 23.30 23.40 23.40 23.20 23.00 23.10 23.10 23.30 23.20 23.10 23.10 23.10 23.10 * 0
2018-01-06 04:09:26 23.70 23.70 23.70 23.80 24.00 24.50 24.00 23.70 24.30 24.10 24.10 24.00 24.00 24.00 24.00 24.00 * 23.20 23.20 23.20 23.30 23.30 23.30 23.10 23.00 23.10 23.10 23.30 23.20 23.20 23.10 23.10 23.00 * 0
2018-01-06 04:09:27 23.90 23.90 23.80 23.90 24.10 24.60 24.10 23.90 24.30 24.10 24.20 24.00 23.90 24.00 23.90 24.00 * 23.10 23.20 23.20 23.20 23.20 23.20 23.00 22.80 23.00 23.10 23.20 23.20 23.10 23.10 23.10 22.90 * 0
2018-01-06 04:09:27 24.10 24.00 24.00 24.10 24.30 24.80 24.30 24.00 24.30 24.00 24.10 24.00 23.90 24.00 23.80 23.90 * 23.10 23.10 23.10 23.20 23.20 23.10 23.00 22.80 23.00 23.10 23.20 23.20 23.10 23.10 23.10 22.90 * 0
2018-01-06 04:09:27 24.10 24.00 24.00 24.10 24.20 24.80 24.30 24.00 24.40 24.00 24.10 24.00 23.90 24.00 23.90 23.90 * 23.10 23.20 23.20 23.30 23.30 23.20 23.10 22.90 23.10 23.10 23.30 23.20 23.10 23.10 23.10 23.00 * 0
2018-01-06 04:09:27 24.00 23.80 23.80 23.90 24.10 24.60 24.10 23.90 24.30 24.00 24.00 24.00 23.90 24.00 23.90 24.00 * 23.10 23.20 23.20 23.20 23.30 23.30 23.10 22.90 23.10 23.10 23.30 23.20 23.10 23.10 23.10 23.00 * 0
2018-01-06 04:09:28 23.70 23.60 23.60 23.70 24.00 24.50 23.90 23.70 24.30 24.00 24.00 24.00 23.90 23.90 23.80 23.80 * 23.20 23.30 23.30 23.30 23.40 23.30 23.20 23.00 23.20 23.10 23.40 23.30 23.20 23.20 23.20 23.10 * 0
2018-01-06 04:09:28 23.60 23.60 23.60 23.70 23.90 24.40 23.80 23.60 24.40 24.00 24.10 24.00 23.90 24.00 23.80 23.90 * 23.40 23.40 23.40 23.40 23.50 23.40 23.30 23.10 23.30 23.30 23.50 23.40 23.30 23.30 23.30 23.20 * 0
2018-01-06 04:09:28 23.70 23.70 23.60 23.80 24.00 24.50 23.90 23.70 24.40 24.00 24.20 24.00 24.00 24.10 24.00 24.00 * 23.30 23.30 23.30 23.40 23.40 23.30 23.20 23.00 23.10 23.20 23.40 23.20 23.30 23.20 23.20 23.00 * 0
2018-01-06 04:09:28 23.70 23.60 23.60 23.70 24.00 24.40 23.90 23.70 24.40 24.00 24.10 24.00 24.00 24.10 23.90 24.00 * 23.20 23.30 23.30 23.30 23.30 23.30 23.20 23.10 23.10 23.20 23.40 23.20 23.30 23.20 23.20 23.00 * 0
2018-01-06 04:09:29 23.80 23.70 23.80 23.80 24.10 24.50 24.00 23.80 24.40 24.10 24.10 24.00 24.00 24.10 23.90 24.00 * 23.10 23.20 23.20 23.20 23.30 23.20 23.20 22.90 23.10 23.20 23.30 23.20 23.20 23.20 23.20 23.10 * 0
2018-01-06 04:09:29 23.90 23.90 23.90 23.90 24.20 24.60 24.20 23.90 24.40 24.10 24.10 24.00 23.90 24.00 23.90 23.90 * 23.10 23.10 23.10 23.10 23.20 23.10 23.10 22.80 23.00 23.10 23.30 23.20 23.10 23.10 23.10 23.00 * 0
2018-01-06 04:09:29 24.00 23.90 23.90 24.00 24.20 24.70 24.20 24.00 24.40 24.10 24.10 24.00 23.90 24.00 23.90 24.00 * 23.10 23.10 23.10 23.10 23.20 23.10 23.10 22.80 23.00 23.10 23.30 23.20 23.10 23.10 23.10 23.00 * 0
2018-01-06 04:09:30 23.90 23.80 23.90 23.90 24.20 24.70 24.10 23.90 24.40 24.10 24.10 24.00 24.00 24.00 24.00 24.00 * 23.10 23.20 23.20 23.20 23.30 23.20 23.10 22.90 23.00 23.20 23.40 23.20 23.20 23.10 23.10 23.00 * 0
2018-01-06 04:09:30 23.90 23.80 23.80 23.90 24.20 24.60 24.10 23.80 24.30 24.00 24.00 24.00 23.90 23.90 23.90 23.90 * 23.30 23.30 23.30 23.30 23.40 23.30 23.20 23.10 23.00 23.20 23.30 23.20 23.20 23.10 23.10 23.00 * 0
2018-01-06 04:09:30 23.90 23.80 23.80 23.90 24.10 24.60 24.10 23.80 24.40 24.00 24.10 24.00 23.90 24.00 23.90 23.90 * 23.50 23.40 23.40 23.50 23.50 23.40 23.30 23.20 23.20 23.20 23.40 23.30 23.30 23.20 23.20 23.10 * 0
2018-01-06 04:09:30 23.80 23.70 23.70 23.80 24.00 24.50 24.00 23.70 24.50 24.10 24.20 24.10 24.00 24.10 24.00 24.00 * 23.40 23.40 23.40 23.40 23.50 23.40 23.20 23.10 23.20 23.20 23.40 23.40 23.30 23.20 23.30 23.20 * 0
2018-01-06 04:09:31 23.70 23.60 23.60 23.70 23.90 24.40 23.90 23.60 24.40 24.10 24.10 24.10 23.90 24.00 23.90 24.00 * 23.30 23.40 23.30 23.30 23.40 23.40 23.20 23.10 23.20 23.20 23.40 23.30 23.30 23.20 23.20 23.10 * 0
2018-01-06 04:09:31 23.70 23.60 23.70 23.70 24.00 24.50 24.00 23.70 24.40 24.10 24.10 24.10 24.00 24.00 23.80 23.90 * 23.20 23.20 23.20 23.20 23.30 23.20 23.10 22.90 23.20 23.30 23.40 23.30 23.30 23.30 23.30 23.10 * 0
2018-01-06 04:09:31 23.80 23.70 23.80 23.80 24.10 24.60 24.00 23.80 24.40 24.10 24.10 24.00 24.00 24.00 23.80 23.90 * 23.10 23.10 23.10 23.20 23.30 23.20 23.00 22.90 23.30 23.30 23.50 23.40 23.30 23.30 23.30 23.20 * 0
2018-01-06 04:09:31 23.90 23.90 23.90 23.90 24.20 24.70 24.20 23.90 24.40 24.10 24.20 24.00 24.00 24.00 23.90 23.90 * 23.20 23.20 23.20 23.30 23.30 23.20 23.10 22.90 23.20 23.20 23.40 23.30 23.30 23.20 23.20 23.10 * 0
2018-01-06 04:09:32 23.80 23.80 23.80 23.90 24.10 24.60 24.10 23.80 24.40 24.10 24.20 24.10 23.90 24.00 23.90 23.90 * 23.10 23.10 23.20 23.20 23.30 23.20 23.00 22.80 23.20 23.30 23.40 23.40 23.30 23.30 23.30 23.20 * 0
2018-01-06 04:09:32 23.90 23.90 23.90 23.90 24.10 24.60 24.10 23.90 24.30 24.00 24.10 24.00 23.80 23.90 23.80 23.90 * 23.10 23.10 23.10 23.10 23.20 23.20 23.00 22.80 23.20 23.40 23.50 23.40 23.30 23.30 23.30 23.30 * 0
2018-01-06 04:09:32 23.90 23.80 23.80 23.80 24.10 24.60 24.10 23.80 24.40 24.00 24.10 24.00 23.90 24.10 23.90 23.90 * 23.40 23.40 23.40 23.30 23.40 23.30 23.20 23.00 23.10 23.20 23.40 23.30 23.20 23.10 23.10 23.10 * 0
2018-01-06 04:09:32 23.90 23.80 23.80 23.90 24.20 24.60 24.10 23.80 24.50 24.10 24.20 24.10 24.00 24.10 24.00 24.00 * 23.40 23.40 23.40 23.40 23.40 23.40 23.30 23.10 23.10 23.20 23.40 23.30 23.30 23.20 23.20 23.10 * 0
2018-01-06 04:09:33 23.70 23.60 23.60 23.70 24.00 24.50 23.90 23.60 24.40 24.10 24.10 24.00 24.00 24.00 23.90 24.00 * 23.20 23.30 23.30 23.40 23.40 23.40 23.20 23.00 23.10 23.10 23.30 23.20 23.20 23.10 23.20 23.10 * 0
2018-01-06 04:09:33 23.70 23.60 23.60 23.70 24.00 24.50 23.90 23.60 24.30 24.00 24.10 24.00 23.90 24.00 23.90 23.90 * 23.30 23.30 23.40 23.30 23.40 23.40 23.20 23.10 23.20 23.30 23.40 23.30 23.20 23.30 23.20 23.10 * 0
2018-01-06 04:09:33 23.70 23.60 23.60 23.70 24.00 24.50 23.90 23.60 24.40 24.10 24.10 24.10 23.90 24.00 23.90 23.90 * 23.20 23.20 23.30 23.30 23.30 23.30 23.20 23.00 23.50 23.50 23.50 23.50 23.40 23.40 23.40 23.30 * 0
2018-01-06 04:09:34 23.80 23.70 23.70 23.70 24.00 24.50 23.90 23.70 24.40 24.10 24.10 24.00 23.90 24.00 24.00 24.00 * 23.20 23.20 23.30 23.30 23.30 23.30 23.20 22.90 23.40 23.30 23.40 23.40 23.30 23.30 23.30 23.20 * 0
2018-01-06 04:09:34 23.80 23.70 23.70 23.80 24.10 24.60 24.00 23.80 24.40 24.10 24.10 24.00 24.00 24.00 24.00 23.90 * 23.20 23.20 23.30 23.30 23.40 23.20 23.20 22.90 23.20 23.10 23.30 23.30 23.20 23.20 23.10 23.10 * 0
2018-01-06 04:09:34 23.80 23.80 23.70 23.80 24.10 24.60 24.00 23.80 24.40 24.10 24.10 24.10 24.00 24.00 23.90 23.90 * 23.10 23.10 23.20 23.20 23.30 23.10 23.10 22.90 23.20 23.20 23.30 23.30 23.20 23.20 23.10 23.00 * 0
2018-01-06 04:09:34 23.90 23.80 23.80 23.80 24.10 24.60 24.00 23.90 24.30 24.10 24.20 24.10 23.90 24.00 23.90 24.00 * 23.20 23.20 23.20 23.30 23.30 23.30 23.20 22.90 23.20 23.20 23.40 23.30 23.30 23.20 23.20 23.10 * 0
2018-01-06 04:09:35 24.00 23.80 23.80 23.90 24.10 24.70 24.10 23.90 24.50 24.10 24.20 24.10 24.00 24.10 24.00 24.10 * 23.20 23.30 23.20 23.30 23.40 23.30 23.20 22.90 23.20 23.30 23.40 23.30 23.30 23.20 23.20 23.10 * 0
2018-01-06 04:09:35 23.80 23.70 23.80 23.80 24.10 24.60 24.00 23.80 24.40 24.00 24.00 24.00 24.00 24.00 23.90 24.00 * 23.20 23.20 23.20 23.30 23.30 23.20 23.10 22.90 23.10 23.20 23.30 23.30 23.20 23.20 23.10 23.00 * 0
2018-01-06 04:09:35 23.80 23.70 23.80 23.80 24.10 24.60 24.00 23.80 24.30 24.00 24.10 23.90 24.00 24.00 23.80 23.90 * 23.20 23.20 23.20 23.30 23.30 23.30 23.10 23.00 23.00 23.10 23.20 23.20 23.20 23.10 23.10 23.00 * 0
2018-01-06 04:09:35 23.80 23.70 23.70 23.80 24.10 24.60 24.00 23.80 24.30 24.00 24.10 24.00 24.00 24.00 23.90 23.90 * 23.30 23.30 23.40 23.40 23.50 23.40 23.30 23.10 23.20 23.20 23.40 23.30 23.30 23.30 23.20 23.10 * 0
2018-01-06 04:09:36 23.70 23.60 23.70 23.70 24.00 24.50 23.90 23.70 24.40 24.10 24.10 24.10 24.00 24.00 23.90 24.00 * 23.20 23.20 23.30 23.30 23.40 23.30 23.20 23.00 23.20 23.30 23.40 23.40 23.40 23.40 23.30 23.20 * 0
2018-01-06 04:09:36 23.60 23.60 23.60 23.70 23.90 24.40 23.80 23.60 24.40 24.10 24.10 24.00 23.90 24.10 23.90 23.90 * 23.10 23.20 23.20 23.30 23.30 23.20 23.10 22.90 23.10 23.20 23.30 23.30 23.20 23.20 23.20 23.10 * 0
2018-01-06 04:09:36 23.70 23.80 23.70 23.80 24.00 24.60 24.00 23.70 24.40 24.10 24.10 24.00 23.90 24.10 23.90 23.90 * 23.10 23.10 23.10 23.20 23.20 23.20 23.00 22.90 23.20 23.20 23.30 23.30 23.20 23.20 23.20 23.10 * 0
2018-01-06 04:09:37 23.90 23.90 23.80 23.90 24.20 24.70 24.10 23.80 24.50 24.20 24.20 24.10 24.00 24.10 24.00 24.00 * 23.10 23.10 23.10 23.20 23.30 23.20 23.10 22.80 23.20 23.20 23.40 23.40 23.30 23.30 23.30 23.20 * 0
2018-01-06 04:09:37 24.00 23.90 23.90 24.00 24.30 24.80 24.30 24.00 24.40 24.10 24.10 24.00 24.00 24.00 24.00 23.90 * 23.10 23.10 23.20 23.20 23.30 23.10 23.10 22.80 23.10 23.10 23.40 23.30 23.30 23.20 23.20 23.10 * 0
2018-01-06 04:09:37 23.90 23.90 23.90 23.90 24.20 24.70 24.10 23.90 24.40 24.10 24.10 24.00 23.90 24.00 23.90 23.90 * 23.10 23.10 23.20 23.20 23.30 23.20 23.10 22.90 23.00 23.10 23.20 23.20 23.10 23.10 23.10 23.00 * 0
2018-01-06 04:09:37 23.90 23.80 23.80 23.90 24.10 24.60 24.00 23.80 24.40 24.10 24.10 24.10 23.90 24.10 24.00 24.00 * 23.20 23.10 23.30 23.20 23.30 23.20 23.10 22.90 23.20 23.30 23.30 23.40 23.30 23.30 23.20 23.10 * 0
2018-01-06 04:09:38 23.80 23.70 23.70 23.80 24.10 24.50 24.00 23.70 24.30 24.10 24.10 24.00 23.90 24.00 23.90 24.00 * 23.20 23.20 23.30 23.30 23.40 23.30 23.20 23.00 23.20 23.30 23.40 23.40 23.30 23.30 23.30 23.10 * 0
2018-01-06 04:09:38 23.80 23.80 23.80 23.80 24.10 24.50 24.00 23.80 24.40 24.10 24.10 24.10 23.90 24.00 23.90 24.00 * 23.20 23.20 23.30 23.30 23.40 23.30 23.20 23.00 23.10 23.20 23.40 23.30 23.30 23.20 23.20 23.10 * 0
2018-01-06 04:09:38 23.90 23.80 23.80 23.90 24.10 24.60 24.00 23.80 24.30 24.10 24.10 24.10 23.90 24.00 23.90 23.90 * 23.10 23.10 23.20 23.20 23.30 23.20 23.10 22.80 23.10 23.20 23.40 23.30 23.30 23.20 23.20 23.10 * 0
2018-01-06 04:09:38 23.90 23.80 23.80 23.90 24.10 24.60 24.10 23.80 24.40 24.10 24.10 24.10 24.00 24.10 23.90 24.00 * 23.10 23.20 23.10 23.20 23.20 23.20 23.10 22.90 23.30 23.20 23.40 23.40 23.30 23.20 23.30 23.20 * 0
2018-01-06 04:09:39 23.90 23.90 23.80 23.90 24.10 24.60 24.10 23.80 24.50 24.10 24.10 24.10 24.00 24.10 23.90 24.00 * 23.10 23.20 23.10 23.20 23.30 23.20 23.10 23.00 23.30 23.30 23.40 23.30 23.30 23.20 23.20 23.10 * 0
2018-01-06 04:09:39 23.90 23.90 23.80 23.90 24.10 24.60 24.10 23.80 24.40 24.10 24.10 24.00 24.00 24.00 23.90 24.00 * 23.10 23.10 23.20 23.20 23.30 23.20 23.10 22.90 23.30 23.30 23.40 23.30 23.30 23.30 23.20 23.20 * 0
2018-01-06 04:09:39 23.80 23.70 23.70 23.80 24.10 24.60 24.00 23.80 24.40 24.10 24.10 24.00 23.90 24.00 23.80 24.00 * 23.10 23.10 23.20 23.20 23.30 23.20 23.10 22.90 23.30 23.30 23.40 23.40 23.30 23.20 23.20 23.20 * 0
2018-01-06 04:09:39 23.70 23.60 23.70 23.80 24.10 24.50 24.00 23.80 24.40 24.00 24.10 24.00 24.00 24.00 23.90 24.00 * 23.20 23.20 23.20 23.30 23.30 23.30 23.10 22.90 23.20 23.20 23.40 23.30 23.20 23.20 23.10 23.10 * 0
2018-01-06 04:09:40 23.70 23.60 23.70 23.70 24.10 24.50 24.00 23.70 24.30 24.00 24.10 24.00 23.90 24.00 23.90 24.00 * 23.30 23.30 23.20 23.30 23.40 23.30 23.20 23.00 23.20 23.20 23.30 23.30 23.30 23.20 23.20 23.10 * 0
2018-01-06 04:09:40 23.70 23.60 23.70 23.70 24.00 24.40 23.90 23.70 24.30 24.00 24.10 24.00 23.90 24.00 23.90 23.90 * 23.30 23.30 23.30 23.30 23.40 23.30 23.20 23.00 23.20 23.20 23.40 23.30 23.20 23.20 23.30 23.10 * 0
2018-01-06 04:09:40 23.80 23.70 23.70 23.80 24.10 24.50 24.00 23.80 24.30 23.90 24.10 24.00 23.90 24.00 23.80 23.90 * 23.20 23.20 23.30 23.20 23.30 23.20 23.10 22.90 23.10 23.20 23.40 23.20 23.20 23.10 23.20 23.10 * 0
2018-01-06 04:09:41 23.80 23.80 23.80 23.90 24.10 24.60 24.10 23.80 24.30 24.00 24.10 24.10 24.00 24.00 23.90 24.00 * 23.10 23.20 23.30 23.20 23.30 23.20 23.10 22.90 23.10 23.20 23.40 23.30 23.20 23.20 23.10 23.10 * 0
2018-01-06 04:09:41 23.80 23.80 23.70 23.90 24.10 24.60 24.10 23.80 24.40 24.10 24.10 24.00 23.90 24.10 23.90 24.00 * 23.20 23.30 23.30 23.30 23.40 23.30 23.20 23.00 23.10 23.10 23.30 23.30 23.30 23.10 23.20 23.10 * 0
2018-01-06 04:09:41 23.90 23.90 23.90 23.90 24.20 24.70 24.20 24.00 24.40 24.00 24.10 24.00 23.90 24.00 23.90 23.90 * 23.00 23.10 23.10 23.20 23.20 23.10 23.10 22.80 23.10 23.10 23.30 23.30 23.20 23.10 23.20 23.10 * 0
2018-01-06 04:09:41 24.00 23.90 23.90 24.00 24.20 24.60 24.20 24.00 24.40 24.00 24.10 24.10 23.90 23.90 23.90 23.90 * 23.00 23.00 23.10 23.10 23.20 23.10 23.00 22.80 23.20 23.20 23.40 23.30 23.20 23.20 23.20 23.10 * 0
2018-01-06 04:09:42 23.90 23.90 23.90 23.90 24.10 24.60 24.10 23.90 24.40 24.00 24.10 24.00 23.90 24.00 23.90 24.00 * 23.10 23.10 23.20 23.20 23.30 23.20 23.10 22.90 23.30 23.30 23.40 23.30 23.30 23.30 23.20 23.10 * 0
2018-01-06 04:09:42 23.80 23.80 23.80 23.80 24.10 24.50 24.10 23.90 24.30 23.90 24.00 24.00 23.80 24.00 23.80 24.00 * 23.10 23.10 23.20 23.20 23.30 23.20 23.10 22.90 23.30 23.20 23.40 23.30 23.30 23.30 23.20 23.10 * 0
