2018-01-06 04:06:51 23.60 23.60 23.60 23.70 24.00 24.40 23.80 23.60 24.30 24.10 24.20 24.00 23.90 24.10 23.90 23.90 * 23.20 23.20 23.20 23.30 23.30 23.30 23.20 23.00 23.20 23.20 23.40 23.30 23.20 23.20 23.20 23.10 * 0
2018-01-06 04:06:51 23.60 23.60 23.60 23.60 23.90 24.40 23.90 23.60 24.20 23.90 24.00 23.90 23.70 23.90 23.70 23.70 * 23.30 23.20 23.30 23.30 23.40 23.30 23.20 23.10 23.10 23.10 23.30 23.20 23.20 23.20 23.20 23.10 * 0
2018-01-06 04:06:51 23.70 23.60 23.60 23.70 24.00 24.40 23.90 23.60 24.30 24.00 24.20 24.00 23.90 24.00 23.80 23.90 * 23.20 23.20 23.30 23.30 23.40 23.30 23.20 23.00 23.10 23.10 23.30 23.20 23.10 23.20 23.20 23.10 * 0
2018-01-06 04:06:51 23.70 23.70 23.60 23.80 24.00 24.50 23.90 23.70 24.20 23.90 24.00 24.00 23.90 24.00 23.80 23.80 * 23.30 23.30 23.40 23.40 23.40 23.40 23.30 23.10 23.20 23.20 23.40 23.30 23.20 23.20 23.20 23.10 * 0
2018-01-06 04:06:52 23.80 23.70 23.70 23.80 24.10 24.50 24.00 23.80 24.30 24.00 24.00 24.00 23.90 24.00 23.90 23.90 * 23.20 23.30 23.30 23.30 23.30 23.30 23.20 23.00 23.20 23.20 23.30 23.30 23.20 23.10 23.20 23.00 * 0
2018-01-06 04:06:52 23.80 23.80 23.80 23.80 24.10 24.50 24.00 23.80 24.40 24.10 24.10 24.10 24.00 24.10 24.00 24.00 * 23.10 23.20 23.20 23.20 23.20 23.20 23.10 22.90 23.00 23.10 23.20 23.10 23.10 23.00 23.10 22.90 * 0
2018-01-06 04:06:52 23.80 23.80 23.80 23.90 24.20 24.60 24.10 23.90 24.30 23.90 24.00 24.00 23.90 24.00 23.90 23.90 * 23.20 23.20 23.20 23.30 23.30 23.30 23.10 23.00 23.10 23.20 23.30 23.30 23.20 23.20 23.10 23.00 * 0
2018-01-06 04:06:53 23.70 23.80 23.70 23.80 24.10 24.60 24.10 23.90 24.30 23.90 24.00 24.00 23.90 24.00 23.80 23.80 * 23.20 23.20 23.20 23.30 23.30 23.30 23.20 23.00 23.20 23.20 23.30 23.30 23.20 23.20 23.10 23.10 * 0
2018-01-06 04:06:53 23.70 23.70 23.70 23.80 24.10 24.50 24.00 23.70 24.40 24.00 24.10 24.00 24.10 24.00 23.90 24.00 * 23.20 23.30 23.20 23.30 23.40 23.30 23.20 23.00 23.10 23.10 23.30 23.20 23.10 23.10 23.10 22.90 * 0
2018-01-06 04:06:53 23.70 23.70 23.60 23.70 24.00 24.40 23.90 23.60 24.30 24.00 24.00 24.00 23.80 23.90 23.80 23.80 * 23.20 23.30 23.20 23.30 23.30 23.30 23.20 23.00 23.20 23.20 23.40 23.30 23.20 23.30 23.20 23.10 * 0
2018-01-06 04:06:53 23.80 23.70 23.70 23.80 24.10 24.50 24.00 23.70 24.40 24.10 24.20 24.10 23.90 24.00 23.90 24.00 * 23.20 23.10 23.20 23.30 23.30 23.30 23.10 22.90 23.10 23.20 23.30 23.20 23.20 23.20 23.20 23.10 * 0
2018-01-06 04:06:54 23.80 23.70 23.70 23.80 24.10 24.60 24.00 23.70 24.50 24.10 24.20 24.10 24.00 24.10 23.90 24.00 * 23.30 23.20 23.30 23.30 23.40 23.40 23.10 23.00 23.20 23.20 23.30 23.30 23.30 23.30 23.20 23.10 * 0
2018-01-06 04:06:54 23.70 23.70 23.70 23.70 24.10 24.50 23.90 23.70 24.30 24.00 24.00 24.00 23.90 24.00 23.90 23.90 * 23.20 23.20 23.20 23.20 23.30 23.30 23.10 23.00 23.20 23.20 23.30 23.30 23.30 23.30 23.20 23.10 * 0
2018-01-06 04:06:54 23.70 23.70 23.70 23.70 24.00 24.50 23.90 23.70 24.40 24.10 24.20 24.00 24.00 24.00 24.00 24.00 * 23.10 23.10 23.10 23.10 23.20 23.20 23.10 22.80 23.00 23.10 23.20 23.10 23.10 23.10 23.10 23.00 * 0
2018-01-06 04:06:54 23.70 23.70 23.70 23.70 24.00 24.50 24.00 23.70 24.40 24.00 24.20 24.00 24.00 24.00 24.00 24.00 * 23.10 23.10 23.10 23.10 23.20 23.20 23.10 22.90 23.10 23.10 23.20 23.10 23.10 23.10 23.10 22.90 * 0
2018-01-06 04:06:55 24.00 23.80 23.80 23.90 24.20 24.60 24.10 23.90 24.40 24.00 24.10 24.00 23.90 24.00 23.90 23.90 * 23.20 23.30 23.30 23.30 23.30 23.30 23.20 23.00 23.20 23.20 23.30 23.20 23.20 23.20 23.10 23.00 * 0
2018-01-06 04:06:55 23.80 23.70 23.70 23.80 24.00 24.50 24.00 23.70 24.60 24.20 24.20 24.10 24.00 24.20 24.00 24.10 * 23.20 23.30 23.30 23.30 23.30 23.30 23.20 23.00 23.10 23.20 23.30 23.20 23.20 23.10 23.10 23.00 * 0
2018-01-06 04:06:55 23.70 23.60 23.60 23.70 23.90 24.40 23.90 23.60 24.30 23.90 24.00 23.90 23.80 23.90 23.80 23.90 * 23.30 23.30 23.30 23.30 23.40 23.30 23.20 23.10 23.20 23.30 23.40 23.30 23.20 23.20 23.30 23.20 * 0
2018-01-06 04:06:56 23.60 23.60 23.60 23.70 23.90 24.40 23.80 23.60 24.30 24.00 24.00 24.00 23.80 23.90 23.90 23.90 * 23.20 23.10 23.20 23.20 23.30 23.30 23.10 23.00 23.20 23.20 23.30 23.20 23.20 23.20 23.20 23.10 * 0
2018-01-06 04:06:56 23.70 23.70 23.60 23.70 24.00 24.50 23.90 23.70 24.40 24.20 24.20 24.10 23.90 24.00 24.00 24.00 * 23.30 23.20 23.30 23.30 23.40 23.30 23.10 23.00 23.20 23.20 23.30 23.20 23.20 23.20 23.20 23.10 * 0
2018-01-06 04:06:56 23.70 23.70 23.60 23.80 24.00 24.50 23.90 23.70 24.30 24.00 24.10 23.90 23.80 23.90 23.80 23.90 * 23.30 23.20 23.30 23.30 23.40 23.30 23.10 23.00 23.30 23.20 23.30 23.30 23.20 23.30 23.30 23.10 * 0
2018-01-06 04:06:56 23.70 23.70 23.70 23.80 24.10 24.50 23.90 23.70 24.40 24.00 24.00 24.00 24.00 23.90 23.90 23.90 * 23.10 23.10 23.10 23.20 23.20 23.20 23.00 22.80 23.10 23.00 23.20 23.20 23.10 23.10 23.10 23.00 * 0
2018-01-06 04:06:57 23.80 23.70 23.70 23.80 24.00 24.50 24.00 23.80 24.40 24.00 24.10 24.00 24.00 24.00 23.90 23.90 * 23.10 23.10 23.20 23.20 23.20 23.20 23.10 22.90 23.10 23.10 23.30 23.20 23.20 23.20 23.10 23.10 * 0
2018-01-06 04:06:57 23.80 23.70 23.80 23.80 24.10 24.60 24.00 23.80 24.20 23.90 24.00 23.90 23.80 23.90 23.80 23.80 * 23.10 23.20 23.20 23.20 23.30 23.20 23.10 22.90 23.10 23.20 23.40 23.30 23.20 23.20 23.20 23.10 * 0
2018-01-06 04:06:57 23.70 23.80 23.70 23.80 24.10 24.60 24.00 23.80 24.50 24.10 24.20 24.10 24.10 24.20 24.00 24.10 * 23.00 23.10 23.10 23.20 23.20 23.10 23.10 22.80 23.10 23.20 23.30 23.20 23.20 23.10 23.10 23.00 * 0
2018-01-06 04:06:57 23.80 23.80 23.70 23.80 24.10 24.50 24.00 23.80 24.30 24.00 24.10 24.00 24.00 24.10 23.90 23.90 * 23.10 23.20 23.20 23.20 23.30 23.20 23.10 22.80 23.10 23.10 23.30 23.20 23.20 23.20 23.20 23.00 * 0
2018-01-06 04:06:58 23.70 23.70 23.70 23.70 24.00 24.50 24.00 23.70 24.20 23.90 23.90 23.90 23.80 23.90 23.70 23.60 * 23.20 23.30 23.30 23.30 23.40 23.40 23.20 23.00 23.20 23.20 23.40 23.30 23.20 23.30 23.30 23.10 * 0
2018-01-06 04:06:58 23.60 23.60 23.60 23.70 24.00 24.50 24.00 23.70 24.40 24.00 24.00 24.00 23.90 23.90 23.80 23.80 * 23.20 23.20 23.20 23.30 23.30 23.30 23.10 23.00 23.10 23.20 23.30 23.20 23.20 23.20 23.20 23.20 * 0
2018-01-06 04:06:58 23.70 23.60 23.70 23.70 24.00 24.50 23.90 23.70 24.40 24.10 24.20 24.10 24.00 24.10 24.00 24.00 * 23.40 23.40 23.40 23.30 23.40 23.40 23.30 23.10 23.20 23.30 23.40 23.40 23.30 23.30 23.30 23.20 * 0
2018-01-06 04:06:58 23.60 23.50 23.60 23.70 23.90 24.40 23.80 23.60 24.30 23.90 24.00 24.00 23.80 23.80 23.80 23.80 * 23.30 23.30 23.30 23.30 23.30 23.30 23.20 23.10 23.20 23.30 23.30 23.40 23.30 23.30 23.30 23.20 * 0
2018-01-06 04:06:59 23.70 23.60 23.60 23.70 24.00 24.50 23.90 23.70 24.40 24.00 24.10 24.10 24.00 24.00 23.90 24.00 * 23.10 23.20 23.20 23.20 23.20 23.20 23.20 23.00 23.10 23.10 23.20 23.20 23.10 23.10 23.10 23.00 * 0
2018-01-06 04:06:59 23.70 23.70 23.70 23.80 24.00 24.50 24.00 23.70 24.40 24.00 24.10 24.00 24.00 24.00 23.90 23.90 * 23.10 23.10 23.10 23.20 23.20 23.20 23.10 22.90 23.00 23.10 23.30 23.20 23.10 23.10 23.10 23.00 * 0
2018-01-06 04:06:59 23.90 23.80 23.80 23.80 24.10 24.60 24.10 23.80 24.40 24.00 24.00 24.00 23.90 24.00 23.80 23.90 * 23.20 23.20 23.30 23.30 23.40 23.40 23.20 23.00 23.00 23.10 23.20 23.20 23.10 23.10 23.10 23.00 * 0
2018-01-06 04:06:59 23.80 23.80 23.80 23.80 24.10 24.60 24.10 23.80 24.30 24.10 24.10 24.10 23.90 24.00 23.90 24.00 * 23.10 23.20 23.10 23.20 23.20 23.20 23.00 22.90 23.10 23.10 23.30 23.20 23.10 23.20 23.10 22.90 * 0
2018-01-06 04:07:00 23.80 23.80 23.80 23.80 24.10 24.60 24.10 23.90 24.30 24.00 24.00 24.00 23.80 23.90 23.80 23.90 * 23.10 23.20 23.10 23.20 23.20 23.20 23.10 22.90 23.20 23.20 23.40 23.30 23.20 23.30 23.10 23.00 * 0
2018-01-06 04:07:00 23.70 23.70 23.70 23.70 24.00 24.50 24.00 23.80 24.40 24.00 24.10 24.00 23.90 23.90 23.90 24.00 * 23.20 23.20 23.20 23.30 23.30 23.30 23.20 23.00 23.10 23.20 23.30 23.30 23.20 23.20 23.10 23.00 * 0
2018-01-06 04:07:00 23.80 23.70 23.70 23.70 24.00 24.50 24.00 23.70 24.50 24.10 24.10 24.00 24.00 24.10 24.00 24.00 * 23.10 23.20 23.20 23.30 23.20 23.30 23.10 22.90 23.20 23.20 23.30 23.30 23.20 23.20 23.10 23.10 * 0
2018-01-06 04:07:01 23.60 23.60 23.60 23.70 23.90 24.40 23.90 23.60 24.40 24.00 24.00 23.90 23.90 23.90 23.80 23.90 * 23.20 23.20 23.30 23.20 23.30 23.30 23.20 23.00 23.20 23.10 23.30 23.30 23.20 23.20 23.20 23.10 * 0
2018-01-06 04:07:01 23.60 23.60 23.60 23.70 23.90 24.40 23.80 23.50 24.40 23.90 24.10 24.00 24.00 23.90 23.80 23.90 * 23.20 23.30 23.30 23.30 23.30 23.30 23.10 23.00 23.10 23.00 23.30 23.20 23.20 23.10 23.10 23.10 * 0
2018-01-06 04:07:01 23.70 23.70 23.70 23.70 24.00 24.40 23.90 23.70 24.40 24.10 24.10 24.10 24.00 24.10 24.00 24.10 * 23.20 23.30 23.20 23.20 23.30 23.30 23.10 22.90 23.10 23.10 23.30 23.20 23.10 23.20 23.10 23.10 * 0
2018-01-06 04:07:01 23.80 23.70 23.70 23.70 24.00 24.50 24.00 23.70 24.30 24.00 24.00 24.00 23.90 24.00 23.90 24.00 * 23.20 23.30 23.30 23.30 23.30 23.30 23.20 23.00 23.10 23.20 23.30 23.20 23.10 23.20 23.20 23.10 * 0
2018-01-06 04:07:02 23.70 23.70 23.70 23.80 24.00 24.50 24.00 23.60 24.30 24.00 24.00 24.00 23.80 24.00 23.80 23.90 * 23.30 23.40 23.30 23.40 23.40 23.40 23.30 23.20 23.10 23.10 23.20 23.10 23.00 23.00 23.00 22.90 * 0
2018-01-06 04:07:02 23.80 23.70 23.80 23.80 24.10 24.50 24.00 23.70 24.40 24.10 24.10 24.00 23.90 24.00 23.90 23.90 * 23.20 23.30 23.30 23.30 23.40 23.30 23.20 23.00 23.10 23.20 23.30 23.20 23.10 23.10 23.10 23.00 * 0
2018-01-06 04:07:02 23.80 23.70 23.70 23.70 24.00 24.50 23.90 23.70 24.40 24.00 24.10 24.10 23.90 24.00 23.90 23.90 * 23.20 23.30 23.40 23.30 23.40 23.30 23.20 23.10 23.10 23.20 23.30 23.20 23.30 23.10 23.20 23.10 * 0
2018-01-06 04:07:02 23.80 23.80 23.80 23.80 24.00 24.50 24.00 23.70 24.30 24.00 24.10 24.00 23.90 24.00 23.80 23.90 * 23.30 23.30 23.30 23.30 23.40 23.30 23.20 23.10 23.10 23.20 23.30 23.20 23.30 23.20 23.30 23.10 * 0
2018-01-06 04:07:03 23.70 23.70 23.70 23.80 24.00 24.50 23.90 23.70 24.30 24.00 24.10 24.00 23.90 24.00 23.80 23.90 * 23.10 23.10 23.10 23.20 23.20 23.20 23.00 22.90 23.10 23.20 23.30 23.30 23.20 23.20 23.20 23.10 * 0
2018-01-06 04:07:03 23.70 23.70 23.70 23.70 24.00 24.40 23.90 23.60 24.30 24.00 24.10 24.00 23.90 23.90 23.80 23.90 * 23.10 23.10 23.10 23.20 23.20 23.20 23.00 22.90 23.10 23.10 23.30 23.20 23.10 23.10 23.10 23.00 * 0
2018-01-06 04:07:03 23.70 23.70 23.70 23.70 24.00 24.50 23.90 23.60 24.30 24.00 24.00 23.90 23.90 23.90 23.80 23.90 * 23.20 23.20 23.30 23.20 23.40 23.40 23.10 23.00 23.10 23.20 23.40 23.20 23.20 23.10 23.20 23.00 * 0
2018-01-06 04:07:03 23.70 23.70 23.70 23.80 24.00 24.50 23.90 23.70 24.50 24.00 24.10 24.00 24.00 24.00 23.90 24.00 * 23.20 23.20 23.20 23.20 23.30 23.30 23.10 22.90 23.10 23.20 23.30 23.30 23.20 23.20 23.20 23.00 * 0
2018-01-06 04:07:04 23.70 23.70 23.60 23.70 24.00 24.50 23.90 23.60 24.40 24.00 24.00 24.00 23.90 23.90 23.80 24.00 * 23.30 23.20 23.30 23.30 23.30 23.30 23.20 23.00 23.10 23.10 23.30 23.20 23.10 23.20 23.10 22.90 * 0
2018-01-06 04:07:04 23.70 23.70 23.60 23.70 24.00 24.40 23.90 23.60 24.30 24.00 24.00 24.00 23.80 23.90 23.70 23.90 * 23.30 23.30 23.30 23.40 23.30 23.30 23.20 23.00 23.10 23.10 23.30 23.20 23.10 23.10 23.10 23.00 * 0
2018-01-06 04:07:04 23.70 23.70 23.70 23.70 24.00 24.40 23.90 23.70 24.30 24.00 24.10 23.90 23.80 23.90 23.80 23.80 * 23.20 23.30 23.30 23.40 23.40 23.30 23.20 23.00 23.20 23.20 23.40 23.30 23.20 23.20 23.20 23.10 * 0
2018-01-06 04:07:04 23.70 23.70 23.70 23.70 24.00 24.40 23.90 23.70 24.40 24.10 24.10 24.00 24.00 24.00 23.80 23.90 * 23.20 23.20 23.20 23.40 23.40 23.30 23.10 23.00 23.10 23.10 23.40 23.20 23.20 23.20 23.20 23.10 * 0
2018-01-06 04:07:05 23.70 23.70 23.60 23.60 23.90 24.40 23.80 23.60 24.40 24.00 24.10 24.00 23.90 24.00 23.80 23.90 * 23.20 23.20 23.20 23.30 23.30 23.30 23.10 23.00 23.10 23.20 23.30 23.30 23.20 23.20 23.20 23.10 * 0
2018-01-06 04:07:05 23.60 23.60 23.60 23.60 23.90 24.40 23.80 23.60 24.40 24.00 24.10 24.00 23.90 24.00 23.80 23.90 * 23.20 23.20 23.20 23.30 23.40 23.30 23.10 23.00 23.10 23.20 23.30 23.30 23.20 23.20 23.20 23.10 * 0
2018-01-06 04:07:05 23.60 23.60 23.60 23.70 23.90 24.40 23.90 23.60 24.30 24.00 24.00 24.00 23.90 23.90 23.80 23.90 * 23.20 23.20 23.30 23.30 23.40 23.40 23.20 23.10 23.10 23.10 23.20 23.20 23.10 23.20 23.10 23.00 * 0
2018-01-06 04:07:06 23.80 23.70 23.70 23.80 24.00 24.50 24.00 23.70 24.40 24.10 24.10 24.00 23.90 24.00 23.90 24.00 * 23.20 23.20 23.30 23.30 23.40 23.30 23.20 23.00 23.10 23.20 23.30 23.20 23.20 23.20 23.10 23.00 * 0
2018-01-06 04:07:06 23.70 23.70 23.70 23.70 24.00 24.40 23.90 23.70 24.30 24.00 24.10 24.10 23.90 24.10 23.90 23.90 * 23.30 23.30 23.30 23.30 23.40 23.30 23.20 23.00 23.10 23.10 23.20 23.10 23.20 23.00 23.10 22.90 * 0
2018-01-06 04:07:06 23.80 23.70 23.70 23.70 24.00 24.40 23.90 23.70 24.20 23.90 24.00 23.90 23.90 23.90 23.80 23.80 * 23.40 23.30 23.40 23.40 23.40 23.40 23.20 23.10 23.10 23.10 23.30 23.20 23.20 23.20 23.10 23.00 * 0
2018-01-06 04:07:06 23.70 23.70 23.70 23.80 24.00 24.50 23.90 23.70 24.20 23.90 24.00 23.90 23.90 23.90 23.80 23.90 * 23.20 23.20 23.30 23.30 23.40 23.40 23.20 23.00 23.10 23.10 23.30 23.20 23.20 23.30 23.10 23.00 * 0
2018-01-06 04:07:07 23.70 23.70 23.70 23.80 24.00 24.50 23.90 23.60 24.30 24.00 24.10 24.00 23.90 24.00 23.90 24.00 * 23.30 23.20 23.30 23.30 23.40 23.40 23.20 23.10 23.10 23.10 23.30 23.20 23.10 23.20 23.10 23.00 * 0
2018-01-06 04:07:07 23.60 23.60 23.60 23.70 23.90 24.30 23.80 23.50 24.20 23.90 24.00 23.90 23.80 23.90 23.80 23.90 * 23.20 23.20 23.30 23.30 23.40 23.30 23.20 23.00 23.20 23.20 23.40 23.20 23.20 23.20 23.20 23.10 * 0
2018-01-06 04:07:07 23.60 23.50 23.50 23.60 23.80 24.30 23.70 23.50 24.30 24.00 24.10 24.00 24.00 24.00 23.90 23.90 * 23.20 23.20 23.20 23.30 23.40 23.30 23.10 23.00 23.20 23.30 23.40 23.30 23.30 23.30 23.20 23.20 * 0
2018-01-06 04:07:07 23.60 23.60 23.60 23.70 23.90 24.40 23.90 23.60 24.40 24.00 24.10 24.10 24.00 24.00 24.00 24.00 * 23.20 23.20 23.20 23.30 23.30 23.20 23.10 22.90 23.20 23.20 23.30 23.30 23.20 23.30 23.20 23.10 * 0
2018-01-06 04:07:08 23.80 23.80 23.80 23.80 24.10 24.50 24.10 23.80 24.30 24.00 24.00 24.10 23.90 24.00 23.90 23.90 * 23.20 23.20 23.20 23.20 23.30 23.30 23.10 23.00 23.20 23.20 23.40 23.30 23.30 23.20 23.20 23.10 * 0
2018-01-06 04:07:08 23.70 23.70 23.70 23.80 24.00 24.50 24.10 23.80 24.40 24.00 24.10 24.00 24.00 24.10 23.90 24.00 * 23.20 23.10 23.20 23.20 23.30 23.30 23.10 22.90 23.10 23.20 23.30 23.20 23.20 23.10 23.10 23.10 * 0
2018-01-06 04:07:08 23.80 23.70 23.80 23.80 24.10 24.60 24.10 23.80 24.30 23.90 24.00 23.90 23.90 23.90 23.80 23.90 * 23.30 23.20 23.30 23.30 23.40 23.40 23.20 23.00 23.10 23.10 23.30 23.20 23.20 23.10 23.10 23.00 * 0
2018-01-06 04:07:09 23.80 23.70 23.70 23.80 24.00 24.50 24.00 23.80 24.30 23.80 23.90 23.80 23.80 23.90 23.70 23.80 * 23.20 23.30 23.30 23.30 23.40 23.40 23.20 23.00 23.20 23.20 23.40 23.40 23.20 23.20 23.30 23.10 * 0
2018-01-06 04:07:09 23.80 23.70 23.70 23.80 23.90 24.50 23.90 23.60 24.30 24.00 24.10 24.00 23.90 24.00 23.90 24.00 * 23.10 23.20 23.20 23.20 23.30 23.30 23.10 23.00 23.20 23.10 23.40 23.30 23.20 23.20 23.30 23.10 * 0
2018-01-06 04:07:09 23.60 23.50 23.60 23.70 23.80 24.30 23.80 23.50 24.10 23.90 24.00 23.80 23.70 23.80 23.70 23.70 * 23.10 23.20 23.20 23.20 23.30 23.30 23.10 23.00 23.20 23.20 23.40 23.40 23.30 23.30 23.30 23.20 * 0
2018-01-06 04:07:09 23.50 23.40 23.50 23.60 23.80 24.20 23.70 23.40 24.30 23.90 24.00 23.90 23.80 23.90 23.70 23.80 * 23.20 23.20 23.30 23.20 23.40 23.30 23.10 23.10 23.20 23.40 23.50 23.40 23.40 23.30 23.40 23.30 * 0
2018-01-06 04:07:10 23.60 23.50 23.50 23.60 23.80 24.30 23.80 23.50 24.50 24.00 24.10 24.00 23.90 24.00 24.00 24.00 * 23.20 23.10 23.20 23.10 23.30 23.30 23.10 23.00 23.20 23.30 23.40 23.40 23.30 23.30 23.30 23.10 * 0
2018-01-06 04:07:10 23.80 23.80 23.70 23.80 24.10 24.50 24.00 23.80 24.40 24.00 24.10 24.00 23.90 24.00 23.80 23.90 * 23.20 23.20 23.20 23.20 23.30 23.30 23.10 23.00 23.20 23.30 23.40 23.40 23.30 23.30 23.20 23.20 * 0
2018-01-06 04:07:10 23.80 23.80 23.70 23.80 24.00 24.50 24.00 23.80 24.40 24.00 24.10 24.00 23.90 24.00 23.80 23.90 * 23.10 23.10 23.20 23.20 23.30 23.20 23.10 22.90 23.10 23.20 23.30 23.30 23.20 23.20 23.10 23.10 * 0
2018-01-06 04:07:10 23.70 23.70 23.70 23.70 24.00 24.50 23.90 23.70 24.40 24.00 24.10 24.00 23.90 24.00 23.80 23.90 * 23.10 23.20 23.20 23.20 23.30 23.20 23.10 22.90 23.10 23.10 23.30 23.30 23.20 23.20 23.10 23.10 * 0
2018-01-06 04:07:11 23.70 23.70 23.70 23.70 24.00 24.40 24.00 23.70 24.30 23.90 24.10 24.00 23.90 23.90 23.80 23.90 * 23.20 23.30 23.30 23.30 23.40 23.20 23.20 23.00 23.20 23.30 23.40 23.20 23.30 23.30 23.20 23.10 * 0
2018-01-06 04:07:11 23.80 23.70 23.70 23.80 24.00 24.50 24.00 23.80 24.30 24.00 24.10 24.00 23.90 24.00 23.90 23.90 * 23.20 23.20 23.30 23.30 23.40 23.30 23.20 23.00 23.10 23.20 23.40 23.20 23.30 23.20 23.20 23.10 * 0
2018-01-06 04:07:11 23.70 23.60 23.70 23.70 24.00 24.50 23.90 23.70 24.30 24.00 24.00 24.00 23.90 23.90 23.80 23.90 * 23.10 23.10 23.20 23.10 23.30 23.20 23.10 22.90 23.20 23.30 23.40 23.30 23.30 23.30 23.30 23.20 * 0
2018-01-06 04:07:11 23.70 23.60 23.70 23.70 24.00 24.50 23.90 23.70 24.30 24.00 24.00 24.00 23.90 23.90 23.80 23.90 * 23.30 23.30 23.30 23.30 23.50 23.40 23.30 23.10 23.10 23.20 23.40 23.30 23.20 23.20 23.20 23.10 * 0
2018-01-06 04:07:12 23.70 23.60 23.70 23.70 24.00 24.40 23.90 23.70 24.20 24.00 24.00 24.00 23.80 23.90 23.80 23.80 * 23.40 23.40 23.40 23.40 23.50 23.40 23.40 23.20 23.00 23.10 23.20 23.20 23.10 23.10 23.10 23.00 * 0
2018-01-06 04:07:12 23.80 23.80 23.80 23.90 24.10 24.60 24.10 23.80 24.40 24.10 24.10 24.00 23.90 24.00 23.90 23.90 * 23.30 23.30 23.30 23.30 23.40 23.30 23.20 23.00 23.10 23.20 23.20 23.20 23.10 23.10 23.10 23.00 * 0
2018-01-06 04:07:12 23.70 23.70 23.80 23.80 24.10 24.50 24.00 23.80 24.30 24.00 24.10 24.00 23.90 24.00 23.90 23.90 * 23.20 23.20 23.20 23.20 23.30 23.30 23.20 23.00 23.20 23.20 23.30 23.30 23.20 23.20 23.20 23.10 * 0
2018-01-06 04:07:13 23.70 23.70 23.70 23.80 24.10 24.50 24.00 23.70 24.40 24.10 24.10 24.00 24.00 24.00 23.90 23.90 * 23.20 23.20 23.20 23.20 23.30 23.20 23.20 23.00 23.20 23.30 23.30 23.30 23.30 23.20 23.30 23.20 * 0
2018-01-06 04:07:13 23.70 23.70 23.60 23.80 24.00 24.50 23.90 23.70 24.30 24.10 24.00 24.00 24.00 24.00 23.80 23.90 * 23.30 23.20 23.30 23.30 23.40 23.30 23.20 23.00 23.20 23.20 23.30 23.20 23.20 23.20 23.10 23.10 * 0
2018-01-06 04:07:13 23.70 23.70 23.70 23.80 24.10 24.50 24.00 23.70 24.30 24.10 24.10 24.00 23.90 24.00 23.80 23.90 * 23.20 23.30 23.30 23.30 23.40 23.30 23.30 23.10 23.10 23.20 23.40 23.30 23.20 23.20 23.20 23.10 * 0
2018-01-06 04:07:13 23.70 23.70 23.70 23.70 24.10 24.50 23.90 23.70 24.30 24.10 24.00 24.00 23.90 24.00 23.90 23.90 * 23.20 23.20 23.30 23.30 23.30 23.30 23.20 23.00 23.20 23.20 23.40 23.30 23.30 23.30 23.30 23.10 * 0
2018-01-06 04:07:14 23.60 23.60 23.60 23.60 24.00 24.40 23.80 23.60 24.30 24.00 24.10 24.00 24.00 24.00 23.90 23.90 * 23.10 23.10 23.20 23.20 23.30 23.30 23.10 22.90 23.20 23.20 23.30 23.20 23.20 23.20 23.20 23.00 * 0
2018-01-06 04:07:14 23.70 23.60 23.70 23.70 24.00 24.50 23.90 23.60 24.30 24.00 24.10 24.00 23.90 24.00 23.90 23.80 * 23.10 23.20 23.20 23.30 23.40 23.30 23.20 23.00 23.10 23.10 23.20 23.20 23.10 23.10 23.10 23.00 * 0
2018-01-06 04:07:14 23.90 23.90 23.90 23.90 24.20 24.70 24.20 23.90 24.40 24.00 24.10 24.00 23.90 24.00 23.80 23.90 * 23.30 23.30 23.40 23.30 23.40 23.30 23.20 23.10 23.20 23.10 23.30 23.20 23.10 23.20 23.10 23.00 * 0
2018-01-06 04:07:14 23.90 23.80 23.80 23.80 24.10 24.60 24.10 23.80 24.30 24.00 24.10 23.90 23.90 23.90 23.80 23.90 * 23.30 23.30 23.40 23.40 23.40 23.30 23.20 23.10 23.10 23.10 23.30 23.20 23.10 23.20 23.10 23.00 * 0
2018-01-06 04:07:15 23.80 23.70 23.70 23.80 24.00 24.50 24.00 23.70 24.30 24.10 24.10 23.90 23.90 24.00 23.80 24.00 * 23.20 23.30 23.30 23.30 23.40 23.30 23.20 23.10 23.00 23.10 23.20 23.20 23.10 23.10 23.00 22.90 * 0
2018-01-06 04:07:15 23.80 23.80 23.80 23.80 24.10 24.60 24.00 23.80 24.40 24.10 24.10 24.00 24.00 24.00 23.90 24.00 * 23.20 23.20 23.20 23.20 23.40 23.20 23.20 23.00 23.00 23.20 23.20 23.20 23.10 23.20 23.10 22.90 * 0
2018-01-06 04:07:15 23.90 23.80 23.80 23.80 24.10 24.60 24.10 23.90 24.40 24.10 24.10 24.10 24.00 24.10 23.90 24.00 * 23.30 23.30 23.30 23.30 23.40 23.30 23.20 23.10 23.10 23.10 23.20 23.20 23.10 23.20 23.10 23.00 * 0
2018-01-06 04:07:16 23.80 23.70 23.70 23.80 24.10 24.50 24.00 23.70 24.30 23.90 24.10 24.00 23.90 24.00 23.80 23.90 * 23.10 23.20 23.20 23.30 23.40 23.30 23.10 23.00 23.10 23.10 23.30 23.20 23.10 23.20 23.20 23.00 * 0
2018-01-06 04:07:16 23.70 23.70 23.60 23.80 24.00 24.50 24.00 23.70 24.30 24.00 24.10 24.00 24.00 24.00 23.90 23.90 * 23.20 23.30 23.30 23.30 23.30 23.30 23.20 23.00 23.20 23.10 23.40 23.30 23.20 23.20 23.20 23.10 * 0
2018-01-06 04:07:16 23.80 23.70 23.70 23.80 24.00 24.60 24.00 23.80 24.40 24.10 24.10 24.00 23.90 23.90 23.80 23.80 * 23.30 23.30 23.30 23.40 23.40 23.40 23.30 23.10 23.00 23.00 23.20 23.20 23.10 23.10 23.10 23.00 * 0
2018-01-06 04:07:16 23.90 23.90 23.90 23.90 24.10 24.70 24.10 23.90 24.40 24.10 24.10 24.00 23.90 24.00 23.90 23.90 * 23.20 23.30 23.30 23.30 23.50 23.40 23.30 23.10 23.00 23.10 23.20 23.20 23.10 23.10 23.10 23.00 * 0
2018-01-06 04:07:17 23.90 23.90 23.90 23.90 24.10 24.70 24.10 23.90 24.50 24.10 24.10 24.00 24.00 24.10 24.00 24.00 * 23.20 23.20 23.30 23.20 23.40 23.30 23.20 23.00 22.90 23.10 23.20 23.10 23.00 23.10 23.00 22.90 * 0
2018-01-06 04:07:17 23.80 23.80 23.80 23.70 24.10 24.50 24.00 23.80 24.40 24.00 24.10 24.00 23.90 23.90 23.80 23.90 * 23.20 23.20 23.20 23.20 23.30 23.20 23.10 23.00 23.10 23.20 23.30 23.20 23.10 23.20 23.10 23.00 * 0
2018-01-06 04:07:17 23.80 23.70 23.70 23.70 24.10 24.50 24.00 23.80 24.40 24.10 24.10 24.00 23.90 24.00 23.90 24.00 * 23.10 23.20 23.20 23.20 23.30 23.20 23.10 23.00 23.30 23.40 23.40 23.40 23.30 23.40 23.30 23.20 * 0
2018-01-06 04:07:17 23.80 23.70 23.80 23.80 24.10 24.60 24.00 23.80 24.30 24.10 24.10 24.00 23.90 24.00 23.90 24.00 * 23.10 23.10 23.20 23.30 23.30 23.20 23.10 22.90 23.20 23.30 23.40 23.30 23.30 23.30 23.30 23.20 * 0
2018-01-06 04:07:18 23.80 23.80 23.70 23.80 24.10 24.60 24.00 23.80 24.30 24.00 24.10 24.00 23.90 24.00 23.90 23.90 * 23.10 23.10 23.20 23.30 23.30 23.20 23.10 22.90 23.20 23.20 23.30 23.30 23.30 23.30 23.20 23.10 * 0
2018-01-06 04:07:18 23.70 23.70 23.70 23.70 24.10 24.50 24.00 23.80 24.30 24.00 24.10 24.00 23.90 23.90 23.90 23.90 * 23.10 23.10 23.20 23.10 23.20 23.10 23.00 22.80 23.20 23.20 23.40 23.20 23.20 23.30 23.30 23.10 * 0
2018-01-06 04:07:18 23.80 23.70 23.70 23.80 24.10 24.50 24.00 23.80 24.40 24.00 24.10 24.00 23.90 24.00 23.80 23.80 * 23.20 23.20 23.30 23.20 23.40 23.30 23.20 22.90 23.10 23.10 23.30 23.20 23.20 23.20 23.20 23.00 * 0
2018-01-06 04:07:18 23.90 23.80 23.80 23.90 24.20 24.60 24.10 23.90 24.40 24.00 24.10 24.10 24.00 24.00 23.80 23.80 * 23.30 23.30 23.30 23.40 23.50 23.40 23.30 23.10 23.10 23.10 23.30 23.20 23.20 23.20 23.10 23.00 * 0
2018-01-06 04:07:19 23.80 23.70 23.80 23.90 24.20 24.60 24.00 23.80 24.40 24.10 24.20 24.10 24.00 24.00 23.90 24.00 * 23.30 23.30 23.30 23.30 23.40 23.30 23.20 23.10 23.00 23.00 23.20 23.10 23.10 23.10 23.10 22.90 * 0
2018-01-06 04:07:19 23.60 23.50 23.60 23.70 24.00 24.40 23.90 23.60 24.30 23.90 24.10 23.90 23.90 23.90 23.80 23.90 * 23.30 23.30 23.30 23.30 23.50 23.40 23.30 23.10 23.10 23.10 23.40 23.20 23.20 23.20 23.10 23.00 * 0
2018-01-06 04:07:19 23.60 23.60 23.60 23.60 24.00 24.40 23.80 23.60 24.40 24.00 24.10 24.00 24.00 24.00 23.90 24.00 * 23.40 23.40 23.40 23.40 23.50 23.50 23.30 23.10 23.20 23.20 23.40 23.40 23.30 23.30 23.20 23.10 * 0
2018-01-06 04:07:20 23.70 23.60 23.60 23.70 24.00 24.50 23.90 23.70 24.40 24.10 24.10 24.00 24.00 24.10 24.00 24.00 * 23.30 23.30 23.30 23.40 23.40 23.40 23.20 23.00 23.20 23.30 23.40 23.40 23.30 23.30 23.20 23.20 * 0
2018-01-06 04:07:20 23.70 23.70 23.60 23.70 24.10 24.50 23.90 23.70 24.30 24.00 24.00 23.90 23.90 24.00 23.80 23.90 * 23.20 23.20 23.30 23.30 23.40 23.30 23.10 23.00 23.10 23.20 23.40 23.30 23.30 23.30 23.20 23.10 * 0
2018-01-06 04:07:20 23.80 23.80 23.70 23.80 24.10 24.50 24.10 23.80 24.30 24.00 24.00 24.00 23.90 23.90 23.80 23.90 * 23.20 23.20 23.20 23.30 23.40 23.20 23.10 23.00 23.00 23.10 23.20 23.20 23.10 23.10 23.10 23.10 * 0
2018-01-06 04:07:20 23.80 23.80 23.80 23.80 24.10 24.60 24.10 23.80 24.50 24.10 24.20 24.10 24.00 24.10 24.00 24.00 * 23.20 23.30 23.30 23.30 23.30 23.30 23.20 23.00 23.10 23.20 23.30 23.30 23.20 23.20 23.20 23.10 * 0
2018-01-06 04:07:21 23.80 23.80 23.80 23.80 24.10 24.60 24.10 23.90 24.40 24.10 24.10 24.00 24.00 24.10 24.00 24.00 * 23.30 23.30 23.40 23.40 23.40 23.40 23.30 23.10 23.20 23.20 23.30 23.40 23.30 23.30 23.20 23.10 * 0
2018-01-06 04:07:21 23.80 23.70 23.70 23.80 24.00 24.60 24.10 23.80 24.40 24.10 24.10 24.00 23.90 24.00 23.90 23.90 * 23.30 23.20 23.30 23.40 23.40 23.40 23.20 23.10 23.20 23.20 23.30 23.30 23.20 23.30 23.10 23.10 * 0
2018-01-06 04:07:21 23.70 23.70 23.70 23.80 24.10 24.50 24.00 23.70 24.40 24.10 24.20 24.20 23.90 24.10 23.90 24.00 * 23.20 23.20 23.30 23.30 23.40 23.30 23.10 23.10 23.10 23.10 23.30 23.30 23.20 23.30 23.10 23.10 * 0
2018-01-06 04:07:21 23.70 23.60 23.70 23.80 24.00 24.50 24.00 23.70 24.40 24.10 24.10 24.00 23.90 24.00 23.80 24.00 * 23.30 23.30 23.30 23.40 23.40 23.40 23.20 23.10 23.10 23.20 23.40 23.40 23.30 23.30 23.30 23.20 * 0
2018-01-06 04:07:22 23.70 23.60 23.70 23.70 24.00 24.50 24.00 23.70 24.40 24.10 24.10 24.00 24.00 24.00 23.90 24.00 * 23.30 23.30 23.30 23.40 23.40 23.40 23.20 23.10 23.20 23.30 23.40 23.40 23.30 23.30 23.30 23.20 * 0
2018-01-06 04:07:22 23.70 23.60 23.70 23.70 24.00 24.50 24.00 23.70 24.50 24.10 24.20 24.10 24.00 24.10 24.00 24.00 * 23.10 23.10 23.20 23.30 23.30 23.30 23.10 22.90 23.10 23.20 23.30 23.30 23.20 23.20 23.10 23.00 * 0
2018-01-06 04:07:22 23.90 23.80 23.80 23.90 24.10 24.60 24.10 23.80 24.40 24.00 24.10 24.00 23.90 24.00 23.90 23.90 * 23.10 23.10 23.20 23.30 23.30 23.30 23.10 22.90 23.10 23.10 23.20 23.20 23.10 23.20 23.10 23.00 * 0
2018-01-06 04:07:22 23.90 23.80 23.80 23.90 24.20 24.60 24.10 23.90 24.40 24.10 24.20 24.20 24.00 24.10 24.00 24.00 * 23.30 23.30 23.30 23.30 23.40 23.30 23.20 23.10 23.10 23.10 23.30 23.30 23.20 23.20 23.20 23.00 * 0
2018-01-06 04:07:23 24.00 23.90 24.00 23.90 24.20 24.70 24.20 24.00 24.30 24.10 24.20 24.10 23.90 24.00 23.90 24.00 * 23.30 23.30 23.40 23.40 23.50 23.40 23.20 23.20 23.10 23.10 23.30 23.20 23.20 23.10 23.20 23.00 * 0
2018-01-06 04:07:23 23.90 23.80 23.90 23.90 24.20 24.70 24.10 23.90 24.30 24.00 24.10 24.00 23.90 24.00 23.80 23.80 * 23.30 23.30 23.30 23.30 23.40 23.40 23.20 23.10 23.10 23.10 23.30 23.20 23.10 23.10 23.10 23.00 * 0
2018-01-06 04:07:23 23.80 23.70 23.80 23.80 24.10 24.50 24.00 23.80 24.50 24.10 24.10 24.00 23.90 24.00 23.90 23.90 * 23.30 23.20 23.30 23.30 23.40 23.30 23.10 23.00 23.20 23.30 23.40 23.30 23.30 23.20 23.30 23.20 * 0
2018-01-06 04:07:24 23.80 23.70 23.80 23.80 24.00 24.60 24.00 23.70 24.40 24.00 24.00 24.00 23.90 24.00 23.80 23.90 * 23.30 23.20 23.20 23.30 23.30 23.20 23.10 23.00 23.30 23.20 23.40 23.40 23.30 23.30 23.30 23.10 * 0
2018-01-06 04:07:24 23.90 23.80 23.80 23.80 24.10 24.50 24.00 23.70 24.50 24.10 24.20 24.10 24.00 24.10 23.90 24.00 * 23.20 23.30 23.30 23.30 23.30 23.30 23.20 23.00 23.20 23.20 23.40 23.30 23.30 23.20 23.30 23.10 * 0
2018-01-06 04:07:24 23.90 23.80 23.80 23.90 24.10 24.50 24.10 23.80 24.50 24.10 24.20 24.10 24.00 24.10 23.90 24.10 * 23.10 23.20 23.20 23.20 23.20 23.20 23.10 22.90 23.10 23.20 23.30 23.30 23.20 23.20 23.20 23.10 * 0
2018-01-06 04:07:24 23.90 23.80 23.80 23.90 24.10 24.60 24.10 23.80 24.40 24.10 24.10 24.00 23.90 24.00 23.90 24.00 * 23.10 23.20 23.10 23.10 23.20 23.20 23.10 22.90 23.10 23.20 23.30 23.20 23.20 23.20 23.10 23.00 * 0
2018-01-06 04:07:25 23.80 23.80 23.70 23.90 24.10 24.60 24.10 23.80 24.50 24.10 24.20 24.20 24.00 24.10 24.10 24.20 * 23.20 23.30 23.30 23.30 23.30 23.30 23.20 23.00 23.20 23.20 23.30 23.30 23.30 23.30 23.30 23.10 * 0
