2018-01-06 04:38:52 23.80 23.70 23.70 23.80 24.00 24.50 24.00 23.80 24.30 24.00 24.10 24.00 23.90 24.00 23.90 24.00 * 23.30 23.30 23.40 23.30 23.40 23.30 23.30 23.10 23.00 23.10 23.20 23.20 23.00 23.10 23.10 22.90 * 0
2018-01-06 04:38:52 23.80 23.80 23.80 23.80 24.10 24.60 24.10 23.80 24.20 23.90 24.00 24.00 23.90 23.90 23.80 23.80 * 23.20 23.30 23.40 23.30 23.40 23.30 23.20 23.00 23.00 23.10 23.20 23.20 23.10 23.00 23.10 22.90 * 0
2018-01-06 04:38:53 23.80 23.70 23.70 23.80 24.10 24.50 24.00 23.80 24.40 23.90 24.10 24.00 24.00 24.00 23.90 23.90 * 23.20 23.20 23.30 23.30 23.40 23.30 23.20 23.00 23.00 23.00 23.20 23.10 23.10 23.10 23.00 22.80 * 0
2018-01-06 04:38:53 23.80 23.60 23.70 23.70 24.00 24.50 24.00 23.70 24.50 24.10 24.20 24.10 24.10 24.10 24.00 24.10 * 23.20 23.30 23.30 23.30 23.40 23.30 23.20 23.10 23.00 23.10 23.20 23.20 23.10 23.10 23.10 22.90 * 0
2018-01-06 04:38:53 23.80 23.70 23.70 23.80 24.10 24.50 24.10 23.70 24.40 24.00 24.10 24.00 24.00 24.00 23.90 24.00 * 23.10 23.20 23.20 23.20 23.30 23.20 23.10 23.00 23.10 23.10 23.30 23.20 23.20 23.20 23.20 23.00 * 0
2018-01-06 04:38:53 23.80 23.70 23.70 23.80 24.00 24.60 24.00 23.80 24.40 24.00 24.10 24.00 23.90 23.90 23.90 24.00 * 23.10 23.10 23.20 23.20 23.30 23.20 23.10 22.90 23.10 23.10 23.30 23.20 23.20 23.10 23.10 23.00 * 0
2018-01-06 04:38:54 23.70 23.70 23.60 23.70 24.00 24.50 23.90 23.70 24.40 24.00 24.00 24.00 23.90 24.00 23.90 23.90 * 23.20 23.20 23.30 23.20 23.30 23.30 23.10 23.00 23.00 23.10 23.30 23.20 23.10 23.10 23.00 22.90 * 0
2018-01-06 04:38:54 23.70 23.70 23.70 23.70 24.10 24.50 24.00 23.70 24.30 23.90 24.00 24.00 23.90 24.00 23.90 23.90 * 23.10 23.10 23.20 23.20 23.20 23.20 23.00 22.90 23.10 23.20 23.30 23.20 23.20 23.10 23.10 23.10 * 0
2018-01-06 04:38:54 23.80 23.80 23.70 23.80 24.10 24.50 24.10 23.80 24.20 23.90 24.00 24.00 23.80 23.90 23.80 23.80 * 23.20 23.20 23.30 23.30 23.30 23.30 23.10 23.00 23.00 23.10 23.20 23.20 23.10 23.10 23.10 23.00 * 0
2018-01-06 04:38:55 23.70 23.70 23.60 23.70 24.00 24.50 24.00 23.70 24.20 23.90 24.00 24.00 23.80 23.90 23.80 23.90 * 23.10 23.10 23.20 23.30 23.30 23.20 23.10 22.90 23.00 23.10 23.20 23.20 23.10 23.10 23.10 23.00 * 0
2018-01-06 04:38:55 23.60 23.60 23.60 23.60 23.90 24.40 23.80 23.50 24.40 24.00 24.20 24.10 23.90 24.00 23.90 24.10 * 23.10 23.20 23.20 23.30 23.30 23.20 23.10 22.90 23.10 23.10 23.30 23.30 23.20 23.10 23.20 23.10 * 0
2018-01-06 04:38:55 23.70 23.60 23.60 23.70 23.90 24.50 23.90 23.60 24.40 24.00 24.10 24.00 23.90 23.90 23.80 23.90 * 23.40 23.30 23.40 23.40 23.40 23.30 23.20 23.10 23.10 23.10 23.30 23.20 23.20 23.20 23.10 23.10 * 0
2018-01-06 04:38:55 23.70 23.70 23.60 23.70 24.00 24.50 23.90 23.70 24.30 23.90 23.90 23.90 23.90 23.80 23.70 23.70 * 23.30 23.30 23.40 23.30 23.40 23.30 23.20 23.10 23.00 23.10 23.30 23.20 23.10 23.10 23.10 23.10 * 0
2018-01-06 04:38:56 23.70 23.60 23.60 23.70 24.00 24.50 23.90 23.70 24.30 23.90 24.00 24.00 24.00 23.90 23.80 23.80 * 23.20 23.30 23.30 23.30 23.30 23.30 23.20 23.00 23.00 23.10 23.30 23.20 23.10 23.10 23.10 23.00 * 0
2018-01-06 04:38:56 23.70 23.60 23.60 23.60 23.90 24.40 23.90 23.60 24.40 24.20 24.20 24.10 23.90 24.10 24.00 24.10 * 23.30 23.30 23.30 23.30 23.30 23.40 23.20 23.10 23.00 23.00 23.10 23.10 23.10 22.90 23.00 22.90 * 0
2018-01-06 04:38:56 23.70 23.70 23.70 23.80 24.10 24.60 24.00 23.70 24.40 24.10 24.10 24.00 24.00 24.00 23.90 24.00 * 23.30 23.30 23.40 23.40 23.40 23.40 23.20 23.10 23.10 23.10 23.30 23.20 23.20 23.10 23.10 23.10 * 0
2018-01-06 04:38:56 23.90 23.90 23.90 23.90 24.20 24.70 24.10 23.80 24.40 24.10 24.00 24.00 23.90 24.00 23.90 23.90 * 23.20 23.20 23.30 23.20 23.30 23.20 23.10 22.90 23.10 23.20 23.50 23.40 23.30 23.30 23.20 23.20 * 0
2018-01-06 04:38:57 23.90 23.80 23.80 23.80 24.10 24.60 24.00 23.80 24.40 24.10 24.10 23.90 23.90 23.90 23.90 23.80 * 23.20 23.20 23.30 23.20 23.30 23.20 23.20 22.90 23.10 23.20 23.40 23.30 23.30 23.30 23.10 23.10 * 0
2018-01-06 04:38:57 23.80 23.80 23.70 23.80 24.10 24.50 24.00 23.70 24.50 24.10 24.20 24.10 24.00 24.10 24.00 24.00 * 23.10 23.20 23.20 23.30 23.30 23.20 23.20 23.00 23.20 23.20 23.40 23.30 23.20 23.20 23.10 23.10 * 0
2018-01-06 04:38:57 23.80 23.80 23.80 23.80 24.10 24.60 24.10 23.90 24.50 24.20 24.20 24.10 24.00 24.10 24.00 24.00 * 23.20 23.20 23.20 23.20 23.40 23.20 23.10 23.00 23.10 23.10 23.40 23.30 23.20 23.20 23.10 23.10 * 0
2018-01-06 04:38:58 23.80 23.80 23.70 23.80 24.10 24.50 24.00 23.90 24.30 24.10 24.10 24.00 23.90 24.00 23.90 23.90 * 23.20 23.20 23.30 23.30 23.40 23.30 23.20 23.00 23.00 23.10 23.30 23.20 23.10 23.10 23.00 23.00 * 0
2018-01-06 04:38:58 23.80 23.80 23.70 23.90 24.10 24.50 24.00 23.90 24.30 24.00 24.00 23.90 23.90 23.90 23.80 23.90 * 23.10 23.20 23.30 23.30 23.30 23.20 23.20 22.90 22.90 23.00 23.20 23.10 23.10 23.00 23.00 22.90 * 0
2018-01-06 04:38:58 23.70 23.70 23.70 23.80 24.00 24.40 23.90 23.70 24.50 24.20 24.30 24.10 24.10 24.00 24.00 24.10 * 23.10 23.20 23.20 23.30 23.30 23.20 23.20 22.90 23.10 23.10 23.30 23.20 23.20 23.20 23.10 23.10 * 0
2018-01-06 04:38:58 23.60 23.60 23.60 23.70 23.90 24.30 23.80 23.60 24.40 24.10 24.20 24.10 24.00 24.00 24.00 24.00 * 23.10 23.20 23.20 23.20 23.30 23.20 23.10 22.90 23.10 23.10 23.30 23.20 23.10 23.10 23.10 23.00 * 0
2018-01-06 04:38:59 23.70 23.70 23.70 23.70 24.00 24.50 23.90 23.70 24.30 23.90 24.10 24.00 23.90 24.00 23.90 23.90 * 23.10 23.20 23.20 23.30 23.30 23.20 23.10 22.90 23.20 23.20 23.40 23.20 23.20 23.20 23.20 23.10 * 0
2018-01-06 04:38:59 23.70 23.70 23.70 23.70 24.00 24.50 23.90 23.70 24.30 24.00 24.10 24.00 23.90 24.00 23.90 24.00 * 23.10 23.20 23.30 23.30 23.40 23.30 23.10 22.90 23.10 23.20 23.30 23.30 23.20 23.20 23.10 23.10 * 0
2018-01-06 04:38:59 23.60 23.60 23.60 23.70 23.90 24.40 23.80 23.60 24.50 24.20 24.20 24.10 24.10 24.10 23.90 24.00 * 23.30 23.20 23.30 23.40 23.50 23.30 23.20 23.00 23.10 23.20 23.40 23.30 23.20 23.20 23.30 23.10 * 0
2018-01-06 04:38:59 23.70 23.70 23.70 23.70 24.00 24.40 24.00 23.80 24.40 24.10 24.10 24.10 24.00 24.00 23.90 23.90 * 23.30 23.20 23.30 23.30 23.40 23.40 23.20 23.00 23.10 23.20 23.40 23.30 23.20 23.20 23.30 23.10 * 0
2018-01-06 04:39:00 23.80 23.80 23.70 23.80 24.10 24.50 24.00 23.90 24.30 24.00 24.10 24.00 23.90 23.90 23.80 23.90 * 23.20 23.20 23.20 23.20 23.40 23.30 23.20 23.00 23.10 23.20 23.30 23.30 23.10 23.20 23.20 23.10 * 0
2018-01-06 04:39:00 23.80 23.80 23.70 23.80 24.10 24.50 24.00 23.80 24.30 24.10 24.10 24.00 23.90 23.90 23.90 23.80 * 23.20 23.20 23.20 23.20 23.40 23.20 23.10 23.00 23.10 23.20 23.30 23.30 23.20 23.20 23.20 23.10 * 0
2018-01-06 04:39:00 23.70 23.70 23.60 23.70 24.00 24.40 23.90 23.70 24.40 24.10 24.10 24.00 23.90 24.00 23.90 23.90 * 23.10 23.10 23.10 23.10 23.30 23.20 23.10 22.90 23.10 23.20 23.30 23.20 23.10 23.10 23.10 23.00 * 0
2018-01-06 04:39:00 23.70 23.70 23.60 23.70 24.00 24.50 24.00 23.70 24.50 24.10 24.20 24.10 24.10 24.00 23.90 24.00 * 23.10 23.10 23.10 23.10 23.20 23.20 23.10 22.80 23.20 23.30 23.40 23.30 23.30 23.30 23.20 23.10 * 0
2018-01-06 04:39:01 23.90 23.80 23.80 23.90 24.10 24.60 24.10 24.00 24.30 23.90 24.00 23.90 23.90 23.90 23.80 23.90 * 23.10 23.20 23.20 23.20 23.30 23.20 23.10 22.90 23.10 23.20 23.30 23.30 23.20 23.20 23.20 23.10 * 0
2018-01-06 04:39:01 23.70 23.70 23.70 23.70 24.00 24.50 24.00 23.80 24.30 24.00 24.00 23.90 23.90 23.90 23.70 23.90 * 23.10 23.10 23.20 23.20 23.30 23.20 23.10 22.90 23.00 23.10 23.20 23.20 23.10 23.10 23.00 23.00 * 0
2018-01-06 04:39:01 23.60 23.60 23.70 23.70 24.00 24.40 23.90 23.60 24.50 24.20 24.30 24.10 24.10 24.10 24.00 24.10 * 23.20 23.20 23.30 23.20 23.30 23.30 23.10 23.00 23.20 23.20 23.40 23.30 23.30 23.20 23.20 23.20 * 0
2018-01-06 04:39:02 23.60 23.60 23.60 23.70 23.90 24.40 23.90 23.60 24.40 24.10 24.20 24.00 24.00 24.00 23.90 24.00 * 23.20 23.20 23.30 23.20 23.30 23.30 23.10 23.00 23.10 23.20 23.40 23.30 23.20 23.20 23.20 23.20 * 0
2018-01-06 04:39:02 23.90 23.80 23.70 23.80 24.00 24.50 24.00 23.80 24.40 24.10 24.10 24.00 24.00 24.00 23.90 23.90 * 23.20 23.30 23.30 23.30 23.40 23.40 23.20 23.00 23.20 23.20 23.30 23.20 23.20 23.20 23.20 23.10 * 0
2018-01-06 04:39:02 24.00 23.90 23.80 23.80 24.10 24.60 24.10 23.90 24.50 24.10 24.20 24.10 24.10 24.10 24.00 24.10 * 23.30 23.40 23.40 23.40 23.40 23.40 23.20 23.10 23.20 23.20 23.40 23.20 23.20 23.20 23.20 23.10 * 0
2018-01-06 04:39:02 23.90 23.80 23.80 23.90 24.10 24.60 24.00 23.80 24.50 24.10 24.10 24.10 24.10 24.10 24.00 24.10 * 23.20 23.30 23.30 23.30 23.30 23.30 23.10 22.90 23.10 23.10 23.30 23.10 23.10 23.10 23.10 23.00 * 0
2018-01-06 04:39:03 23.80 23.70 23.70 23.80 24.00 24.50 24.00 23.80 24.40 24.10 24.20 24.10 23.90 24.00 23.90 24.00 * 23.10 23.10 23.20 23.10 23.10 23.20 23.00 22.80 23.10 23.20 23.40 23.30 23.20 23.10 23.20 23.10 * 0
2018-01-06 04:39:03 23.90 23.90 23.80 23.90 24.10 24.60 24.10 23.90 24.30 23.90 24.00 23.90 23.80 23.90 23.80 23.90 * 23.10 23.10 23.20 23.10 23.10 23.20 23.00 22.80 23.10 23.20 23.40 23.30 23.20 23.20 23.30 23.10 * 0
2018-01-06 04:39:03 23.80 23.80 23.80 23.80 24.10 24.50 24.00 23.80 24.20 23.80 23.80 23.80 23.70 23.80 23.70 23.80 * 23.10 23.10 23.20 23.20 23.30 23.20 23.10 22.90 23.00 23.10 23.30 23.20 23.10 23.10 23.20 23.00 * 0
2018-01-06 04:39:03 23.70 23.60 23.60 23.70 24.00 24.40 23.90 23.70 24.50 24.20 24.20 24.10 24.00 24.10 23.90 24.00 * 23.10 23.20 23.20 23.20 23.30 23.20 23.10 22.90 23.10 23.30 23.40 23.30 23.30 23.30 23.20 23.20 * 0
2018-01-06 04:39:04 23.60 23.60 23.50 23.60 23.90 24.30 23.80 23.60 24.50 24.10 24.30 24.10 24.10 24.00 24.00 24.10 * 23.30 23.30 23.30 23.30 23.40 23.30 23.20 23.00 23.20 23.30 23.40 23.30 23.30 23.30 23.30 23.20 * 0
2018-01-06 04:39:04 23.70 23.70 23.70 23.70 23.90 24.40 23.90 23.70 24.30 24.00 24.10 23.90 23.90 23.90 23.80 23.90 * 23.30 23.30 23.30 23.30 23.40 23.40 23.20 23.00 23.10 23.10 23.30 23.20 23.20 23.20 23.10 23.00 * 0
2018-01-06 04:39:04 23.70 23.70 23.70 23.70 24.00 24.40 23.90 23.70 24.30 24.00 24.10 23.90 23.80 23.90 23.80 23.80 * 23.20 23.30 23.30 23.30 23.40 23.40 23.20 23.00 23.10 23.10 23.30 23.20 23.20 23.20 23.10 23.00 * 0
2018-01-06 04:39:04 23.60 23.60 23.60 23.60 23.90 24.40 23.80 23.60 24.50 24.20 24.20 24.10 24.00 24.10 23.90 24.10 * 23.20 23.30 23.40 23.30 23.40 23.40 23.20 23.00 23.20 23.20 23.40 23.30 23.30 23.30 23.30 23.20 * 0
2018-01-06 04:39:05 23.70 23.60 23.60 23.60 23.90 24.40 23.90 23.60 24.40 24.00 24.10 24.10 24.00 24.00 23.90 23.90 * 23.30 23.40 23.40 23.30 23.40 23.40 23.20 23.10 23.20 23.30 23.40 23.30 23.30 23.30 23.30 23.20 * 0
2018-01-06 04:39:05 23.80 23.80 23.70 23.70 24.00 24.50 24.00 23.80 24.40 24.00 24.10 24.10 24.00 23.90 23.90 23.90 * 23.20 23.30 23.30 23.20 23.30 23.30 23.10 23.00 23.20 23.30 23.40 23.40 23.20 23.20 23.30 23.10 * 0
2018-01-06 04:39:05 23.90 23.90 23.80 24.00 24.20 24.60 24.10 24.00 24.30 24.00 24.00 24.00 23.90 23.90 23.80 23.90 * 23.20 23.20 23.30 23.20 23.30 23.30 23.10 22.90 23.30 23.30 23.40 23.50 23.30 23.30 23.30 23.20 * 0
2018-01-06 04:39:06 23.90 23.90 23.80 23.90 24.20 24.60 24.10 23.90 24.50 24.20 24.20 24.20 24.10 24.10 24.00 24.10 * 23.10 23.20 23.30 23.30 23.30 23.30 23.10 22.90 23.20 23.30 23.30 23.40 23.30 23.30 23.30 23.10 * 0
2018-01-06 04:39:06 23.80 23.70 23.70 23.70 24.00 24.50 23.90 23.70 24.50 24.10 24.20 24.10 24.00 24.10 24.00 24.00 * 23.10 23.20 23.20 23.30 23.30 23.30 23.10 23.00 23.10 23.20 23.30 23.30 23.20 23.20 23.20 23.10 * 0
2018-01-06 04:39:06 23.90 23.90 23.90 23.90 24.20 24.70 24.20 23.80 24.30 23.90 24.00 24.00 23.90 24.00 23.80 23.80 * 23.20 23.20 23.30 23.30 23.40 23.40 23.20 23.00 23.00 23.10 23.20 23.10 23.10 23.10 23.00 22.90 * 0
2018-01-06 04:39:06 23.80 23.70 23.70 23.80 24.10 24.50 24.00 23.60 24.30 24.00 24.10 24.00 24.00 23.90 23.80 23.90 * 23.20 23.30 23.30 23.30 23.30 23.40 23.10 23.00 23.10 23.20 23.30 23.30 23.20 23.20 23.20 23.00 * 0
2018-01-06 04:39:07 23.50 23.60 23.50 23.60 23.90 24.30 23.80 23.40 24.50 24.10 24.20 24.10 24.10 24.10 24.00 24.00 * 23.20 23.20 23.30 23.30 23.30 23.40 23.20 23.00 23.10 23.20 23.30 23.30 23.20 23.20 23.20 23.10 * 0
2018-01-06 04:39:07 23.50 23.50 23.50 23.60 23.80 24.30 23.80 23.40 24.40 24.00 24.10 24.00 23.80 23.90 23.90 23.90 * 23.30 23.30 23.30 23.40 23.40 23.40 23.30 23.10 23.00 23.10 23.30 23.20 23.10 23.10 23.20 23.00 * 0
2018-01-06 04:39:07 23.70 23.60 23.60 23.70 24.00 24.40 23.90 23.60 24.30 23.90 24.00 24.00 23.80 23.90 23.80 23.90 * 23.30 23.40 23.40 23.40 23.50 23.40 23.30 23.10 23.10 23.20 23.30 23.20 23.20 23.20 23.20 23.00 * 0
2018-01-06 04:39:07 23.70 23.60 23.60 23.70 23.90 24.40 23.90 23.60 24.40 24.00 24.10 24.00 24.00 24.00 23.90 24.00 * 23.30 23.30 23.30 23.30 23.40 23.40 23.20 23.10 23.20 23.30 23.40 23.30 23.20 23.20 23.30 23.10 * 0
2018-01-06 04:39:08 23.70 23.60 23.60 23.70 23.90 24.40 23.90 23.60 24.50 24.10 24.20 24.10 24.10 24.10 24.00 24.10 * 23.30 23.30 23.30 23.30 23.40 23.40 23.20 23.10 23.10 23.20 23.30 23.30 23.20 23.20 23.20 23.00 * 0
2018-01-06 04:39:08 23.70 23.70 23.70 23.70 24.00 24.50 24.00 23.70 24.30 24.00 24.20 24.00 23.90 24.00 23.80 23.90 * 23.20 23.30 23.30 23.30 23.40 23.30 23.20 23.10 23.20 23.20 23.50 23.40 23.30 23.20 23.30 23.10 * 0
2018-01-06 04:39:08 23.80 23.80 23.70 23.80 24.10 24.60 24.00 23.80 24.30 24.00 24.10 24.00 23.80 24.00 23.80 23.90 * 23.20 23.20 23.30 23.20 23.30 23.30 23.10 23.00 23.10 23.10 23.30 23.20 23.20 23.10 23.20 23.00 * 0
2018-01-06 04:39:09 23.70 23.60 23.70 23.80 24.00 24.50 23.90 23.70 24.40 24.10 24.10 24.00 23.90 24.00 23.90 24.00 * 23.20 23.20 23.20 23.20 23.40 23.30 23.10 23.00 23.00 23.10 23.20 23.20 23.10 23.10 23.10 22.90 * 0
2018-01-06 04:39:09 23.70 23.60 23.70 23.70 23.90 24.40 23.90 23.70 24.50 24.10 24.20 24.10 24.00 24.10 24.00 24.10 * 23.10 23.20 23.20 23.10 23.30 23.20 23.10 22.90 23.10 23.10 23.30 23.20 23.20 23.10 23.10 23.00 * 0
2018-01-06 04:39:09 23.80 23.70 23.70 23.80 24.00 24.50 24.00 23.80 24.30 24.00 24.00 24.10 23.90 24.00 23.90 24.00 * 23.10 23.20 23.30 23.20 23.30 23.30 23.20 23.00 23.10 23.10 23.30 23.30 23.20 23.10 23.20 23.00 * 0
2018-01-06 04:39:09 23.90 23.90 23.90 23.90 24.20 24.70 24.10 23.90 24.20 24.00 24.00 24.00 23.80 23.90 23.90 24.00 * 23.20 23.30 23.40 23.30 23.40 23.40 23.30 23.10 23.00 23.10 23.20 23.20 23.10 23.10 23.10 22.90 * 0
2018-01-06 04:39:10 23.70 23.70 23.70 23.80 24.00 24.50 23.90 23.70 24.30 24.00 24.10 24.00 23.80 23.90 23.90 24.00 * 23.10 23.20 23.30 23.20 23.30 23.30 23.10 23.10 23.10 23.10 23.30 23.20 23.10 23.20 23.10 23.00 * 0
2018-01-06 04:39:10 23.80 23.70 23.70 23.80 24.10 24.50 24.00 23.70 24.40 24.00 24.10 24.00 24.00 24.00 24.00 24.10 * 23.20 23.20 23.30 23.30 23.40 23.30 23.20 23.10 23.10 23.10 23.40 23.20 23.20 23.20 23.10 23.10 * 0
2018-01-06 04:39:10 23.80 23.60 23.60 23.70 24.00 24.50 23.90 23.60 24.30 24.00 24.10 24.10 24.00 24.00 23.80 24.00 * 23.30 23.30 23.40 23.30 23.40 23.30 23.20 23.10 23.00 23.10 23.30 23.20 23.10 23.20 23.10 23.00 * 0
2018-01-06 04:39:10 23.80 23.70 23.70 23.80 24.00 24.50 23.90 23.70 24.30 24.00 24.10 24.10 23.90 24.00 23.80 24.00 * 23.20 23.20 23.20 23.20 23.30 23.20 23.10 22.90 23.00 23.10 23.20 23.20 23.10 23.10 23.10 22.90 * 0
2018-01-06 04:39:11 23.80 23.80 23.70 23.80 24.10 24.60 24.00 23.80 24.30 24.10 24.10 24.00 23.80 24.00 23.80 23.90 * 23.30 23.30 23.30 23.30 23.40 23.30 23.20 23.10 23.00 23.10 23.20 23.20 23.10 23.10 23.10 23.00 * 0
2018-01-06 04:39:11 23.70 23.60 23.60 23.80 24.00 24.50 24.00 23.60 24.40 24.10 24.00 24.00 23.90 24.00 23.80 23.90 * 23.20 23.20 23.20 23.30 23.30 23.30 23.20 23.00 23.10 23.20 23.30 23.30 23.20 23.20 23.30 23.10 * 0
2018-01-06 04:39:11 23.70 23.70 23.70 23.90 24.10 24.60 24.10 23.70 24.50 24.00 24.00 24.00 24.00 24.00 23.80 23.90 * 23.10 23.20 23.20 23.30 23.30 23.20 23.20 23.00 23.20 23.30 23.40 23.30 23.30 23.30 23.40 23.30 * 0
2018-01-06 04:39:11 23.80 23.80 23.80 23.90 24.10 24.60 24.10 23.80 24.20 23.90 23.90 23.80 23.70 23.80 23.70 23.80 * 23.10 23.20 23.20 23.20 23.30 23.30 23.20 22.90 23.30 23.40 23.50 23.40 23.30 23.40 23.30 23.30 * 0
2018-01-06 04:39:12 23.80 23.80 23.80 23.70 24.00 24.50 24.00 23.80 24.20 23.90 24.00 23.90 23.80 23.80 23.70 23.80 * 23.10 23.20 23.20 23.20 23.30 23.20 23.20 22.90 23.20 23.30 23.40 23.40 23.30 23.30 23.30 23.20 * 0
2018-01-06 04:39:12 23.80 23.70 23.70 23.70 24.00 24.50 23.90 23.70 24.20 23.90 23.90 23.90 23.80 23.80 23.60 23.70 * 23.30 23.30 23.30 23.40 23.50 23.40 23.30 23.10 23.10 23.20 23.30 23.30 23.20 23.20 23.20 23.10 * 0
2018-01-06 04:39:12 23.80 23.80 23.80 23.80 24.10 24.50 24.00 23.80 24.20 23.90 24.00 23.80 23.70 23.80 23.60 23.70 * 23.30 23.30 23.30 23.40 23.50 23.40 23.30 23.10 23.10 23.30 23.30 23.30 23.30 23.20 23.20 23.10 * 0
2018-01-06 04:39:13 23.80 23.80 23.70 23.80 24.10 24.60 24.10 23.80 24.40 24.10 24.20 23.90 23.90 24.00 23.90 23.90 * 23.20 23.30 23.30 23.30 23.40 23.40 23.30 23.00 23.10 23.20 23.30 23.30 23.20 23.10 23.20 23.10 * 0
2018-01-06 04:39:13 23.70 23.80 23.60 23.80 24.00 24.50 24.00 23.70 24.40 24.00 24.10 24.10 23.90 24.00 23.80 23.90 * 23.10 23.20 23.30 23.30 23.40 23.30 23.10 23.00 23.10 23.10 23.30 23.20 23.20 23.20 23.20 23.10 * 0
2018-01-06 04:39:13 23.70 23.70 23.70 23.70 24.00 24.50 24.00 23.70 24.30 24.00 24.10 24.00 23.90 23.90 23.80 23.80 * 23.20 23.30 23.30 23.30 23.40 23.30 23.10 23.00 23.10 23.20 23.30 23.20 23.20 23.20 23.10 23.10 * 0
2018-01-06 04:39:13 23.80 23.80 23.80 23.80 24.10 24.50 24.10 23.80 24.20 23.90 24.00 23.90 23.80 23.90 23.70 23.70 * 23.30 23.30 23.30 23.30 23.30 23.30 23.20 23.00 23.20 23.30 23.30 23.30 23.20 23.20 23.30 23.10 * 0
2018-01-06 04:39:14 23.90 23.90 23.80 23.90 24.20 24.60 24.10 23.80 24.30 23.90 24.00 23.90 23.80 23.90 23.80 23.80 * 23.30 23.30 23.30 23.30 23.30 23.30 23.20 23.10 23.20 23.20 23.30 23.30 23.30 23.30 23.30 23.10 * 0
2018-01-06 04:39:14 23.90 23.80 23.80 23.90 24.10 24.60 24.10 23.70 24.50 24.10 24.10 24.10 24.00 24.10 24.00 24.00 * 23.20 23.30 23.20 23.30 23.30 23.30 23.10 23.00 23.20 23.20 23.30 23.30 23.30 23.30 23.30 23.10 * 0
2018-01-06 04:39:14 23.80 23.80 23.80 23.90 24.10 24.50 24.00 23.80 24.50 24.10 24.10 24.10 24.00 24.00 23.90 23.90 * 23.20 23.30 23.20 23.20 23.30 23.20 23.10 22.90 23.20 23.30 23.40 23.30 23.30 23.30 23.30 23.20 * 0
2018-01-06 04:39:14 23.90 23.90 23.90 23.90 24.10 24.60 24.10 23.90 24.30 23.90 24.00 24.00 23.90 23.80 23.80 23.80 * 23.40 23.30 23.40 23.40 23.40 23.40 23.30 23.10 23.30 23.30 23.40 23.40 23.30 23.20 23.20 23.10 * 0
2018-01-06 04:39:15 23.80 23.80 23.70 23.80 24.00 24.50 24.00 23.70 24.30 24.00 24.00 24.00 23.90 23.90 23.90 23.90 * 23.20 23.30 23.30 23.30 23.40 23.30 23.20 23.00 23.20 23.20 23.40 23.40 23.30 23.20 23.20 23.10 * 0
2018-01-06 04:39:15 23.70 23.60 23.60 23.70 23.90 24.40 23.80 23.60 24.40 24.20 24.10 24.00 24.00 24.00 24.00 24.00 * 23.20 23.20 23.30 23.30 23.40 23.30 23.20 23.00 23.10 23.20 23.30 23.40 23.30 23.30 23.20 23.20 * 0
2018-01-06 04:39:15 23.60 23.60 23.70 23.70 23.90 24.40 23.80 23.60 24.30 24.00 24.00 23.90 23.90 23.90 23.90 23.90 * 23.30 23.30 23.40 23.40 23.40 23.40 23.30 23.10 23.10 23.10 23.20 23.20 23.20 23.10 23.20 23.00 * 0
2018-01-06 04:39:15 23.70 23.70 23.70 23.70 24.00 24.50 23.80 23.70 24.30 24.00 24.00 24.00 23.90 23.90 23.80 23.80 * 23.30 23.40 23.30 23.30 23.40 23.30 23.20 23.10 23.20 23.20 23.30 23.30 23.30 23.20 23.20 23.10 * 0
2018-01-06 04:39:16 23.70 23.70 23.70 23.80 24.10 24.60 23.90 23.80 24.30 24.00 24.10 24.10 24.00 24.00 23.90 23.90 * 23.20 23.30 23.30 23.30 23.40 23.40 23.20 23.10 23.10 23.20 23.30 23.20 23.20 23.20 23.20 23.10 * 0
2018-01-06 04:39:16 23.70 23.70 23.70 23.80 24.10 24.50 24.00 23.70 24.30 24.00 24.10 24.00 23.90 24.00 23.90 23.90 * 23.20 23.30 23.30 23.30 23.40 23.30 23.20 23.10 22.90 23.10 23.20 23.10 23.10 23.10 23.00 22.90 * 0
2018-01-06 04:39:16 23.80 23.70 23.70 23.80 24.10 24.50 24.00 23.90 24.40 24.00 24.20 24.00 23.90 24.00 23.90 23.90 * 23.10 23.20 23.20 23.20 23.30 23.20 23.10 23.00 23.00 23.10 23.20 23.20 23.10 23.10 23.10 23.00 * 0
2018-01-06 04:39:17 23.90 23.80 23.80 23.90 24.10 24.60 24.00 23.90 24.30 24.00 24.10 24.00 23.80 23.90 23.80 23.90 * 23.20 23.20 23.20 23.20 23.30 23.30 23.10 22.90 23.20 23.10 23.30 23.30 23.20 23.20 23.20 23.10 * 0
2018-01-06 04:39:17 23.90 23.80 23.80 23.80 24.10 24.50 24.00 23.80 24.40 24.00 24.10 24.00 23.90 24.00 23.90 23.90 * 23.10 23.20 23.20 23.20 23.30 23.30 23.20 22.90 23.20 23.20 23.40 23.30 23.30 23.30 23.30 23.10 * 0
2018-01-06 04:39:17 23.80 23.70 23.70 23.70 24.00 24.50 23.90 23.70 24.40 24.00 24.10 24.10 24.00 24.00 23.90 24.00 * 23.10 23.20 23.20 23.20 23.30 23.20 23.10 23.00 23.20 23.30 23.40 23.40 23.40 23.30 23.30 23.20 * 0
2018-01-06 04:39:17 23.70 23.70 23.70 23.70 24.00 24.50 23.90 23.70 24.20 23.90 23.90 23.90 23.80 23.90 23.70 23.80 * 23.20 23.30 23.30 23.30 23.30 23.30 23.20 23.00 23.10 23.20 23.40 23.30 23.30 23.30 23.20 23.10 * 0
2018-01-06 04:39:18 23.80 23.70 23.70 23.80 24.10 24.50 24.00 23.70 24.30 24.00 24.00 24.00 23.90 24.00 23.80 23.90 * 23.20 23.20 23.30 23.30 23.30 23.30 23.20 23.00 23.20 23.30 23.40 23.30 23.40 23.30 23.20 23.20 * 0
2018-01-06 04:39:18 23.70 23.70 23.60 23.70 24.00 24.40 23.90 23.60 24.50 24.10 24.10 24.10 24.00 24.00 23.90 24.00 * 23.20 23.30 23.30 23.40 23.40 23.30 23.30 23.00 23.20 23.30 23.40 23.40 23.40 23.40 23.40 23.20 * 0
2018-01-06 04:39:18 23.70 23.60 23.60 23.70 23.90 24.30 23.90 23.50 24.30 23.90 23.90 23.90 23.80 23.80 23.70 23.70 * 23.30 23.30 23.40 23.40 23.50 23.40 23.30 23.10 23.00 23.10 23.20 23.20 23.10 23.10 23.10 23.00 * 0
2018-01-06 04:39:18 23.70 23.70 23.70 23.80 24.00 24.50 23.90 23.70 24.30 23.90 24.00 24.00 23.90 23.90 23.70 23.80 * 23.30 23.40 23.30 23.30 23.40 23.30 23.20 23.00 23.10 23.20 23.30 23.20 23.20 23.10 23.20 23.00 * 0
2018-01-06 04:39:19 23.70 23.70 23.80 23.80 24.00 24.50 23.90 23.70 24.40 24.00 24.20 24.10 24.00 24.00 23.90 24.00 * 23.40 23.30 23.30 23.30 23.40 23.30 23.30 23.10 23.20 23.30 23.40 23.30 23.30 23.20 23.30 23.10 * 0
2018-01-06 04:39:19 23.70 23.60 23.60 23.60 23.90 24.40 23.80 23.60 24.50 24.10 24.10 24.00 23.90 24.00 23.90 24.00 * 23.30 23.30 23.30 23.30 23.40 23.30 23.30 23.20 23.10 23.20 23.30 23.30 23.20 23.20 23.20 23.10 * 0
2018-01-06 04:39:19 23.70 23.70 23.60 23.70 23.90 24.40 23.90 23.70 24.40 24.10 24.10 23.90 23.90 24.00 23.90 23.90 * 23.10 23.20 23.30 23.20 23.20 23.30 23.10 23.00 22.90 23.10 23.20 23.20 23.10 23.00 23.00 23.00 * 0
2018-01-06 04:39:19 23.80 23.80 23.70 23.80 24.10 24.50 24.00 23.80 24.30 24.00 24.00 23.90 23.90 23.90 23.80 23.80 * 23.10 23.20 23.30 23.20 23.20 23.30 23.10 22.90 23.00 23.10 23.20 23.20 23.10 23.10 23.10 23.00 * 0
2018-01-06 04:39:20 23.80 23.80 23.80 23.80 24.10 24.50 24.00 23.80 24.20 23.90 23.90 23.90 23.90 23.90 23.80 23.80 * 23.20 23.20 23.30 23.30 23.40 23.30 23.10 23.00 23.00 23.10 23.20 23.20 23.20 23.10 23.20 23.00 * 0
2018-01-06 04:39:20 23.70 23.70 23.70 23.70 24.00 24.50 23.90 23.70 24.40 24.10 24.10 24.10 24.10 24.10 23.90 24.00 * 23.10 23.20 23.30 23.30 23.30 23.30 23.20 23.00 23.20 23.30 23.30 23.30 23.30 23.30 23.30 23.20 * 0
2018-01-06 04:39:20 23.60 23.60 23.60 23.60 23.90 24.40 23.90 23.60 24.30 24.10 24.10 24.00 23.90 23.90 23.80 23.90 * 23.20 23.30 23.30 23.30 23.30 23.30 23.20 23.10 23.20 23.30 23.30 23.40 23.30 23.30 23.30 23.20 * 0
2018-01-06 04:39:21 23.60 23.70 23.60 23.60 24.00 24.40 23.90 23.70 24.20 24.00 24.10 23.90 23.80 23.80 23.70 23.80 * 23.40 23.40 23.40 23.40 23.40 23.40 23.30 23.10 23.00 23.10 23.30 23.20 23.20 23.10 23.10 23.00 * 0
2018-01-06 04:39:21 23.70 23.60 23.60 23.70 24.00 24.40 23.80 23.60 24.50 24.10 24.20 24.10 24.00 24.00 23.90 23.90 * 23.30 23.30 23.30 23.30 23.40 23.30 23.30 23.10 23.20 23.20 23.40 23.30 23.20 23.20 23.20 23.10 * 0
2018-01-06 04:39:21 23.70 23.70 23.60 23.70 24.00 24.40 23.90 23.70 24.60 24.10 24.20 24.10 24.00 24.10 24.00 24.00 * 23.30 23.30 23.40 23.40 23.40 23.40 23.30 23.10 23.00 23.10 23.30 23.20 23.10 23.10 23.00 23.00 * 0
2018-01-06 04:39:21 23.70 23.60 23.70 23.70 24.00 24.40 23.90 23.60 24.30 24.00 24.00 24.00 23.90 24.00 23.80 23.80 * 23.30 23.50 23.40 23.40 23.50 23.40 23.30 23.20 22.90 23.10 23.20 23.10 23.10 23.00 23.00 22.90 * 0
2018-01-06 04:39:22 23.80 23.70 23.70 23.80 24.10 24.50 24.00 23.80 24.40 24.00 24.10 24.00 23.90 24.00 23.90 23.90 * 23.20 23.30 23.30 23.30 23.40 23.30 23.20 23.10 22.90 23.10 23.20 23.20 23.10 23.00 23.10 22.90 * 0
2018-01-06 04:39:22 23.70 23.70 23.70 23.80 24.00 24.50 23.90 23.70 24.30 24.00 24.00 24.00 23.90 24.00 23.80 23.90 * 23.30 23.40 23.40 23.40 23.40 23.40 23.40 23.20 23.00 23.00 23.20 23.10 23.10 23.10 23.00 22.90 * 0
2018-01-06 04:39:22 23.70 23.70 23.70 23.70 24.00 24.50 23.90 23.70 24.40 24.10 24.10 24.10 24.00 24.00 23.90 24.00 * 23.40 23.50 23.50 23.50 23.50 23.50 23.40 23.20 22.90 23.00 23.20 23.10 23.10 23.00 23.00 22.80 * 0
2018-01-06 04:39:23 23.60 23.60 23.70 23.70 24.00 24.40 23.90 23.70 24.40 24.00 24.10 24.00 23.90 24.00 24.00 24.00 * 23.20 23.30 23.30 23.30 23.40 23.30 23.20 23.00 22.90 23.00 23.10 23.10 23.10 23.00 23.00 22.80 * 0
2018-01-06 04:39:23 23.60 23.60 23.70 23.70 24.00 24.40 23.90 23.70 24.30 24.00 24.10 24.00 23.90 24.00 23.90 24.00 * 23.10 23.20 23.20 23.20 23.30 23.20 23.10 22.90 23.00 23.10 23.20 23.20 23.10 23.10 23.10 22.90 * 0
2018-01-06 04:39:23 23.80 23.70 23.70 23.70 24.00 24.50 23.90 23.80 24.30 24.00 24.10 24.10 23.90 24.00 23.90 24.00 * 23.20 23.20 23.30 23.30 23.30 23.30 23.20 23.00 23.00 23.10 23.20 23.20 23.10 23.10 23.10 22.90 * 0
2018-01-06 04:39:23 23.80 23.70 23.70 23.80 24.10 24.60 23.90 23.80 24.30 24.00 24.10 24.10 23.90 24.00 23.80 23.90 * 23.20 23.20 23.20 23.20 23.30 23.30 23.10 23.00 23.00 23.20 23.30 23.20 23.20 23.10 23.20 23.00 * 0
2018-01-06 04:39:24 23.70 23.70 23.70 23.70 24.00 24.50 23.90 23.70 24.40 24.00 24.10 24.10 24.00 24.00 23.80 24.00 * 23.10 23.20 23.10 23.20 23.30 23.20 23.10 23.00 23.00 23.00 23.20 23.20 23.10 23.00 23.10 22.90 * 0
2018-01-06 04:39:24 23.70 23.60 23.70 23.70 24.00 24.50 23.90 23.70 24.30 24.00 24.10 24.00 23.90 23.90 23.90 23.80 * 23.20 23.30 23.30 23.30 23.30 23.30 23.20 23.00 23.00 23.00 23.10 23.10 23.00 23.00 22.90 22.80 * 0
2018-01-06 04:39:24 23.80 23.80 23.80 23.80 24.10 24.60 24.00 23.80 24.20 23.90 24.00 24.00 23.80 23.80 23.80 23.80 * 23.30 23.40 23.40 23.40 23.40 23.40 23.30 23.10 23.20 23.30 23.40 23.40 23.20 23.30 23.20 23.10 * 0
2018-01-06 04:39:24 23.80 23.80 23.80 23.80 24.10 24.60 24.00 23.80 24.40 24.10 24.10 24.10 24.00 24.00 24.00 24.00 * 23.30 23.30 23.30 23.40 23.40 23.40 23.30 23.10 23.20 23.20 23.40 23.30 23.20 23.20 23.20 23.00 * 0
2018-01-06 04:39:25 23.80 23.70 23.70 23.70 24.00 24.50 24.00 23.70 24.60 24.20 24.20 24.10 24.10 24.10 24.10 24.10 * 23.30 23.30 23.40 23.40 23.50 23.30 23.30 23.10 23.20 23.20 23.30 23.20 23.20 23.20 23.10 23.00 * 0
2018-01-06 04:39:25 23.70 23.60 23.60 23.70 24.00 24.50 23.90 23.60 24.30 24.00 24.10 24.00 23.90 24.00 23.90 23.90 * 23.30 23.30 23.30 23.30 23.40 23.30 23.20 23.00 23.20 23.20 23.30 23.20 23.20 23.20 23.20 23.00 * 0
2018-01-06 04:39:25 23.70 23.70 23.60 23.70 24.00 24.50 23.90 23.70 24.30 24.00 24.10 24.10 23.90 23.90 23.90 24.00 * 23.20 23.20 23.20 23.20 23.30 23.30 23.20 23.00 23.10 23.20 23.30 23.20 23.10 23.10 23.10 23.00 * 0
2018-01-06 04:39:25 23.70 23.60 23.70 23.70 24.00 24.50 23.90 23.70 24.40 24.10 24.10 24.10 23.90 24.00 24.00 24.00 * 23.20 23.20 23.20 23.20 23.30 23.30 23.20 23.00 23.00 23.20 23.20 23.20 23.10 23.10 23.10 23.00 * 0
2018-01-06 04:39:26 23.70 23.60 23.60 23.60 23.90 24.40 23.90 23.70 24.30 24.10 24.10 24.00 23.80 23.90 23.80 23.90 * 23.20 23.20 23.20 23.20 23.30 23.30 23.10 22.90 23.00 23.10 23.20 23.20 23.20 23.10 23.10 23.00 * 0
2018-01-06 04:39:26 23.70 23.70 23.70 23.60 24.00 24.50 23.90 23.70 24.40 24.10 24.10 24.00 23.90 23.90 23.90 24.00 * 22.90 23.10 23.10 23.10 23.10 23.10 22.90 22.70 23.00 23.10 23.20 23.10 23.00 23.10 23.10 22.90 * 0
2018-01-06 04:39:26 23.70 23.80 23.70 23.80 24.10 24.60 24.00 23.80 24.30 24.00 24.00 24.00 23.90 23.90 23.70 23.90 * 23.10 23.20 23.20 23.20 23.30 23.20 23.10 22.90 23.20 23.30 23.40 23.30 23.20 23.20 23.20 23.10 * 0
