2018-01-06 04:59:26 23.70 23.60 23.60 23.70 23.90 24.40 23.90 23.60 24.20 23.90 23.90 23.90 23.80 23.90 23.70 23.90 * 23.30 23.40 23.50 23.40 23.50 23.40 23.30 23.10 23.10 23.20 23.30 23.20 23.20 23.10 23.20 23.00 * 0
2018-01-06 04:59:26 23.60 23.60 23.50 23.60 23.80 24.30 23.80 23.60 24.20 23.90 23.90 23.90 23.80 23.80 23.70 23.80 * 23.50 23.40 23.50 23.50 23.60 23.50 23.40 23.20 23.10 23.20 23.30 23.30 23.30 23.20 23.20 23.10 * 0
2018-01-06 04:59:26 23.50 23.50 23.50 23.50 23.80 24.30 23.80 23.50 24.30 24.00 23.90 23.90 23.80 23.80 23.70 23.80 * 23.40 23.40 23.40 23.40 23.50 23.40 23.30 23.20 23.20 23.30 23.40 23.30 23.30 23.20 23.30 23.10 * 0
2018-01-06 04:59:27 23.60 23.50 23.50 23.50 23.90 24.30 23.80 23.50 24.30 24.00 24.00 24.00 23.80 24.00 23.90 23.80 * 23.20 23.30 23.30 23.30 23.30 23.30 23.20 23.10 23.20 23.30 23.40 23.30 23.30 23.30 23.30 23.20 * 0
2018-01-06 04:59:27 23.60 23.50 23.50 23.60 23.90 24.30 23.80 23.50 24.30 24.00 24.10 24.00 23.90 24.00 23.90 23.80 * 23.20 23.20 23.20 23.20 23.30 23.20 23.10 23.00 23.20 23.20 23.30 23.20 23.20 23.20 23.20 23.10 * 0
2018-01-06 04:59:27 23.60 23.60 23.50 23.60 23.90 24.40 23.80 23.50 24.30 23.90 24.00 23.90 23.90 24.00 23.90 23.80 * 23.20 23.20 23.30 23.30 23.30 23.20 23.20 23.00 23.20 23.30 23.40 23.30 23.20 23.20 23.30 23.20 * 0
2018-01-06 04:59:28 23.60 23.60 23.50 23.60 23.90 24.40 23.80 23.60 24.40 24.00 24.00 24.00 23.90 24.00 23.90 23.90 * 23.20 23.10 23.20 23.20 23.30 23.20 23.10 22.90 23.20 23.20 23.40 23.30 23.20 23.20 23.20 23.10 * 0
2018-01-06 04:59:28 23.70 23.70 23.70 23.80 24.00 24.60 23.90 23.80 24.40 24.00 24.10 24.00 24.00 23.90 23.90 24.00 * 23.10 23.20 23.20 23.20 23.30 23.20 23.10 22.90 23.10 23.20 23.40 23.30 23.20 23.10 23.20 23.10 * 0
2018-01-06 04:59:28 23.80 23.70 23.70 23.80 24.10 24.50 24.00 23.80 24.40 24.00 24.00 24.00 23.90 23.90 23.90 23.90 * 23.20 23.20 23.30 23.30 23.30 23.30 23.10 23.00 23.00 23.20 23.30 23.20 23.20 23.10 23.10 23.10 * 0
2018-01-06 04:59:28 23.80 23.70 23.70 23.70 24.00 24.50 24.00 23.70 24.40 24.00 24.00 24.00 23.90 24.00 23.80 23.80 * 23.10 23.10 23.30 23.20 23.30 23.20 23.10 22.90 23.00 23.10 23.20 23.20 23.20 23.10 23.10 23.00 * 0
2018-01-06 04:59:29 23.90 23.80 23.80 23.90 24.10 24.60 24.10 23.90 24.40 24.10 24.10 24.00 23.90 23.90 23.90 23.90 * 23.10 23.10 23.30 23.20 23.30 23.20 23.10 22.90 23.00 23.10 23.20 23.20 23.10 23.10 23.10 23.00 * 0
2018-01-06 04:59:29 23.90 23.80 23.70 23.80 24.10 24.60 24.00 23.80 24.30 24.00 24.10 24.00 23.90 23.90 23.80 23.90 * 23.20 23.20 23.30 23.20 23.40 23.30 23.10 22.90 23.10 23.10 23.30 23.20 23.10 23.10 23.10 23.00 * 0
2018-01-06 04:59:29 23.70 23.70 23.70 23.70 24.00 24.50 23.90 23.70 24.40 24.00 24.10 23.90 23.90 24.00 23.70 23.90 * 23.20 23.20 23.30 23.30 23.30 23.30 23.20 23.00 23.10 23.10 23.30 23.20 23.10 23.10 23.10 23.00 * 0
2018-01-06 04:59:29 23.50 23.50 23.50 23.50 23.80 24.30 23.80 23.60 24.40 24.00 24.10 23.90 23.90 23.90 23.80 23.90 * 23.30 23.30 23.30 23.30 23.50 23.30 23.20 23.10 23.00 23.00 23.30 23.20 23.10 23.10 23.00 23.00 * 0
2018-01-06 04:59:30 23.50 23.40 23.50 23.50 23.80 24.20 23.80 23.50 24.40 24.10 24.10 23.90 23.90 23.90 23.90 23.80 * 23.30 23.30 23.30 23.30 23.40 23.30 23.20 23.00 23.00 23.10 23.30 23.20 23.20 23.20 23.10 23.00 * 0
2018-01-06 04:59:30 23.50 23.50 23.50 23.50 23.80 24.30 23.80 23.50 24.40 24.10 24.10 24.00 23.90 24.00 23.90 23.90 * 23.20 23.20 23.30 23.30 23.40 23.30 23.10 23.00 23.30 23.30 23.40 23.40 23.30 23.30 23.30 23.20 * 0
2018-01-06 04:59:30 23.60 23.60 23.60 23.60 24.00 24.40 23.90 23.60 24.50 24.10 24.20 24.10 24.00 24.00 23.90 24.00 * 23.20 23.30 23.30 23.40 23.50 23.40 23.20 23.00 23.40 23.50 23.60 23.60 23.50 23.50 23.50 23.40 * 0
2018-01-06 04:59:31 23.80 23.70 23.70 23.70 24.10 24.50 23.90 23.70 24.60 24.30 24.30 24.20 24.10 24.10 24.10 24.10 * 23.30 23.30 23.30 23.40 23.50 23.40 23.20 23.00 23.50 23.50 23.70 23.60 23.50 23.50 23.50 23.40 * 0
2018-01-06 04:59:31 23.80 23.70 23.70 23.80 24.10 24.50 24.00 23.70 24.60 24.20 24.20 24.10 24.10 24.10 24.00 24.20 * 23.30 23.20 23.30 23.30 23.40 23.30 23.20 23.00 23.40 23.40 23.60 23.50 23.30 23.40 23.40 23.30 * 0
2018-01-06 04:59:31 23.80 23.70 23.70 23.70 24.10 24.50 24.00 23.70 24.40 24.10 24.10 24.10 24.00 24.00 23.90 23.90 * 23.30 23.20 23.30 23.30 23.40 23.30 23.30 23.10 23.30 23.40 23.50 23.40 23.30 23.30 23.30 23.20 * 0
2018-01-06 04:59:31 23.70 23.60 23.70 23.70 24.00 24.50 23.90 23.70 24.40 24.10 24.10 23.90 23.90 24.00 23.90 23.90 * 23.30 23.30 23.30 23.30 23.40 23.30 23.30 23.00 23.10 23.20 23.30 23.20 23.20 23.20 23.10 23.00 * 0
2018-01-06 04:59:32 23.60 23.50 23.60 23.60 23.90 24.40 23.80 23.60 24.40 24.00 24.00 23.90 23.90 24.00 23.90 23.90 * 23.30 23.30 23.30 23.30 23.30 23.30 23.10 23.00 23.00 23.10 23.20 23.10 23.10 23.10 23.10 22.90 * 0
2018-01-06 04:59:32 23.50 23.50 23.50 23.50 23.80 24.30 23.80 23.50 24.20 23.90 23.90 23.90 23.70 23.80 23.60 23.80 * 23.10 23.20 23.20 23.20 23.20 23.20 23.10 22.90 22.80 23.00 23.10 23.00 23.00 23.00 23.00 22.80 * 0
2018-01-06 04:59:32 23.30 23.30 23.40 23.50 23.70 24.20 23.60 23.30 24.00 23.70 23.80 23.70 23.60 23.70 23.50 23.60 * 23.10 23.20 23.20 23.20 23.30 23.20 23.10 22.90 22.80 23.00 23.10 23.00 23.00 22.90 23.00 22.80 * 0
2018-01-06 04:59:32 23.40 23.40 23.50 23.50 23.80 24.30 23.70 23.40 24.20 23.80 23.90 23.80 23.80 23.80 23.70 23.70 * 23.10 23.10 23.10 23.20 23.20 23.20 23.00 22.90 23.00 23.10 23.20 23.20 23.10 23.10 23.10 23.00 * 0
2018-01-06 04:59:33 23.50 23.40 23.50 23.50 23.90 24.30 23.70 23.40 24.10 23.80 23.90 23.80 23.80 23.80 23.70 23.70 * 23.10 23.10 23.10 23.20 23.20 23.20 23.00 22.80 23.00 23.10 23.30 23.20 23.20 23.10 23.10 23.00 * 0
2018-01-06 04:59:33 23.50 23.50 23.50 23.60 23.80 24.30 23.70 23.50 24.20 23.90 24.00 23.80 23.80 23.90 23.70 23.80 * 23.10 23.10 23.10 23.20 23.30 23.20 23.00 22.80 23.10 23.20 23.40 23.30 23.20 23.10 23.10 23.00 * 0
2018-01-06 04:59:33 23.50 23.50 23.50 23.60 23.80 24.40 23.80 23.50 24.30 24.10 24.10 24.00 23.90 23.90 23.80 23.90 * 23.10 23.10 23.20 23.10 23.30 23.20 23.00 22.80 23.40 23.40 23.50 23.50 23.40 23.40 23.40 23.40 * 0
2018-01-06 04:59:33 23.60 23.60 23.50 23.60 23.80 24.40 23.80 23.60 24.30 24.00 24.10 23.90 24.00 24.00 23.80 23.90 * 23.10 23.10 23.10 23.10 23.30 23.20 23.00 22.90 23.30 23.40 23.50 23.50 23.40 23.40 23.40 23.30 * 0
2018-01-06 04:59:34 23.50 23.50 23.50 23.50 23.80 24.40 23.80 23.60 24.30 24.00 24.00 23.90 23.90 23.90 23.70 23.80 * 23.10 23.10 23.20 23.10 23.20 23.20 23.00 22.90 23.20 23.30 23.40 23.40 23.30 23.40 23.30 23.20 * 0
2018-01-06 04:59:34 23.40 23.50 23.50 23.50 23.80 24.30 23.80 23.60 24.40 24.00 24.00 24.00 23.90 23.90 23.80 23.80 * 23.10 23.20 23.20 23.20 23.30 23.20 23.10 22.90 23.30 23.30 23.50 23.30 23.30 23.30 23.30 23.20 * 0
2018-01-06 04:59:34 23.60 23.50 23.50 23.50 23.80 24.30 23.80 23.60 24.40 24.00 24.10 24.00 23.80 23.90 23.80 23.80 * 23.10 23.20 23.30 23.30 23.30 23.30 23.10 23.00 23.20 23.30 23.50 23.30 23.30 23.20 23.20 23.20 * 0
2018-01-06 04:59:35 23.70 23.60 23.60 23.60 23.90 24.40 23.90 23.70 24.30 24.00 24.10 24.00 23.90 24.00 23.90 23.90 * 23.20 23.30 23.40 23.30 23.40 23.40 23.20 23.10 23.10 23.20 23.40 23.20 23.20 23.20 23.20 23.00 * 0
2018-01-06 04:59:35 23.60 23.60 23.60 23.60 24.00 24.50 23.90 23.70 24.20 23.90 24.00 24.00 23.80 23.90 23.80 23.80 * 23.30 23.20 23.20 23.30 23.40 23.30 23.20 23.00 23.00 23.10 23.20 23.20 23.10 23.10 23.20 23.00 * 0
2018-01-06 04:59:35 23.60 23.70 23.60 23.70 24.00 24.50 23.90 23.70 24.20 23.90 23.90 23.90 23.80 23.80 23.70 23.70 * 23.20 23.30 23.30 23.30 23.40 23.30 23.20 23.00 23.00 23.10 23.20 23.20 23.10 23.10 23.20 23.00 * 0
2018-01-06 04:59:35 23.80 23.80 23.70 23.80 24.00 24.50 23.90 23.70 24.30 24.00 24.00 23.90 23.80 23.80 23.70 23.70 * 23.20 23.30 23.30 23.30 23.40 23.30 23.20 23.00 23.10 23.10 23.30 23.20 23.10 23.20 23.20 23.10 * 0
2018-01-06 04:59:36 23.80 23.70 23.70 23.70 24.00 24.40 23.90 23.60 24.30 23.90 24.00 23.90 23.80 23.80 23.70 23.80 * 23.30 23.30 23.30 23.30 23.40 23.30 23.20 23.00 23.10 23.20 23.30 23.30 23.20 23.20 23.10 23.10 * 0
2018-01-06 04:59:36 23.60 23.60 23.50 23.60 23.90 24.30 23.80 23.60 24.20 23.80 23.90 23.90 23.70 23.80 23.70 23.80 * 23.30 23.30 23.30 23.30 23.40 23.30 23.20 23.00 23.20 23.20 23.40 23.30 23.20 23.20 23.20 23.10 * 0
2018-01-06 04:59:36 23.60 23.60 23.50 23.60 23.90 24.30 23.80 23.60 24.20 23.90 23.90 23.90 23.70 23.90 23.70 23.80 * 23.40 23.30 23.30 23.40 23.40 23.30 23.20 23.00 23.30 23.20 23.30 23.30 23.30 23.20 23.30 23.10 * 0
2018-01-06 04:59:37 23.50 23.50 23.50 23.50 23.80 24.30 23.70 23.50 24.30 24.00 24.00 23.90 23.80 23.90 23.80 23.80 * 23.40 23.40 23.40 23.40 23.50 23.40 23.30 23.10 23.30 23.40 23.50 23.50 23.30 23.40 23.30 23.20 * 0
2018-01-06 04:59:37 23.40 23.50 23.50 23.60 23.80 24.30 23.80 23.50 24.30 23.90 24.10 23.90 23.80 23.90 23.90 23.90 * 23.40 23.40 23.40 23.40 23.50 23.40 23.40 23.10 23.20 23.20 23.40 23.30 23.20 23.30 23.10 23.10 * 0
2018-01-06 04:59:37 23.40 23.40 23.40 23.50 23.80 24.30 23.70 23.50 24.40 24.00 24.10 23.90 23.90 23.90 23.80 23.90 * 23.30 23.30 23.30 23.30 23.40 23.30 23.30 23.00 23.20 23.10 23.30 23.30 23.20 23.20 23.10 23.10 * 0
2018-01-06 04:59:37 23.50 23.40 23.40 23.50 23.80 24.30 23.70 23.50 24.40 24.00 24.10 24.00 23.90 24.00 23.90 24.00 * 23.20 23.20 23.30 23.20 23.30 23.20 23.20 23.00 23.20 23.20 23.30 23.30 23.20 23.20 23.20 23.10 * 0
2018-01-06 04:59:38 23.70 23.60 23.60 23.70 24.00 24.50 23.90 23.70 24.50 24.10 24.10 24.10 24.00 24.10 23.90 24.00 * 23.20 23.20 23.30 23.20 23.30 23.30 23.20 22.90 23.10 23.20 23.30 23.30 23.20 23.20 23.20 23.10 * 0
2018-01-06 04:59:38 23.80 23.70 23.70 23.80 24.00 24.50 24.00 23.70 24.40 24.10 24.10 24.00 24.00 24.10 23.90 24.00 * 23.10 23.10 23.20 23.20 23.30 23.20 23.10 22.90 23.10 23.00 23.10 23.10 23.10 23.00 23.10 22.90 * 0
2018-01-06 04:59:38 23.80 23.80 23.70 23.80 24.00 24.50 24.00 23.70 24.40 24.10 24.10 24.00 24.00 24.00 23.90 24.00 * 23.00 23.00 23.10 23.10 23.20 23.10 23.00 22.80 23.10 23.10 23.20 23.10 23.00 23.10 23.10 22.90 * 0
2018-01-06 04:59:38 23.70 23.70 23.70 23.70 24.00 24.50 23.90 23.60 24.40 24.00 24.10 24.00 23.90 24.00 23.90 23.90 * 23.20 23.30 23.20 23.30 23.30 23.30 23.10 23.10 23.10 23.10 23.20 23.10 23.10 23.10 23.10 22.90 * 0
2018-01-06 04:59:39 23.60 23.50 23.60 23.60 23.90 24.40 23.80 23.60 24.30 23.90 24.10 23.90 23.90 23.90 23.80 23.80 * 23.30 23.40 23.40 23.30 23.40 23.40 23.20 23.10 23.10 23.10 23.30 23.20 23.20 23.20 23.10 23.00 * 0
2018-01-06 04:59:39 23.60 23.50 23.50 23.60 23.90 24.30 23.80 23.50 24.20 23.90 24.00 23.90 23.80 23.80 23.70 23.80 * 23.30 23.30 23.40 23.40 23.50 23.40 23.30 23.10 23.10 23.10 23.20 23.10 23.10 23.10 23.10 22.90 * 0
2018-01-06 04:59:39 23.50 23.40 23.40 23.50 23.80 24.30 23.70 23.40 24.10 23.80 23.90 23.80 23.70 23.70 23.70 23.70 * 23.40 23.40 23.40 23.30 23.50 23.40 23.30 23.10 23.10 23.10 23.20 23.10 23.10 23.00 23.10 22.90 * 0
2018-01-06 04:59:39 23.40 23.30 23.40 23.50 23.70 24.30 23.60 23.40 24.10 23.90 23.90 23.80 23.70 23.70 23.70 23.60 * 23.30 23.30 23.40 23.40 23.50 23.40 23.30 23.10 23.10 23.10 23.20 23.20 23.10 23.10 23.10 23.00 * 0
2018-01-06 04:59:40 23.50 23.50 23.50 23.60 23.80 24.30 23.70 23.50 24.10 23.90 23.90 23.90 23.70 23.80 23.70 23.70 * 23.20 23.30 23.40 23.30 23.40 23.30 23.30 23.10 23.10 23.10 23.30 23.20 23.10 23.10 23.10 23.00 * 0
2018-01-06 04:59:40 23.50 23.50 23.50 23.60 23.90 24.30 23.80 23.50 24.30 23.80 24.00 23.90 23.80 23.80 23.70 23.80 * 23.20 23.30 23.30 23.20 23.30 23.30 23.20 23.10 23.30 23.20 23.30 23.30 23.30 23.20 23.20 23.10 * 0
2018-01-06 04:59:40 23.60 23.50 23.50 23.60 23.90 24.30 23.80 23.50 24.20 23.80 24.00 23.90 23.80 23.80 23.70 23.80 * 23.10 23.20 23.20 23.20 23.20 23.20 23.00 22.90 23.30 23.20 23.30 23.30 23.30 23.20 23.20 23.10 * 0
2018-01-06 04:59:41 23.60 23.60 23.60 23.60 24.00 24.40 23.80 23.60 24.30 23.90 24.00 24.00 23.80 23.90 23.80 23.90 * 23.10 23.10 23.20 23.10 23.20 23.20 23.10 22.90 23.20 23.20 23.30 23.20 23.20 23.20 23.20 23.10 * 0
2018-01-06 04:59:41 23.70 23.60 23.70 23.70 24.00 24.50 24.00 23.70 24.30 24.00 24.00 24.00 23.90 23.90 23.90 24.00 * 23.10 23.10 23.20 23.20 23.20 23.20 23.10 22.90 23.10 23.10 23.30 23.20 23.20 23.20 23.10 23.00 * 0
2018-01-06 04:59:41 23.80 23.60 23.60 23.70 24.00 24.50 24.00 23.70 24.40 24.10 24.10 24.00 23.90 24.00 23.90 24.00 * 23.10 23.10 23.20 23.20 23.20 23.20 23.00 22.90 23.00 23.10 23.20 23.20 23.10 23.10 23.00 23.00 * 0
2018-01-06 04:59:41 23.70 23.60 23.60 23.70 24.00 24.40 23.90 23.70 24.40 24.00 24.10 24.00 23.80 23.90 23.90 24.00 * 23.10 23.10 23.20 23.20 23.30 23.20 23.10 22.90 23.10 23.10 23.20 23.20 23.10 23.10 23.10 22.90 * 0
2018-01-06 04:59:42 23.60 23.50 23.50 23.60 23.90 24.40 23.80 23.60 24.30 24.00 24.10 24.00 23.90 23.90 23.90 24.00 * 23.10 23.20 23.20 23.30 23.30 23.30 23.10 22.90 23.10 23.10 23.20 23.20 23.10 23.10 23.20 23.00 * 0
2018-01-06 04:59:42 23.50 23.40 23.40 23.50 23.80 24.30 23.80 23.50 24.30 24.00 24.10 24.00 23.90 24.00 23.80 23.90 * 23.30 23.30 23.30 23.30 23.40 23.30 23.10 23.00 23.10 23.20 23.30 23.20 23.20 23.20 23.20 23.10 * 0
2018-01-06 04:59:42 23.50 23.40 23.40 23.60 23.80 24.30 23.70 23.50 24.30 23.90 24.00 23.90 23.80 23.90 23.80 23.90 * 23.30 23.30 23.30 23.30 23.30 23.30 23.20 23.10 23.10 23.20 23.30 23.20 23.10 23.10 23.10 23.00 * 0
2018-01-06 04:59:42 23.50 23.50 23.50 23.60 23.90 24.30 23.80 23.50 24.30 23.90 24.00 23.90 23.80 23.90 23.80 23.90 * 23.10 23.20 23.30 23.30 23.30 23.30 23.10 23.00 23.10 23.10 23.20 23.20 23.10 23.10 23.10 23.00 * 0
2018-01-06 04:59:43 23.60 23.60 23.60 23.70 24.00 24.40 23.90 23.60 24.30 23.90 24.00 24.00 23.80 23.90 23.80 23.80 * 23.10 23.20 23.20 23.20 23.30 23.20 23.10 22.90 23.10 23.10 23.30 23.30 23.20 23.10 23.10 23.10 * 0
2018-01-06 04:59:43 23.60 23.60 23.60 23.60 24.00 24.40 23.80 23.70 24.40 24.00 24.10 24.00 24.00 24.00 23.80 24.00 * 23.20 23.20 23.20 23.20 23.30 23.30 23.10 22.90 23.10 23.20 23.40 23.40 23.20 23.20 23.20 23.10 * 0
2018-01-06 04:59:43 23.70 23.60 23.60 23.60 24.00 24.40 23.90 23.70 24.30 24.00 24.10 24.00 23.90 24.00 23.80 24.00 * 23.20 23.20 23.20 23.20 23.30 23.20 23.10 22.90 23.10 23.10 23.30 23.20 23.10 23.20 23.10 23.00 * 0
2018-01-06 04:59:44 23.70 23.60 23.60 23.70 24.00 24.40 23.90 23.70 24.30 23.90 24.00 24.00 23.80 23.90 23.80 23.80 * 23.10 23.10 23.20 23.20 23.20 23.20 23.10 22.80 23.10 23.10 23.30 23.20 23.20 23.20 23.20 23.00 * 0
2018-01-06 04:59:44 23.70 23.60 23.60 23.70 24.00 24.50 23.90 23.70 24.30 23.90 23.90 23.90 23.80 23.80 23.80 23.80 * 23.10 23.20 23.20 23.20 23.30 23.20 23.10 23.00 23.10 23.20 23.30 23.30 23.20 23.20 23.20 23.10 * 0
2018-01-06 04:59:44 23.70 23.60 23.60 23.70 24.00 24.40 24.00 23.70 24.20 23.90 23.90 23.90 23.80 23.80 23.70 23.80 * 23.20 23.20 23.30 23.20 23.40 23.20 23.10 23.00 23.10 23.20 23.40 23.30 23.20 23.20 23.20 23.10 * 0
2018-01-06 04:59:44 23.70 23.50 23.60 23.70 23.90 24.40 23.90 23.60 24.30 23.80 24.00 23.90 23.80 23.80 23.80 23.90 * 23.30 23.30 23.30 23.30 23.40 23.30 23.20 23.00 23.00 23.10 23.30 23.20 23.20 23.10 23.10 23.00 * 0
2018-01-06 04:59:45 23.60 23.50 23.60 23.70 23.90 24.30 23.80 23.60 24.30 23.80 23.90 23.90 23.80 23.80 23.70 23.80 * 23.30 23.30 23.30 23.40 23.40 23.40 23.20 23.10 23.00 23.10 23.20 23.20 23.10 23.10 23.00 23.00 * 0
2018-01-06 04:59:45 23.60 23.60 23.60 23.70 23.90 24.30 23.80 23.60 24.20 23.80 23.90 23.90 23.80 23.80 23.70 23.80 * 23.30 23.30 23.30 23.40 23.40 23.40 23.30 23.10 23.10 23.10 23.30 23.30 23.20 23.10 23.10 23.00 * 0
2018-01-06 04:59:45 23.50 23.50 23.50 23.60 23.70 24.30 23.80 23.50 24.10 23.80 24.00 23.80 23.80 23.80 23.70 23.80 * 23.30 23.30 23.40 23.40 23.40 23.40 23.30 23.10 23.10 23.10 23.30 23.30 23.20 23.20 23.20 23.10 * 0
2018-01-06 04:59:45 23.60 23.50 23.60 23.60 23.80 24.30 23.80 23.60 24.40 24.10 24.20 24.00 23.90 23.90 23.80 23.90 * 23.20 23.20 23.30 23.30 23.40 23.30 23.20 23.00 23.10 23.10 23.40 23.20 23.20 23.30 23.20 23.00 * 0
2018-01-06 04:59:46 23.60 23.60 23.60 23.60 23.90 24.40 23.90 23.80 24.40 24.00 24.10 24.00 23.90 23.90 23.80 23.90 * 23.10 23.10 23.20 23.20 23.30 23.20 23.10 23.00 23.10 23.10 23.30 23.20 23.20 23.20 23.20 23.10 * 0
2018-01-06 04:59:46 23.60 23.60 23.60 23.70 24.00 24.50 23.90 23.80 24.30 23.90 24.00 23.90 23.80 23.90 23.80 23.90 * 23.20 23.20 23.20 23.30 23.20 23.20 23.10 22.90 23.10 23.20 23.40 23.30 23.20 23.20 23.30 23.10 * 0
2018-01-06 04:59:46 23.70 23.60 23.60 23.70 24.00 24.40 23.90 23.70 24.20 23.90 24.00 23.90 23.70 23.80 23.70 23.80 * 23.20 23.20 23.20 23.30 23.30 23.20 23.10 23.00 23.10 23.20 23.40 23.30 23.20 23.20 23.30 23.10 * 0
2018-01-06 04:59:46 23.70 23.60 23.60 23.70 24.00 24.50 23.90 23.70 24.20 23.80 23.90 23.90 23.80 23.90 23.70 23.80 * 23.20 23.20 23.20 23.30 23.30 23.20 23.20 22.90 23.10 23.20 23.40 23.30 23.20 23.20 23.20 23.00 * 0
2018-01-06 04:59:47 23.60 23.60 23.60 23.60 24.00 24.40 23.90 23.70 24.10 23.80 23.90 23.90 23.70 23.90 23.70 23.80 * 23.20 23.20 23.20 23.30 23.30 23.20 23.20 22.90 23.00 23.10 23.30 23.20 23.20 23.10 23.10 23.10 * 0
2018-01-06 04:59:47 23.60 23.60 23.60 23.60 23.90 24.40 23.90 23.60 24.10 23.80 23.90 23.90 23.80 23.90 23.70 23.80 * 23.10 23.20 23.20 23.20 23.30 23.20 23.10 23.00 23.00 23.10 23.30 23.20 23.20 23.20 23.20 23.00 * 0
2018-01-06 04:59:47 23.60 23.60 23.60 23.60 23.90 24.40 23.90 23.70 24.10 23.90 23.90 23.90 23.80 23.90 23.80 23.80 * 23.20 23.30 23.20 23.30 23.40 23.30 23.20 23.00 23.10 23.20 23.30 23.30 23.20 23.20 23.30 23.00 * 0
2018-01-06 04:59:48 23.60 23.60 23.60 23.60 23.90 24.40 23.90 23.60 24.20 24.00 24.00 24.00 23.80 23.90 23.80 23.80 * 23.30 23.30 23.20 23.40 23.40 23.30 23.20 23.10 23.10 23.20 23.20 23.20 23.10 23.10 23.10 23.10 * 0
2018-01-06 04:59:48 23.60 23.60 23.60 23.60 23.90 24.30 23.80 23.60 24.20 23.90 24.00 24.00 23.80 23.90 23.70 23.80 * 23.10 23.20 23.20 23.20 23.30 23.30 23.10 22.90 23.10 23.20 23.30 23.20 23.20 23.10 23.10 23.10 * 0
2018-01-06 04:59:48 23.60 23.60 23.60 23.60 23.90 24.40 23.80 23.60 24.20 23.90 24.00 23.90 23.80 23.90 23.80 23.80 * 23.10 23.20 23.10 23.20 23.30 23.20 23.10 22.90 23.20 23.20 23.30 23.30 23.20 23.20 23.10 23.10 * 0
2018-01-06 04:59:48 23.60 23.60 23.60 23.60 23.90 24.30 23.90 23.60 24.30 23.90 24.00 23.90 23.80 23.80 23.80 23.80 * 23.00 23.10 23.10 23.10 23.20 23.20 23.00 22.80 23.30 23.30 23.40 23.40 23.40 23.30 23.30 23.20 * 0
2018-01-06 04:59:49 23.50 23.50 23.50 23.60 23.80 24.30 23.80 23.50 24.30 24.00 24.10 24.00 23.90 23.90 23.80 23.90 * 23.00 23.10 23.10 23.10 23.10 23.10 23.00 22.80 23.40 23.40 23.50 23.50 23.50 23.40 23.50 23.40 * 0
2018-01-06 04:59:49 23.40 23.40 23.50 23.50 23.70 24.30 23.80 23.50 24.20 23.80 24.00 23.90 23.80 23.80 23.70 23.70 * 23.00 23.10 23.10 23.10 23.20 23.10 23.00 22.80 23.30 23.30 23.40 23.40 23.40 23.40 23.30 23.20 * 0
2018-01-06 04:59:49 23.40 23.40 23.50 23.50 23.80 24.30 23.80 23.40 24.20 23.80 24.00 23.80 23.80 23.80 23.70 23.70 * 23.20 23.20 23.20 23.30 23.40 23.30 23.10 23.00 23.30 23.30 23.40 23.40 23.40 23.30 23.30 23.20 * 0
2018-01-06 04:59:49 23.50 23.50 23.50 23.50 23.90 24.30 23.80 23.40 24.20 23.80 24.00 23.80 23.80 23.80 23.70 23.70 * 23.30 23.30 23.30 23.40 23.50 23.40 23.20 23.10 23.10 23.20 23.30 23.30 23.30 23.30 23.20 23.10 * 0
2018-01-06 04:59:50 23.60 23.60 23.50 23.60 24.00 24.40 23.90 23.60 24.30 24.00 24.00 23.90 23.80 23.90 23.80 23.80 * 23.30 23.30 23.40 23.40 23.40 23.40 23.20 23.10 23.00 23.10 23.20 23.20 23.10 23.20 23.10 23.00 * 0
2018-01-06 04:59:50 23.60 23.60 23.60 23.60 24.00 24.40 23.90 23.70 24.30 24.00 24.00 23.90 23.80 23.90 23.70 23.70 * 23.20 23.30 23.30 23.30 23.40 23.30 23.20 23.10 22.90 23.00 23.10 23.10 23.00 23.00 23.00 22.80 * 0
2018-01-06 04:59:50 23.70 23.70 23.60 23.70 24.00 24.40 23.90 23.70 24.30 24.10 24.00 23.90 23.90 23.90 23.80 23.80 * 23.20 23.20 23.20 23.20 23.40 23.20 23.20 23.00 23.00 23.00 23.20 23.10 23.00 23.00 23.00 22.80 * 0
2018-01-06 04:59:50 23.70 23.70 23.70 23.70 24.00 24.40 24.00 23.70 24.30 24.00 24.00 24.00 23.90 23.90 23.80 23.90 * 23.10 23.10 23.10 23.20 23.30 23.20 23.10 23.00 23.00 23.00 23.20 23.20 23.10 23.10 23.00 22.90 * 0
2018-01-06 04:59:51 23.60 23.50 23.60 23.60 23.90 24.30 23.80 23.60 24.40 24.00 24.10 24.00 23.90 23.90 23.90 23.90 * 23.10 23.10 23.20 23.20 23.30 23.20 23.10 22.90 23.10 23.10 23.40 23.30 23.20 23.20 23.10 23.10 * 0
2018-01-06 04:59:51 23.50 23.40 23.40 23.50 23.80 24.30 23.70 23.40 24.30 24.00 24.10 24.00 23.90 23.90 23.90 23.90 * 23.10 23.10 23.20 23.20 23.30 23.10 23.10 22.80 23.20 23.20 23.40 23.30 23.30 23.30 23.20 23.10 * 0
2018-01-06 04:59:51 23.40 23.40 23.40 23.50 23.80 24.30 23.70 23.40 24.30 24.00 24.00 24.00 23.90 23.90 23.80 23.90 * 23.20 23.20 23.30 23.30 23.40 23.30 23.20 23.00 23.20 23.20 23.40 23.30 23.30 23.30 23.20 23.10 * 0
2018-01-06 04:59:52 23.40 23.40 23.40 23.50 23.80 24.30 23.70 23.40 24.20 23.90 23.90 23.90 23.80 23.80 23.70 23.70 * 23.40 23.30 23.40 23.40 23.50 23.50 23.30 23.10 23.10 23.20 23.30 23.30 23.30 23.20 23.20 23.10 * 0
2018-01-06 04:59:52 23.60 23.50 23.50 23.60 23.90 24.40 23.90 23.60 24.20 23.80 23.80 23.80 23.80 23.80 23.60 23.60 * 23.30 23.40 23.40 23.40 23.50 23.50 23.30 23.10 23.10 23.10 23.20 23.20 23.20 23.10 23.10 23.00 * 0
2018-01-06 04:59:52 23.60 23.60 23.60 23.60 23.90 24.40 23.90 23.70 24.10 23.70 23.90 23.70 23.70 23.70 23.60 23.60 * 23.30 23.30 23.40 23.40 23.50 23.40 23.20 23.00 23.10 23.10 23.30 23.30 23.20 23.10 23.10 23.00 * 0
2018-01-06 04:59:52 23.70 23.70 23.60 23.70 24.00 24.50 24.00 23.70 24.10 23.70 23.80 23.70 23.70 23.70 23.60 23.60 * 23.30 23.30 23.30 23.40 23.40 23.40 23.20 23.00 23.00 23.10 23.20 23.20 23.10 23.10 23.10 23.00 * 0
2018-01-06 04:59:53 23.80 23.70 23.70 23.70 24.00 24.50 24.00 23.70 24.10 23.80 23.80 23.70 23.70 23.70 23.60 23.70 * 23.20 23.20 23.30 23.40 23.30 23.30 23.20 22.90 23.00 23.10 23.20 23.20 23.20 23.10 23.10 23.00 * 0
2018-01-06 04:59:53 23.90 23.70 23.70 23.80 24.00 24.50 24.00 23.80 24.20 23.90 23.90 23.80 23.80 23.90 23.70 23.80 * 23.20 23.20 23.20 23.30 23.40 23.30 23.20 23.00 23.10 23.10 23.30 23.30 23.20 23.20 23.20 23.00 * 0
2018-01-06 04:59:53 23.50 23.60 23.50 23.60 23.90 24.30 23.80 23.40 24.40 24.00 24.10 23.90 23.80 23.90 23.90 23.80 * 23.10 23.20 23.20 23.30 23.30 23.30 23.10 22.90 23.10 23.20 23.30 23.30 23.20 23.20 23.20 23.10 * 0
2018-01-06 04:59:54 23.50 23.50 23.50 23.60 23.80 24.30 23.70 23.40 24.40 24.10 24.10 24.00 23.90 24.00 23.90 23.90 * 23.20 23.20 23.20 23.30 23.30 23.30 23.10 23.00 23.20 23.30 23.40 23.40 23.30 23.30 23.30 23.20 * 0
2018-01-06 04:59:54 23.40 23.40 23.40 23.50 23.80 24.20 23.70 23.40 24.40 24.10 24.10 24.00 23.90 24.00 23.90 24.00 * 23.20 23.20 23.20 23.20 23.30 23.30 23.10 23.00 23.20 23.30 23.40 23.40 23.30 23.20 23.20 23.10 * 0
2018-01-06 04:59:54 23.40 23.40 23.40 23.50 23.70 24.20 23.70 23.40 24.40 24.10 24.10 24.00 24.00 24.00 23.80 23.90 * 23.20 23.20 23.20 23.20 23.30 23.30 23.10 22.90 23.20 23.20 23.30 23.30 23.20 23.20 23.10 23.00 * 0
2018-01-06 04:59:54 23.50 23.50 23.50 23.50 23.80 24.30 23.70 23.50 24.40 24.00 24.10 24.00 23.90 24.00 23.80 23.90 * 23.20 23.10 23.10 23.20 23.30 23.20 23.10 22.90 23.00 23.10 23.30 23.20 23.10 23.10 23.10 23.10 * 0
2018-01-06 04:59:55 23.60 23.60 23.60 23.60 23.90 24.40 23.80 23.60 24.30 24.00 24.10 23.90 23.80 24.00 23.70 23.90 * 23.10 23.10 23.10 23.10 23.30 23.20 23.10 22.90 23.00 23.10 23.20 23.20 23.10 23.10 23.00 23.00 * 0
2018-01-06 04:59:55 23.60 23.60 23.60 23.70 23.90 24.40 23.80 23.60 24.30 23.90 24.00 23.90 23.80 24.00 23.80 23.90 * 23.10 23.10 23.10 23.20 23.30 23.20 23.10 22.80 23.00 23.10 23.10 23.20 23.10 23.10 23.00 22.90 * 0
2018-01-06 04:59:55 23.70 23.60 23.60 23.70 24.00 24.40 23.90 23.60 24.40 24.00 24.00 24.00 23.90 24.00 23.90 23.90 * 23.10 23.10 23.20 23.20 23.30 23.20 23.10 22.90 23.00 23.10 23.20 23.20 23.10 23.10 23.00 22.90 * 0
2018-01-06 04:59:55 23.60 23.60 23.60 23.60 24.00 24.40 23.90 23.60 24.30 24.00 24.00 24.00 23.80 23.90 23.80 23.80 * 23.20 23.10 23.20 23.30 23.30 23.30 23.10 22.90 23.10 23.10 23.20 23.30 23.20 23.10 23.10 23.00 * 0
2018-01-06 04:59:56 23.70 23.60 23.60 23.70 24.00 24.40 23.90 23.60 24.30 24.00 24.00 23.90 23.80 23.90 23.70 23.70 * 23.20 23.30 23.30 23.30 23.40 23.40 23.20 23.00 23.10 23.10 23.20 23.30 23.20 23.10 23.10 23.10 * 0
2018-01-06 04:59:56 23.60 23.60 23.50 23.60 23.90 24.40 23.80 23.50 24.30 23.90 24.00 23.80 23.80 23.90 23.70 23.70 * 23.30 23.30 23.30 23.40 23.50 23.40 23.30 23.00 23.10 23.10 23.20 23.20 23.20 23.10 23.10 23.10 * 0
2018-01-06 04:59:56 23.40 23.40 23.40 23.50 23.70 24.20 23.60 23.30 24.20 23.80 23.90 23.80 23.70 23.90 23.70 23.70 * 23.30 23.40 23.40 23.40 23.50 23.50 23.40 23.10 23.10 23.20 23.30 23.20 23.20 23.10 23.20 23.10 * 0
2018-01-06 04:59:56 23.30 23.30 23.30 23.40 23.60 24.20 23.60 23.30 24.10 23.70 23.90 23.80 23.60 23.80 23.60 23.70 * 23.30 23.30 23.30 23.30 23.40 23.40 23.30 23.00 23.30 23.40 23.50 23.50 23.40 23.40 23.30 23.30 * 0
2018-01-06 04:59:57 23.30 23.30 23.30 23.40 23.60 24.20 23.60 23.40 24.10 23.80 23.80 23.70 23.60 23.70 23.60 23.60 * 23.20 23.20 23.20 23.30 23.30 23.30 23.20 23.00 23.20 23.30 23.40 23.40 23.30 23.30 23.30 23.20 * 0
2018-01-06 04:59:57 23.50 23.50 23.40 23.50 23.80 24.30 23.70 23.50 24.20 23.80 23.90 23.80 23.80 23.80 23.70 23.70 * 23.20 23.20 23.20 23.20 23.30 23.30 23.10 23.00 23.10 23.20 23.30 23.30 23.20 23.20 23.20 23.10 * 0
2018-01-06 04:59:57 23.60 23.60 23.60 23.70 23.90 24.40 23.80 23.60 24.40 24.00 24.10 24.00 23.90 24.00 23.80 23.90 * 23.20 23.20 23.20 23.20 23.30 23.20 23.10 22.90 23.00 23.20 23.30 23.20 23.20 23.10 23.20 23.00 * 0
2018-01-06 04:59:58 23.60 23.60 23.60 23.70 23.90 24.40 23.90 23.60 24.40 24.00 24.00 24.00 23.90 24.00 23.90 23.90 * 23.20 23.10 23.20 23.20 23.20 23.20 23.10 22.90 23.00 23.10 23.30 23.20 23.10 23.10 23.10 23.00 * 0
2018-01-06 04:59:58 23.60 23.60 23.60 23.70 23.90 24.40 23.90 23.60 24.40 24.10 24.10 24.00 24.00 24.00 23.90 23.90 * 23.10 23.20 23.10 23.20 23.20 23.20 23.10 22.90 23.00 23.10 23.20 23.20 23.10 23.10 23.10 22.90 * 0
2018-01-06 04:59:58 23.60 23.50 23.50 23.60 23.80 24.40 23.80 23.50 24.40 24.10 24.10 24.00 24.00 24.00 23.90 23.90 * 23.20 23.20 23.20 23.30 23.30 23.30 23.20 23.10 23.10 23.10 23.20 23.20 23.10 23.10 23.10 22.90 * 0
2018-01-06 04:59:58 23.70 23.70 23.70 23.70 24.00 24.50 23.90 23.60 24.30 24.00 24.10 24.00 23.90 23.90 23.80 23.90 * 23.20 23.20 23.20 23.30 23.40 23.40 23.20 23.10 23.10 23.10 23.30 23.30 23.20 23.20 23.10 23.00 * 0
2018-01-06 04:59:59 23.60 23.70 23.60 23.70 23.90 24.50 23.90 23.60 24.20 23.90 23.90 23.80 23.70 23.80 23.70 23.70 * 23.10 23.20 23.20 23.30 23.40 23.30 23.20 23.00 23.10 23.10 23.30 23.30 23.30 23.20 23.20 23.10 * 0
2018-01-06 04:59:59 23.60 23.60 23.60 23.70 23.90 24.40 23.80 23.60 24.10 23.80 23.90 23.80 23.70 23.80 23.70 23.70 * 23.20 23.30 23.30 23.30 23.40 23.30 23.20 23.00 23.20 23.40 23.50 23.40 23.40 23.40 23.30 23.30 * 0
2018-01-06 04:59:59 23.60 23.60 23.60 23.60 23.90 24.40 23.80 23.60 24.10 23.90 23.90 23.80 23.80 23.70 23.70 23.70 * 23.30 23.30 23.30 23.20 23.30 23.30 23.30 23.00 23.20 23.40 23.50 23.40 23.40 23.40 23.40 23.30 * 0
2018-01-06 04:59:59 23.70 23.60 23.60 23.60 24.00 24.40 23.90 23.70 24.10 23.90 23.90 23.80 23.80 23.70 23.70 23.70 * 23.20 23.30 23.30 23.30 23.40 23.30 23.20 23.00 23.10 23.20 23.40 23.30 23.30 23.30 23.40 23.20 * 0
