2018-01-06 04:38:18 23.70 23.70 23.70 23.70 24.00 24.50 24.00 23.70 24.40 24.10 24.20 24.10 24.10 24.10 24.00 24.00 * 23.20 23.30 23.30 23.30 23.40 23.30 23.20 23.00 23.20 23.30 23.50 23.40 23.30 23.30 23.30 23.20 * 0
2018-01-06 04:38:18 23.60 23.60 23.60 23.60 24.00 24.40 23.80 23.50 24.40 24.10 24.20 24.10 24.00 24.10 23.90 24.00 * 23.10 23.20 23.20 23.20 23.30 23.20 23.10 22.90 23.20 23.20 23.30 23.30 23.30 23.20 23.20 23.20 * 0
2018-01-06 04:38:18 23.60 23.70 23.70 23.70 24.10 24.50 23.90 23.50 24.30 24.00 24.10 24.00 23.90 24.00 23.80 23.90 * 23.20 23.20 23.20 23.20 23.30 23.20 23.20 22.90 23.20 23.30 23.30 23.30 23.20 23.20 23.20 23.20 * 0
2018-01-06 04:38:18 23.70 23.60 23.70 23.70 24.00 24.50 23.90 23.60 24.50 24.20 24.20 24.00 24.00 24.10 24.00 24.00 * 23.30 23.30 23.30 23.40 23.40 23.40 23.20 23.00 23.20 23.20 23.30 23.30 23.20 23.20 23.20 23.10 * 0
2018-01-06 04:38:19 23.80 23.70 23.70 23.80 24.00 24.50 23.90 23.70 24.50 24.10 24.20 24.00 24.00 24.00 24.00 24.00 * 23.10 23.20 23.20 23.20 23.30 23.20 23.10 22.80 23.20 23.20 23.40 23.30 23.20 23.20 23.20 23.10 * 0
2018-01-06 04:38:19 23.80 23.80 23.70 23.80 24.00 24.50 23.90 23.70 24.50 24.00 24.10 24.00 24.00 24.00 23.90 24.00 * 23.10 23.10 23.20 23.20 23.30 23.20 23.00 22.80 23.10 23.20 23.40 23.30 23.30 23.20 23.20 23.10 * 0
2018-01-06 04:38:19 23.80 23.70 23.70 23.80 24.00 24.50 23.90 23.70 24.40 24.00 24.10 24.10 24.00 24.00 23.80 23.90 * 23.30 23.20 23.30 23.40 23.40 23.40 23.20 23.00 23.10 23.20 23.30 23.20 23.20 23.20 23.20 23.00 * 0
2018-01-06 04:38:20 23.70 23.70 23.70 23.80 24.10 24.60 24.00 23.80 24.40 24.10 24.20 24.10 23.90 24.00 23.80 24.00 * 23.20 23.20 23.20 23.30 23.30 23.30 23.10 22.90 23.20 23.30 23.40 23.30 23.30 23.30 23.30 23.10 * 0
2018-01-06 04:38:20 23.60 23.60 23.60 23.70 24.00 24.50 23.90 23.60 24.40 24.10 24.20 24.10 24.00 24.00 23.90 24.00 * 23.30 23.20 23.20 23.30 23.40 23.40 23.20 23.00 23.10 23.20 23.30 23.30 23.20 23.20 23.30 23.10 * 0
2018-01-06 04:38:20 23.60 23.60 23.60 23.60 23.90 24.40 23.80 23.50 24.40 24.10 24.20 24.00 24.00 24.00 24.00 24.00 * 23.20 23.20 23.20 23.30 23.40 23.30 23.20 23.10 23.10 23.10 23.20 23.20 23.10 23.10 23.20 23.00 * 0
2018-01-06 04:38:20 23.60 23.60 23.60 23.70 23.90 24.40 23.80 23.60 24.40 24.10 24.10 24.00 24.00 24.00 23.90 24.00 * 23.10 23.20 23.20 23.20 23.30 23.20 23.10 23.00 23.10 23.10 23.30 23.30 23.20 23.20 23.10 23.10 * 0
2018-01-06 04:38:21 23.70 23.60 23.70 23.70 24.00 24.50 23.90 23.60 24.40 24.00 24.10 24.00 23.90 24.00 23.90 23.90 * 23.10 23.10 23.20 23.20 23.30 23.20 23.10 22.80 23.10 23.10 23.30 23.20 23.20 23.20 23.10 23.10 * 0
2018-01-06 04:38:21 23.60 23.60 23.60 23.70 23.90 24.40 23.80 23.50 24.40 24.10 24.10 24.10 23.90 24.00 23.80 23.90 * 23.10 23.00 23.00 23.10 23.20 23.10 23.00 22.80 23.20 23.10 23.40 23.30 23.20 23.20 23.20 23.10 * 0
2018-01-06 04:38:21 23.70 23.70 23.70 23.70 24.00 24.50 23.90 23.60 24.40 24.10 24.10 24.00 23.90 24.00 23.80 24.00 * 23.00 23.00 23.00 23.10 23.10 23.00 23.00 22.70 23.10 23.20 23.30 23.30 23.20 23.20 23.20 23.10 * 0
2018-01-06 04:38:21 23.70 23.70 23.70 23.70 24.00 24.50 23.90 23.70 24.40 24.10 24.10 24.00 24.00 24.10 24.00 24.00 * 23.10 23.20 23.20 23.20 23.30 23.20 23.10 22.90 23.10 23.10 23.30 23.30 23.30 23.20 23.20 23.10 * 0
2018-01-06 04:38:22 23.70 23.70 23.70 23.80 24.00 24.50 23.90 23.60 24.40 24.10 24.00 24.00 24.00 24.00 23.90 24.00 * 23.20 23.20 23.20 23.20 23.30 23.20 23.10 22.90 23.20 23.20 23.40 23.30 23.30 23.20 23.30 23.20 * 0
2018-01-06 04:38:22 23.60 23.60 23.60 23.70 24.00 24.40 23.90 23.60 24.40 24.10 24.10 24.10 24.00 24.00 23.90 24.00 * 23.20 23.20 23.20 23.30 23.40 23.30 23.20 23.00 23.10 23.20 23.40 23.30 23.30 23.20 23.30 23.10 * 0
2018-01-06 04:38:22 23.50 23.60 23.50 23.70 23.90 24.30 23.80 23.50 24.40 24.10 24.20 24.10 23.90 24.00 24.00 24.00 * 23.20 23.30 23.30 23.30 23.40 23.30 23.20 23.00 23.00 23.10 23.30 23.20 23.20 23.10 23.20 23.00 * 0
2018-01-06 04:38:22 23.60 23.60 23.60 23.70 23.90 24.40 23.90 23.60 24.30 24.00 24.10 24.00 23.90 23.90 23.80 24.00 * 23.20 23.20 23.30 23.30 23.40 23.20 23.10 23.00 23.10 23.20 23.30 23.30 23.20 23.20 23.10 23.00 * 0
2018-01-06 04:38:23 23.80 23.70 23.70 23.80 24.10 24.50 24.10 23.80 24.40 24.10 24.10 24.00 23.90 24.00 23.90 24.00 * 23.10 23.10 23.20 23.20 23.30 23.20 23.10 22.90 23.10 23.10 23.30 23.30 23.20 23.20 23.10 23.00 * 0
2018-01-06 04:38:23 23.70 23.70 23.60 23.70 24.00 24.40 23.90 23.70 24.50 24.20 24.10 24.10 24.00 24.10 24.00 24.00 * 23.20 23.20 23.20 23.30 23.40 23.30 23.10 22.90 23.10 23.10 23.30 23.30 23.20 23.20 23.10 23.10 * 0
2018-01-06 04:38:23 23.70 23.70 23.60 23.70 24.00 24.50 23.90 23.70 24.50 24.10 24.10 24.10 24.00 24.10 23.90 24.00 * 23.20 23.20 23.30 23.30 23.30 23.30 23.10 23.00 23.10 23.20 23.30 23.30 23.20 23.20 23.20 23.10 * 0
2018-01-06 04:38:24 23.80 23.80 23.80 23.80 24.20 24.60 24.00 23.80 24.40 24.10 24.10 24.00 24.00 24.10 23.90 24.00 * 23.20 23.30 23.20 23.30 23.40 23.30 23.20 23.00 23.10 23.20 23.40 23.30 23.20 23.20 23.20 23.00 * 0
2018-01-06 04:38:24 23.90 23.80 23.80 23.90 24.20 24.60 24.10 23.80 24.30 24.00 24.10 24.00 23.90 24.00 23.90 24.00 * 23.20 23.30 23.20 23.40 23.40 23.30 23.20 23.00 23.20 23.20 23.30 23.30 23.30 23.20 23.20 23.10 * 0
2018-01-06 04:38:24 23.70 23.70 23.70 23.80 24.00 24.40 23.90 23.70 24.30 24.00 24.10 24.10 23.90 24.00 23.90 24.00 * 23.20 23.20 23.30 23.30 23.40 23.30 23.20 23.00 23.00 23.10 23.30 23.20 23.10 23.10 23.10 23.00 * 0
2018-01-06 04:38:24 23.60 23.60 23.60 23.70 23.90 24.40 23.80 23.70 24.50 24.10 24.10 24.10 23.90 24.10 23.90 24.00 * 23.30 23.30 23.30 23.40 23.50 23.30 23.30 23.10 23.00 23.00 23.20 23.10 23.10 23.10 23.10 23.00 * 0
2018-01-06 04:38:25 23.70 23.70 23.60 23.70 24.00 24.40 23.80 23.70 24.50 24.10 24.10 24.10 24.00 24.10 23.90 23.90 * 23.20 23.20 23.20 23.20 23.30 23.30 23.20 23.00 23.10 23.10 23.30 23.20 23.10 23.20 23.20 23.10 * 0
2018-01-06 04:38:25 23.80 23.70 23.70 23.80 24.10 24.50 23.90 23.70 24.40 24.00 24.10 24.00 23.90 24.00 23.80 23.90 * 23.10 23.20 23.20 23.20 23.30 23.30 23.10 22.90 23.00 23.10 23.30 23.20 23.10 23.10 23.20 23.00 * 0
2018-01-06 04:38:25 23.80 23.70 23.80 23.80 24.10 24.60 24.00 23.80 24.40 24.10 24.10 24.00 23.90 24.00 23.80 24.00 * 23.20 23.30 23.30 23.30 23.40 23.30 23.20 23.00 23.10 23.20 23.30 23.30 23.20 23.10 23.10 23.10 * 0
2018-01-06 04:38:25 23.80 23.70 23.70 23.70 24.10 24.50 24.00 23.70 24.40 24.10 24.10 24.00 24.00 24.10 24.00 24.00 * 23.20 23.20 23.20 23.20 23.40 23.30 23.20 22.90 23.10 23.20 23.30 23.20 23.20 23.10 23.20 23.10 * 0
2018-01-06 04:38:26 23.70 23.70 23.70 23.70 24.00 24.40 23.90 23.60 24.40 24.10 24.20 24.10 24.10 24.10 24.00 24.10 * 23.20 23.20 23.20 23.30 23.30 23.30 23.10 22.90 23.10 23.20 23.30 23.30 23.20 23.20 23.20 23.10 * 0
2018-01-06 04:38:26 23.90 23.80 23.80 23.80 24.10 24.60 24.00 23.80 24.40 24.10 24.10 24.10 24.00 24.10 24.00 24.00 * 23.30 23.30 23.20 23.30 23.40 23.30 23.30 23.00 23.20 23.20 23.30 23.30 23.20 23.30 23.30 23.20 * 0
2018-01-06 04:38:26 23.90 23.80 23.80 23.90 24.10 24.60 24.10 23.90 24.40 24.00 24.10 24.00 23.90 24.00 23.80 24.00 * 23.20 23.20 23.20 23.30 23.40 23.30 23.30 23.00 23.20 23.20 23.40 23.30 23.20 23.30 23.30 23.10 * 0
2018-01-06 04:38:26 23.80 23.70 23.60 23.70 24.00 24.50 23.90 23.70 24.30 24.00 24.10 24.00 24.00 24.00 23.90 24.00 * 23.20 23.30 23.30 23.40 23.40 23.30 23.20 23.00 23.10 23.10 23.30 23.30 23.20 23.20 23.20 23.00 * 0
2018-01-06 04:38:27 23.70 23.70 23.60 23.70 24.00 24.40 23.90 23.70 24.40 24.00 24.20 24.10 24.00 24.00 23.90 24.00 * 23.20 23.30 23.30 23.40 23.40 23.40 23.30 23.10 23.10 23.10 23.20 23.20 23.10 23.10 23.10 23.00 * 0
2018-01-06 04:38:27 23.60 23.70 23.70 23.70 24.00 24.40 23.90 23.70 24.50 24.10 24.20 24.10 24.00 24.00 23.80 24.00 * 23.30 23.30 23.30 23.40 23.40 23.30 23.20 23.10 23.10 23.10 23.20 23.10 23.10 23.20 23.10 23.00 * 0
2018-01-06 04:38:27 23.70 23.70 23.70 23.80 24.00 24.40 24.00 23.70 24.50 24.10 24.10 24.10 24.00 24.00 23.90 24.10 * 23.20 23.30 23.20 23.30 23.40 23.30 23.20 23.00 23.00 23.00 23.30 23.20 23.10 23.10 23.10 23.00 * 0
2018-01-06 04:38:28 23.90 23.80 23.80 23.90 24.10 24.60 24.10 23.80 24.40 24.00 24.10 24.00 23.90 24.00 23.80 23.90 * 23.20 23.30 23.20 23.30 23.40 23.30 23.20 23.00 23.00 23.10 23.30 23.20 23.10 23.10 23.10 23.00 * 0
2018-01-06 04:38:28 23.70 23.80 23.70 23.70 24.00 24.40 23.90 23.70 24.40 24.00 24.10 24.10 24.00 24.00 23.90 24.00 * 23.10 23.20 23.20 23.30 23.20 23.20 23.10 23.00 23.10 23.20 23.30 23.20 23.10 23.10 23.10 23.00 * 0
2018-01-06 04:38:28 23.70 23.70 23.60 23.70 24.00 24.40 23.90 23.70 24.40 24.10 24.10 24.10 24.00 24.10 23.90 24.10 * 23.20 23.20 23.20 23.30 23.30 23.30 23.20 23.10 23.00 23.00 23.20 23.20 23.20 23.10 23.10 22.90 * 0
2018-01-06 04:38:28 23.70 23.70 23.70 23.70 24.00 24.50 24.00 23.70 24.40 24.10 24.10 24.10 23.90 24.10 24.00 24.10 * 23.30 23.20 23.30 23.30 23.40 23.40 23.30 23.10 23.10 23.10 23.30 23.20 23.20 23.20 23.10 23.00 * 0
2018-01-06 04:38:29 23.80 23.80 23.70 23.80 24.10 24.50 24.00 23.70 24.40 24.00 24.10 24.00 23.90 24.00 23.80 23.90 * 23.20 23.20 23.20 23.30 23.30 23.30 23.20 23.00 23.10 23.20 23.40 23.30 23.20 23.20 23.20 23.10 * 0
2018-01-06 04:38:29 23.70 23.70 23.70 23.80 24.00 24.50 24.00 23.70 24.40 24.00 24.10 24.00 23.90 24.00 23.80 23.90 * 23.30 23.30 23.20 23.30 23.40 23.30 23.20 23.10 23.10 23.20 23.30 23.20 23.20 23.20 23.20 23.10 * 0
2018-01-06 04:38:29 23.70 23.70 23.70 23.80 24.00 24.50 24.00 23.70 24.40 24.00 24.10 24.00 23.90 24.00 23.90 24.00 * 23.40 23.40 23.30 23.30 23.40 23.40 23.30 23.10 23.10 23.10 23.30 23.20 23.20 23.20 23.10 23.00 * 0
2018-01-06 04:38:29 23.80 23.70 23.70 23.80 24.00 24.50 23.90 23.70 24.50 24.20 24.20 24.10 24.00 24.10 24.00 24.10 * 23.30 23.30 23.30 23.30 23.30 23.40 23.30 23.00 23.00 23.10 23.30 23.20 23.10 23.20 23.10 23.00 * 0
2018-01-06 04:38:30 23.80 23.70 23.70 23.80 24.00 24.50 23.90 23.70 24.30 24.00 24.00 23.90 23.80 24.00 23.80 24.00 * 23.20 23.20 23.20 23.30 23.40 23.30 23.20 23.10 23.00 23.00 23.20 23.10 23.10 23.10 23.00 22.90 * 0
2018-01-06 04:38:30 23.80 23.70 23.70 23.80 24.10 24.60 24.00 23.80 24.40 24.10 24.10 24.00 23.90 24.00 23.90 24.10 * 23.20 23.20 23.20 23.30 23.30 23.30 23.20 23.10 23.10 23.20 23.30 23.20 23.20 23.20 23.10 23.00 * 0
2018-01-06 04:38:30 23.80 23.70 23.80 23.80 24.10 24.60 24.00 23.80 24.50 24.10 24.20 24.10 24.00 24.00 24.00 24.00 * 23.20 23.20 23.20 23.30 23.30 23.30 23.10 23.00 23.20 23.20 23.40 23.30 23.20 23.20 23.10 23.10 * 0
2018-01-06 04:38:31 23.80 23.80 23.70 23.90 24.10 24.50 24.00 23.80 24.50 24.10 24.20 24.10 24.00 24.10 24.00 24.00 * 23.30 23.30 23.30 23.30 23.40 23.30 23.20 23.10 23.00 23.10 23.20 23.20 23.10 23.10 23.00 22.80 * 0
2018-01-06 04:38:31 23.80 23.80 23.70 23.80 24.10 24.50 24.00 23.70 24.30 23.90 24.00 24.00 23.90 23.90 23.80 23.90 * 23.30 23.20 23.30 23.30 23.30 23.30 23.20 23.00 23.00 23.00 23.20 23.10 23.10 23.10 23.00 22.80 * 0
2018-01-06 04:38:31 23.70 23.80 23.70 23.80 24.10 24.50 23.90 23.70 24.30 23.90 24.00 24.00 23.80 23.90 23.80 23.80 * 23.30 23.20 23.30 23.30 23.40 23.30 23.10 22.90 23.00 23.00 23.20 23.20 23.10 23.10 23.00 22.90 * 0
2018-01-06 04:38:31 23.60 23.70 23.60 23.60 24.00 24.40 23.80 23.50 24.30 24.00 24.00 24.00 23.80 24.00 23.80 23.90 * 23.40 23.40 23.40 23.50 23.40 23.40 23.20 23.00 23.20 23.20 23.30 23.30 23.30 23.20 23.20 23.10 * 0
2018-01-06 04:38:32 23.70 23.70 23.60 23.60 23.90 24.40 23.90 23.60 24.50 24.10 24.10 24.00 24.00 24.10 24.00 24.00 * 23.40 23.30 23.40 23.40 23.40 23.40 23.10 23.00 23.20 23.20 23.40 23.30 23.30 23.20 23.30 23.10 * 0
2018-01-06 04:38:32 23.60 23.60 23.60 23.70 23.90 24.40 23.90 23.60 24.30 24.00 24.00 24.00 23.90 23.90 23.80 23.90 * 23.10 23.20 23.20 23.20 23.30 23.30 23.10 23.00 23.20 23.20 23.30 23.30 23.20 23.20 23.10 23.00 * 0
2018-01-06 04:38:32 23.70 23.70 23.70 23.70 24.10 24.50 24.00 23.70 24.30 24.00 24.00 24.00 23.90 23.90 23.80 23.90 * 23.20 23.20 23.20 23.30 23.30 23.30 23.10 23.00 23.20 23.20 23.40 23.30 23.30 23.20 23.20 23.10 * 0
2018-01-06 04:38:32 23.80 23.70 23.70 23.80 24.10 24.50 23.90 23.70 24.40 24.10 24.10 24.10 24.00 24.00 23.90 24.00 * 23.20 23.20 23.20 23.20 23.30 23.30 23.10 22.90 23.10 23.20 23.40 23.30 23.20 23.20 23.20 23.10 * 0
2018-01-06 04:38:33 23.80 23.70 23.70 23.70 24.10 24.50 24.00 23.70 24.50 24.10 24.20 24.10 24.00 24.00 23.90 24.00 * 23.20 23.20 23.20 23.20 23.40 23.30 23.10 23.00 23.10 23.20 23.30 23.20 23.20 23.10 23.10 23.00 * 0
2018-01-06 04:38:33 23.70 23.70 23.70 23.70 24.10 24.50 24.00 23.70 24.40 24.10 24.10 24.00 23.90 24.10 23.90 23.90 * 23.30 23.20 23.30 23.30 23.40 23.30 23.20 23.00 23.10 23.20 23.40 23.30 23.20 23.20 23.20 23.10 * 0
2018-01-06 04:38:33 23.70 23.60 23.60 23.70 24.00 24.40 23.90 23.70 24.30 24.10 24.10 24.00 23.90 24.00 23.90 23.90 * 23.20 23.20 23.20 23.20 23.30 23.20 23.10 22.90 23.20 23.20 23.40 23.30 23.20 23.20 23.20 23.10 * 0
2018-01-06 04:38:33 23.70 23.60 23.60 23.70 24.00 24.30 23.90 23.70 24.30 24.10 24.10 24.00 23.90 23.90 23.90 23.90 * 23.20 23.30 23.30 23.30 23.30 23.30 23.20 23.00 23.30 23.20 23.40 23.30 23.30 23.30 23.30 23.10 * 0
2018-01-06 04:38:34 23.70 23.70 23.70 23.70 24.00 24.40 23.90 23.70 24.50 24.20 24.20 24.20 24.00 24.00 23.90 24.10 * 23.20 23.30 23.30 23.30 23.30 23.30 23.20 23.00 23.30 23.30 23.40 23.30 23.30 23.30 23.30 23.20 * 0
2018-01-06 04:38:34 23.60 23.60 23.60 23.70 24.00 24.40 23.90 23.70 24.50 24.10 24.20 24.10 24.00 24.00 24.00 24.10 * 23.00 23.10 23.10 23.30 23.30 23.20 23.00 22.80 23.10 23.20 23.40 23.20 23.10 23.20 23.20 23.10 * 0
2018-01-06 04:38:34 23.80 23.70 23.70 23.70 24.10 24.50 24.00 23.80 24.40 24.10 24.10 24.10 23.90 24.00 23.90 24.00 * 23.10 23.20 23.20 23.30 23.30 23.20 23.10 22.80 23.20 23.30 23.40 23.30 23.20 23.20 23.20 23.10 * 0
2018-01-06 04:38:35 23.90 23.80 23.80 23.80 24.10 24.60 24.10 23.90 24.40 24.10 24.10 24.10 23.90 24.00 23.90 24.00 * 23.20 23.20 23.30 23.20 23.30 23.20 23.20 22.90 23.10 23.20 23.30 23.30 23.20 23.20 23.10 23.10 * 0
2018-01-06 04:38:35 23.90 23.80 23.80 23.90 24.10 24.60 24.10 23.90 24.40 24.00 24.10 24.00 23.90 24.00 23.90 23.90 * 23.10 23.20 23.20 23.20 23.20 23.20 23.10 22.90 23.10 23.10 23.20 23.20 23.10 23.20 23.10 23.00 * 0
2018-01-06 04:38:35 23.80 23.70 23.70 23.80 23.90 24.50 24.00 23.80 24.50 24.10 24.20 24.10 23.90 24.10 23.90 24.00 * 23.20 23.20 23.20 23.30 23.30 23.30 23.20 23.00 23.00 23.10 23.20 23.20 23.10 23.10 23.10 23.00 * 0
2018-01-06 04:38:35 23.70 23.60 23.60 23.60 24.00 24.30 23.80 23.60 24.40 24.10 24.10 24.00 23.90 24.00 23.90 24.00 * 23.30 23.20 23.30 23.30 23.50 23.30 23.10 23.00 23.10 23.20 23.30 23.30 23.20 23.20 23.20 23.10 * 0
2018-01-06 04:38:36 23.70 23.60 23.60 23.60 24.00 24.40 23.90 23.60 24.30 24.00 24.10 23.90 23.90 23.90 23.80 23.90 * 23.20 23.20 23.30 23.30 23.40 23.30 23.20 23.00 23.30 23.30 23.40 23.40 23.30 23.30 23.30 23.20 * 0
2018-01-06 04:38:36 23.70 23.70 23.70 23.70 24.00 24.40 24.00 23.70 24.50 24.10 24.10 24.00 23.90 24.00 23.90 24.00 * 23.20 23.30 23.30 23.30 23.40 23.30 23.20 23.00 23.10 23.20 23.40 23.30 23.20 23.20 23.20 23.10 * 0
2018-01-06 04:38:36 23.70 23.70 23.70 23.70 24.00 24.40 23.90 23.70 24.40 24.10 24.20 24.10 24.00 24.10 24.00 24.00 * 23.20 23.20 23.30 23.30 23.30 23.30 23.10 22.90 23.10 23.20 23.30 23.20 23.20 23.20 23.20 23.10 * 0
2018-01-06 04:38:36 23.70 23.70 23.70 23.80 24.10 24.50 24.00 23.80 24.40 24.10 24.20 24.10 24.00 24.10 24.00 24.00 * 23.30 23.30 23.30 23.30 23.50 23.40 23.20 23.00 23.00 23.10 23.20 23.10 23.10 23.10 23.10 23.00 * 0
2018-01-06 04:38:37 23.80 23.80 23.80 23.80 24.10 24.60 24.10 23.80 24.30 24.10 24.10 24.10 24.00 24.00 23.90 24.00 * 23.30 23.40 23.30 23.40 23.50 23.40 23.30 23.10 23.00 23.00 23.20 23.10 23.10 23.10 23.00 23.00 * 0
2018-01-06 04:38:37 23.80 23.70 23.80 23.80 24.10 24.50 24.00 23.80 24.30 24.10 24.10 24.00 23.90 24.00 23.80 23.90 * 23.30 23.30 23.30 23.30 23.40 23.30 23.20 23.00 23.10 23.10 23.30 23.20 23.10 23.20 23.10 23.00 * 0
2018-01-06 04:38:37 23.70 23.70 23.70 23.70 24.00 24.40 23.90 23.70 24.40 24.10 24.10 24.00 23.90 24.00 23.90 23.90 * 23.30 23.30 23.30 23.30 23.40 23.30 23.20 23.00 23.10 23.10 23.30 23.20 23.10 23.20 23.10 23.00 * 0
2018-01-06 04:38:37 23.60 23.60 23.50 23.60 23.80 24.30 23.80 23.50 24.50 24.10 24.20 24.10 24.00 24.10 23.90 24.00 * 23.20 23.30 23.20 23.30 23.40 23.30 23.20 23.00 23.10 23.20 23.30 23.30 23.20 23.20 23.20 23.00 * 0
2018-01-06 04:38:38 23.70 23.60 23.60 23.70 23.90 24.40 23.80 23.60 24.40 24.10 24.10 24.00 23.90 24.00 23.90 23.90 * 23.20 23.20 23.20 23.30 23.30 23.30 23.20 23.00 23.10 23.20 23.30 23.30 23.20 23.20 23.20 23.00 * 0
2018-01-06 04:38:38 23.80 23.80 23.70 23.80 24.00 24.60 24.00 23.80 24.40 24.00 24.10 24.00 23.90 23.90 23.90 23.90 * 23.10 23.20 23.30 23.20 23.30 23.30 23.20 23.00 23.10 23.10 23.30 23.20 23.10 23.10 23.10 23.10 * 0
2018-01-06 04:38:38 23.90 23.90 23.80 23.90 24.10 24.60 24.00 23.90 24.40 23.90 24.10 24.00 24.00 24.10 23.90 23.90 * 23.20 23.20 23.30 23.20 23.40 23.20 23.10 23.00 23.10 23.20 23.30 23.30 23.20 23.20 23.10 23.10 * 0
2018-01-06 04:38:39 23.90 23.80 23.70 23.80 24.10 24.60 24.00 23.80 24.40 24.00 24.10 24.00 24.00 24.00 23.80 23.90 * 23.10 23.20 23.20 23.20 23.30 23.20 23.10 22.80 23.10 23.20 23.30 23.30 23.20 23.20 23.10 23.00 * 0
2018-01-06 04:38:39 23.80 23.70 23.70 23.80 24.10 24.60 24.00 23.80 24.50 24.00 24.20 24.10 24.00 24.00 23.90 24.00 * 23.20 23.20 23.20 23.20 23.40 23.30 23.10 22.90 23.10 23.30 23.40 23.30 23.30 23.20 23.20 23.10 * 0
2018-01-06 04:38:39 23.80 23.80 23.80 23.90 24.10 24.60 24.10 23.90 24.40 24.00 24.10 24.10 24.00 24.00 24.00 24.00 * 23.20 23.20 23.20 23.30 23.40 23.30 23.20 23.00 23.10 23.30 23.40 23.30 23.30 23.20 23.20 23.20 * 0
2018-01-06 04:38:39 23.70 23.80 23.70 23.80 24.10 24.50 24.00 23.80 24.20 23.90 24.00 24.00 23.90 23.90 23.80 23.90 * 23.20 23.20 23.20 23.30 23.40 23.30 23.20 23.00 23.20 23.10 23.30 23.20 23.10 23.10 23.20 23.00 * 0
2018-01-06 04:38:40 23.70 23.70 23.70 23.70 24.00 24.50 23.90 23.60 24.30 24.00 24.10 24.00 24.00 23.90 23.80 23.80 * 23.20 23.30 23.30 23.30 23.30 23.30 23.10 22.90 23.10 23.00 23.20 23.10 23.10 23.00 23.10 22.90 * 0
2018-01-06 04:38:40 23.60 23.60 23.60 23.60 23.90 24.30 23.80 23.50 24.40 24.20 24.20 24.10 24.00 24.00 23.90 24.00 * 23.30 23.30 23.40 23.30 23.40 23.40 23.20 23.00 23.20 23.20 23.40 23.30 23.30 23.20 23.20 23.10 * 0
2018-01-06 04:38:40 23.60 23.60 23.60 23.70 23.90 24.40 23.80 23.60 24.50 24.20 24.30 24.10 24.00 24.10 24.00 24.00 * 23.30 23.30 23.30 23.30 23.40 23.30 23.20 23.00 23.10 23.10 23.20 23.20 23.20 23.20 23.20 23.00 * 0
2018-01-06 04:38:41 23.80 23.80 23.70 23.80 24.00 24.50 24.00 23.70 24.50 24.10 24.10 24.00 24.00 24.10 24.00 24.00 * 23.10 23.20 23.20 23.30 23.40 23.30 23.10 23.00 23.20 23.20 23.30 23.30 23.30 23.30 23.30 23.20 * 0
2018-01-06 04:38:41 23.70 23.60 23.60 23.60 24.00 24.40 23.70 23.50 24.50 24.20 24.20 24.10 24.00 24.10 24.10 24.10 * 23.20 23.30 23.30 23.30 23.40 23.30 23.20 22.90 23.20 23.20 23.40 23.30 23.20 23.20 23.30 23.20 * 0
2018-01-06 04:38:41 23.70 23.60 23.60 23.60 24.00 24.40 23.80 23.60 24.40 24.10 24.30 24.10 24.00 24.10 24.00 24.10 * 23.20 23.30 23.30 23.30 23.40 23.30 23.20 23.00 23.20 23.20 23.40 23.30 23.20 23.20 23.20 23.10 * 0
2018-01-06 04:38:41 23.80 23.70 23.70 23.70 24.10 24.50 24.00 23.80 24.30 24.10 24.10 24.00 23.90 24.00 23.90 24.00 * 23.20 23.20 23.30 23.30 23.30 23.30 23.20 23.00 23.10 23.10 23.30 23.20 23.20 23.10 23.10 23.00 * 0
2018-01-06 04:38:42 23.90 23.80 23.80 23.80 24.20 24.60 24.10 23.90 24.30 24.10 24.10 24.00 23.90 24.00 23.80 23.90 * 23.20 23.20 23.30 23.20 23.30 23.30 23.20 23.00 23.10 23.20 23.30 23.20 23.20 23.20 23.20 23.00 * 0
2018-01-06 04:38:42 23.80 23.80 23.70 23.80 24.10 24.60 24.00 23.90 24.40 24.10 24.10 24.00 23.90 24.00 24.00 24.00 * 23.10 23.20 23.30 23.20 23.30 23.30 23.20 23.00 23.10 23.10 23.20 23.20 23.20 23.10 23.10 23.00 * 0
2018-01-06 04:38:42 23.70 23.70 23.70 23.80 24.00 24.50 24.00 23.70 24.50 24.10 24.10 24.00 24.00 24.00 24.00 24.00 * 23.20 23.20 23.30 23.30 23.40 23.30 23.20 23.00 23.20 23.20 23.30 23.30 23.20 23.20 23.20 23.10 * 0
2018-01-06 04:38:42 23.70 23.70 23.70 23.80 24.00 24.50 24.00 23.80 24.50 24.10 24.20 24.10 24.00 24.10 24.00 24.10 * 23.30 23.30 23.40 23.40 23.40 23.40 23.30 23.10 23.20 23.30 23.40 23.30 23.30 23.30 23.30 23.20 * 0
2018-01-06 04:38:43 23.80 23.70 23.70 23.80 24.10 24.60 24.00 23.90 24.30 23.90 24.00 24.00 23.90 23.90 23.80 23.90 * 23.30 23.30 23.40 23.30 23.40 23.40 23.20 23.10 23.10 23.20 23.30 23.30 23.20 23.20 23.20 23.00 * 0
2018-01-06 04:38:43 23.70 23.70 23.70 23.80 24.00 24.50 23.90 23.70 24.40 24.00 24.10 24.00 24.00 23.90 23.90 24.00 * 23.30 23.30 23.30 23.30 23.30 23.30 23.10 23.10 23.10 23.20 23.30 23.30 23.20 23.20 23.20 23.00 * 0
2018-01-06 04:38:43 23.60 23.60 23.60 23.70 23.90 24.40 23.80 23.60 24.50 24.10 24.20 24.10 24.00 24.00 24.00 24.00 * 23.30 23.30 23.30 23.40 23.40 23.40 23.30 23.10 23.10 23.10 23.30 23.20 23.20 23.10 23.20 23.10 * 0
2018-01-06 04:38:43 23.60 23.60 23.60 23.70 24.00 24.40 23.90 23.60 24.50 24.10 24.20 24.00 24.00 24.10 24.00 24.00 * 23.20 23.20 23.20 23.30 23.40 23.30 23.20 23.00 23.20 23.20 23.40 23.30 23.20 23.20 23.30 23.10 * 0
2018-01-06 04:38:44 23.80 23.80 23.80 23.80 24.10 24.60 24.10 23.80 24.40 24.00 24.00 24.00 24.00 24.10 23.90 23.90 * 23.10 23.20 23.20 23.20 23.30 23.30 23.10 23.00 23.20 23.20 23.40 23.30 23.20 23.20 23.30 23.10 * 0
2018-01-06 04:38:44 23.90 23.80 23.90 23.90 24.20 24.60 24.10 23.90 24.50 24.10 24.20 24.20 24.10 24.10 24.00 24.10 * 23.30 23.40 23.30 23.40 23.50 23.40 23.30 23.10 23.30 23.40 23.50 23.50 23.40 23.40 23.40 23.30 * 0
2018-01-06 04:38:44 23.90 23.80 23.80 23.90 24.20 24.70 24.10 23.90 24.60 24.30 24.40 24.40 24.20 24.20 24.20 24.30 * 23.50 23.50 23.50 23.50 23.50 23.50 23.40 23.20 23.40 23.50 23.50 23.50 23.50 23.50 23.50 23.40 * 0
2018-01-06 04:38:45 23.90 23.90 23.80 24.00 24.20 24.70 24.10 23.90 24.60 24.30 24.40 24.40 24.10 24.20 24.20 24.30 * 23.40 23.50 23.50 23.50 23.50 23.50 23.40 23.20 23.30 23.40 23.50 23.50 23.50 23.40 23.50 23.30 * 0
2018-01-06 04:38:45 23.90 23.80 23.80 23.90 24.20 24.70 24.10 23.90 24.50 24.20 24.10 24.10 24.00 24.10 24.00 24.10 * 23.40 23.40 23.40 23.40 23.40 23.50 23.40 23.20 23.20 23.20 23.40 23.40 23.30 23.30 23.30 23.30 * 0
2018-01-06 04:38:45 23.70 23.60 23.70 23.70 24.00 24.40 23.90 23.60 24.50 24.20 24.10 24.10 24.00 24.10 24.00 24.10 * 23.40 23.30 23.30 23.30 23.40 23.40 23.30 23.10 23.30 23.30 23.50 23.40 23.30 23.30 23.30 23.30 * 0
2018-01-06 04:38:45 23.70 23.50 23.70 23.70 24.00 24.50 23.90 23.60 24.60 24.20 24.20 24.20 24.10 24.10 24.00 24.20 * 23.30 23.30 23.30 23.40 23.40 23.40 23.20 23.10 23.20 23.20 23.30 23.30 23.20 23.20 23.20 23.10 * 0
2018-01-06 04:38:46 23.60 23.50 23.50 23.60 23.90 24.40 23.80 23.50 24.30 24.00 24.10 24.10 24.00 24.00 23.90 24.00 * 23.10 23.10 23.20 23.20 23.20 23.20 23.10 22.90 22.90 23.10 23.10 23.10 23.10 23.00 23.00 22.90 * 0
2018-01-06 04:38:46 23.40 23.50 23.50 23.50 23.70 24.20 23.70 23.40 24.10 23.80 23.90 23.80 23.80 23.70 23.60 23.70 * 23.00 23.00 23.10 23.10 23.20 23.10 22.90 22.80 22.90 23.00 23.10 23.10 23.10 23.00 23.00 22.90 * 0
2018-01-06 04:38:46 23.60 23.60 23.60 23.60 23.90 24.30 23.80 23.60 24.20 23.90 24.00 23.80 23.70 23.80 23.70 23.80 * 23.10 23.00 23.10 23.10 23.20 23.10 23.00 22.80 23.00 23.10 23.20 23.20 23.10 23.10 23.10 23.00 * 0
2018-01-06 04:38:46 23.60 23.60 23.70 23.70 24.00 24.40 23.90 23.70 24.30 23.90 24.10 24.00 23.80 23.90 23.80 23.90 * 23.20 23.20 23.20 23.20 23.30 23.30 23.10 22.90 23.00 23.10 23.20 23.20 23.10 23.10 23.10 23.00 * 0
2018-01-06 04:38:47 23.70 23.70 23.60 23.70 24.00 24.40 23.90 23.70 24.40 24.00 24.20 24.10 24.00 24.00 23.90 24.00 * 23.10 23.20 23.20 23.20 23.30 23.20 23.10 22.80 23.20 23.20 23.40 23.40 23.20 23.20 23.20 23.20 * 0
2018-01-06 04:38:47 23.70 23.70 23.70 23.70 24.00 24.40 24.00 23.70 24.40 24.00 24.10 24.00 23.90 24.00 23.90 24.00 * 23.20 23.20 23.30 23.20 23.30 23.20 23.10 22.90 23.00 23.20 23.40 23.20 23.20 23.10 23.20 23.10 * 0
2018-01-06 04:38:47 23.70 23.70 23.70 23.70 24.00 24.40 23.90 23.70 24.20 23.90 24.00 23.90 23.80 23.80 23.80 23.90 * 23.20 23.30 23.30 23.30 23.40 23.30 23.20 23.00 23.10 23.20 23.40 23.30 23.30 23.20 23.30 23.10 * 0
2018-01-06 04:38:47 23.60 23.60 23.60 23.70 23.90 24.40 23.90 23.60 24.40 24.00 24.10 24.00 23.90 23.90 23.90 24.00 * 23.20 23.30 23.30 23.30 23.40 23.30 23.20 23.10 23.20 23.20 23.50 23.30 23.30 23.20 23.30 23.20 * 0
2018-01-06 04:38:48 23.60 23.70 23.60 23.60 24.00 24.40 23.90 23.60 24.50 24.10 24.20 24.10 24.00 24.00 23.90 24.00 * 23.30 23.30 23.40 23.40 23.50 23.40 23.30 23.10 23.10 23.20 23.40 23.20 23.20 23.20 23.20 23.10 * 0
2018-01-06 04:38:48 23.60 23.70 23.70 23.70 24.00 24.50 23.90 23.70 24.40 24.00 24.00 24.00 23.90 24.00 23.80 23.90 * 23.30 23.30 23.30 23.30 23.40 23.40 23.20 23.00 23.10 23.20 23.30 23.20 23.10 23.20 23.10 23.00 * 0
2018-01-06 04:38:48 23.80 23.80 23.80 23.80 24.10 24.50 24.00 23.70 24.30 24.00 24.00 24.00 23.90 24.00 23.70 23.90 * 23.20 23.20 23.30 23.30 23.40 23.30 23.10 23.00 23.10 23.10 23.40 23.30 23.20 23.20 23.20 23.10 * 0
2018-01-06 04:38:49 23.90 23.90 23.90 23.90 24.10 24.60 24.10 23.80 24.40 24.00 24.10 24.00 23.90 24.00 23.80 23.90 * 23.40 23.40 23.40 23.30 23.50 23.40 23.30 23.10 23.10 23.10 23.40 23.30 23.20 23.30 23.20 23.20 * 0
2018-01-06 04:38:49 23.80 23.80 23.80 23.80 24.10 24.50 24.00 23.80 24.40 24.00 24.10 24.00 23.90 24.00 23.90 24.00 * 23.40 23.40 23.40 23.30 23.40 23.40 23.20 23.10 23.10 23.10 23.30 23.20 23.10 23.10 23.20 23.10 * 0
2018-01-06 04:38:49 23.70 23.70 23.70 23.70 24.00 24.40 23.90 23.80 24.40 24.10 24.10 24.10 24.00 24.10 24.00 24.00 * 23.20 23.20 23.20 23.20 23.20 23.20 23.10 22.90 23.00 23.00 23.20 23.10 23.10 23.10 23.10 23.00 * 0
2018-01-06 04:38:49 23.70 23.70 23.70 23.70 24.00 24.50 23.90 23.70 24.30 24.00 24.20 24.00 23.90 24.00 23.90 23.80 * 23.10 23.10 23.30 23.20 23.20 23.20 23.10 22.90 23.00 23.10 23.30 23.10 23.20 23.10 23.20 23.10 * 0
2018-01-06 04:38:50 23.90 23.90 23.80 23.80 24.10 24.60 24.00 23.80 24.40 24.10 24.20 24.10 23.90 24.00 23.90 23.90 * 23.10 23.20 23.30 23.30 23.40 23.30 23.20 23.00 23.00 23.10 23.30 23.20 23.20 23.20 23.20 23.10 * 0
2018-01-06 04:38:50 23.80 23.80 23.80 23.80 24.00 24.50 24.00 23.70 24.30 24.00 24.00 24.00 23.90 24.00 23.80 23.80 * 23.20 23.20 23.30 23.30 23.30 23.30 23.10 23.00 23.00 23.10 23.30 23.20 23.20 23.20 23.10 23.10 * 0
2018-01-06 04:38:50 23.70 23.70 23.70 23.70 23.90 24.40 23.90 23.60 24.40 24.00 24.10 24.00 24.00 24.00 23.90 23.90 * 23.20 23.10 23.30 23.20 23.30 23.30 23.10 23.00 23.20 23.20 23.30 23.30 23.20 23.20 23.20 23.20 * 0
2018-01-06 04:38:51 23.70 23.60 23.70 23.70 23.90 24.40 23.90 23.60 24.40 24.10 24.20 24.10 24.10 24.10 24.00 24.00 * 23.30 23.30 23.40 23.30 23.40 23.40 23.20 23.10 23.20 23.20 23.40 23.30 23.30 23.20 23.20 23.20 * 0
2018-01-06 04:38:51 23.70 23.70 23.70 23.80 24.10 24.50 23.90 23.70 24.30 24.00 24.00 24.00 23.90 24.00 23.80 23.90 * 23.30 23.30 23.40 23.40 23.40 23.40 23.30 23.20 23.10 23.10 23.30 23.30 23.20 23.20 23.10 23.10 * 0
2018-01-06 04:38:51 23.80 23.70 23.70 23.80 24.10 24.60 24.00 23.70 24.40 24.00 24.10 24.00 24.00 24.00 23.90 24.00 * 23.30 23.30 23.30 23.30 23.40 23.40 23.30 23.20 23.10 23.10 23.30 23.20 23.20 23.20 23.10 23.00 * 0
2018-01-06 04:38:51 23.80 23.70 23.80 23.80 24.00 24.50 24.00 23.70 24.30 24.00 24.00 24.00 23.90 24.00 23.80 23.90 * 23.30 23.20 23.30 23.30 23.40 23.30 23.20 23.10 22.90 23.00 23.20 23.10 23.10 23.10 23.00 22.90 * 0
2018-01-06 04:38:52 23.80 23.70 23.70 23.80 24.00 24.50 23.90 23.70 24.40 24.00 24.20 24.00 23.90 24.10 23.90 24.00 * 23.20 23.10 23.30 23.30 23.30 23.30 23.10 23.10 23.00 23.10 23.20 23.20 23.10 23.10 23.10 23.00 * 0
2018-01-06 04:38:52 23.80 23.70 23.70 23.80 24.00 24.40 23.90 23.80 24.40 24.10 24.10 24.00 24.00 24.00 24.00 24.10 * 23.10 23.10 23.20 23.20 23.30 23.20 23.10 23.00 23.10 23.10 23.30 23.20 23.10 23.20 23.10 23.00 * 0
