2018-01-06 04:03:25 24.00 23.90 23.90 23.90 24.20 24.70 24.20 24.00 24.30 24.00 24.00 24.10 23.90 24.00 23.90 23.90 * 23.20 23.20 23.30 23.30 23.30 23.30 23.20 22.90 23.20 23.40 23.40 23.40 23.40 23.30 23.30 23.10 * 0
2018-01-06 04:03:26 24.00 23.90 23.80 23.90 24.10 24.60 24.00 23.90 24.40 24.10 24.20 24.10 24.10 24.10 23.90 24.00 * 23.00 23.00 23.10 23.10 23.10 23.10 22.90 22.70 23.20 23.20 23.30 23.30 23.30 23.20 23.20 23.10 * 0
2018-01-06 04:03:26 24.00 23.90 23.90 23.90 24.20 24.60 24.20 24.00 24.20 24.00 24.00 23.90 23.90 23.90 23.80 23.80 * 23.10 23.10 23.10 23.20 23.20 23.10 23.00 22.80 23.30 23.30 23.50 23.50 23.40 23.40 23.40 23.20 * 0
2018-01-06 04:03:26 23.80 23.80 23.70 23.80 24.10 24.50 24.00 23.80 24.20 23.90 24.00 23.90 23.80 23.90 23.80 23.80 * 23.30 23.30 23.30 23.40 23.40 23.40 23.20 23.10 23.40 23.40 23.50 23.50 23.40 23.40 23.40 23.20 * 0
2018-01-06 04:03:26 23.70 23.60 23.60 23.60 24.00 24.40 24.00 23.60 24.40 24.10 24.20 24.00 23.90 24.10 24.00 24.10 * 23.30 23.30 23.30 23.40 23.40 23.40 23.30 23.10 23.40 23.40 23.50 23.50 23.40 23.40 23.40 23.20 * 0
2018-01-06 04:03:27 23.60 23.50 23.60 23.60 23.90 24.40 23.90 23.60 24.20 23.90 24.00 23.80 23.80 23.90 23.80 23.80 * 23.40 23.40 23.40 23.50 23.50 23.50 23.40 23.10 23.40 23.40 23.50 23.40 23.40 23.40 23.40 23.30 * 0
2018-01-06 04:03:27 23.70 23.70 23.70 23.70 24.00 24.50 24.10 23.80 24.30 23.90 23.90 23.90 23.90 23.90 23.80 23.70 * 23.40 23.40 23.50 23.40 23.50 23.50 23.30 23.20 23.10 23.20 23.30 23.30 23.30 23.20 23.30 23.10 * 0
2018-01-06 04:03:27 23.80 23.80 23.80 23.80 24.10 24.60 24.10 23.80 24.30 23.90 24.00 24.00 23.90 24.00 23.80 23.80 * 23.30 23.30 23.40 23.30 23.50 23.40 23.30 23.10 23.20 23.20 23.30 23.30 23.20 23.20 23.20 23.00 * 0
2018-01-06 04:03:27 23.90 23.80 23.80 23.90 24.10 24.70 24.10 23.90 24.30 23.90 24.10 24.00 23.90 24.00 23.70 23.90 * 23.40 23.40 23.40 23.50 23.50 23.40 23.30 23.20 23.10 23.10 23.30 23.30 23.10 23.10 23.10 23.00 * 0
2018-01-06 04:03:28 24.00 23.80 23.80 23.90 24.20 24.70 24.10 23.90 24.30 24.10 24.10 24.10 23.90 24.00 23.90 24.00 * 23.20 23.20 23.20 23.30 23.40 23.30 23.10 23.00 23.00 23.10 23.30 23.20 23.10 23.10 23.10 22.90 * 0
2018-01-06 04:03:28 24.00 23.90 23.80 23.90 24.20 24.60 24.20 23.90 24.20 23.90 24.00 23.90 23.80 23.80 23.80 23.90 * 23.20 23.20 23.30 23.30 23.40 23.30 23.10 23.00 23.20 23.30 23.40 23.40 23.30 23.30 23.30 23.10 * 0
2018-01-06 04:03:28 23.90 23.70 23.70 23.80 24.10 24.60 24.00 23.80 24.30 23.90 24.00 23.90 23.90 23.90 23.80 23.80 * 23.30 23.30 23.40 23.40 23.40 23.40 23.20 23.10 23.30 23.30 23.40 23.40 23.40 23.40 23.30 23.20 * 0
2018-01-06 04:03:29 23.70 23.60 23.60 23.70 24.00 24.50 23.90 23.60 24.60 24.10 24.10 24.20 24.00 24.10 24.10 24.00 * 23.40 23.40 23.40 23.40 23.60 23.50 23.30 23.20 23.20 23.30 23.40 23.40 23.30 23.30 23.20 23.20 * 0
2018-01-06 04:03:29 23.60 23.50 23.60 23.60 23.90 24.40 23.80 23.60 24.10 23.80 24.00 23.90 23.80 23.90 23.60 23.70 * 23.40 23.40 23.40 23.40 23.60 23.50 23.40 23.20 23.30 23.30 23.50 23.40 23.40 23.30 23.30 23.20 * 0
2018-01-06 04:03:29 23.60 23.50 23.60 23.60 23.90 24.30 23.90 23.60 24.20 23.90 23.90 23.90 23.80 23.90 23.70 23.70 * 23.40 23.40 23.40 23.50 23.60 23.50 23.40 23.20 23.20 23.20 23.40 23.30 23.30 23.20 23.30 23.10 * 0
2018-01-06 04:03:29 23.80 23.60 23.60 23.70 23.90 24.40 23.80 23.60 24.40 24.00 24.10 24.10 23.90 24.00 23.90 23.90 * 23.40 23.40 23.40 23.40 23.50 23.50 23.30 23.10 23.10 23.20 23.40 23.30 23.20 23.20 23.20 23.00 * 0
2018-01-06 04:03:30 23.90 23.60 23.70 23.80 24.00 24.50 23.90 23.70 24.50 24.10 24.10 24.10 23.90 24.00 23.90 23.90 * 23.40 23.40 23.50 23.40 23.60 23.50 23.30 23.20 23.20 23.20 23.30 23.30 23.30 23.20 23.20 23.10 * 0
2018-01-06 04:03:30 23.90 23.80 23.80 23.80 24.10 24.50 24.00 23.80 24.50 24.10 24.10 24.00 23.90 24.00 23.90 24.00 * 23.30 23.20 23.30 23.30 23.40 23.40 23.20 23.00 23.10 23.10 23.30 23.20 23.20 23.10 23.10 23.00 * 0
2018-01-06 04:03:30 24.00 23.90 23.90 24.00 24.20 24.60 24.20 24.00 24.30 23.90 24.00 23.90 23.90 23.90 23.80 23.90 * 23.30 23.30 23.30 23.30 23.40 23.40 23.30 23.10 23.10 23.10 23.30 23.20 23.20 23.20 23.10 23.10 * 0
2018-01-06 04:03:30 24.00 23.90 23.90 24.00 24.20 24.60 24.20 24.00 24.30 24.00 24.00 24.00 23.90 23.90 23.90 23.90 * 23.40 23.40 23.40 23.40 23.50 23.50 23.30 23.10 23.20 23.30 23.40 23.30 23.20 23.30 23.20 23.20 * 0
2018-01-06 04:03:31 23.90 23.90 23.80 23.90 24.10 24.60 24.00 23.80 24.50 24.10 24.20 24.20 24.00 24.10 24.10 24.10 * 23.30 23.30 23.30 23.40 23.40 23.40 23.20 23.00 23.10 23.10 23.30 23.20 23.20 23.20 23.10 23.00 * 0
2018-01-06 04:03:31 23.80 23.80 23.80 23.80 24.10 24.60 24.00 23.80 24.40 24.00 24.10 24.00 23.90 24.00 23.90 23.90 * 23.50 23.50 23.40 23.40 23.50 23.50 23.30 23.20 23.20 23.20 23.40 23.30 23.30 23.30 23.20 23.10 * 0
2018-01-06 04:03:31 23.70 23.70 23.70 23.80 24.10 24.50 24.00 23.80 24.40 24.10 24.10 24.00 23.90 23.90 23.90 23.90 * 23.50 23.50 23.50 23.50 23.60 23.50 23.40 23.20 23.30 23.30 23.50 23.40 23.40 23.50 23.40 23.30 * 0
2018-01-06 04:03:31 23.60 23.50 23.60 23.70 23.90 24.40 23.80 23.60 24.50 24.30 24.30 24.10 24.00 24.20 24.10 24.10 * 23.40 23.30 23.40 23.50 23.50 23.40 23.30 23.10 23.30 23.40 23.50 23.40 23.40 23.40 23.40 23.30 * 0
2018-01-06 04:03:32 23.60 23.60 23.50 23.60 23.90 24.40 23.80 23.50 24.40 24.10 24.10 24.00 23.90 24.00 23.90 23.90 * 23.30 23.40 23.40 23.40 23.50 23.40 23.30 23.10 23.40 23.40 23.60 23.50 23.40 23.40 23.40 23.30 * 0
2018-01-06 04:03:32 23.70 23.60 23.70 23.70 24.00 24.50 23.90 23.70 24.30 24.00 24.10 24.00 23.90 23.90 23.80 23.90 * 23.20 23.30 23.30 23.30 23.40 23.30 23.20 22.90 23.30 23.30 23.40 23.30 23.40 23.30 23.30 23.20 * 0
2018-01-06 04:03:32 23.90 23.80 23.80 23.90 24.10 24.50 24.10 23.80 24.30 24.00 24.10 24.00 23.90 24.00 23.90 24.00 * 23.30 23.30 23.30 23.40 23.40 23.40 23.20 23.10 23.20 23.20 23.40 23.30 23.30 23.30 23.20 23.10 * 0
2018-01-06 04:03:33 23.90 23.90 23.90 24.00 24.30 24.70 24.20 23.90 24.50 24.10 24.20 24.10 24.00 24.10 24.00 24.00 * 23.30 23.30 23.30 23.30 23.40 23.40 23.20 23.00 23.20 23.20 23.40 23.40 23.30 23.40 23.30 23.10 * 0
2018-01-06 04:03:33 23.80 23.80 23.80 23.80 24.20 24.60 24.10 23.80 24.50 24.10 24.20 24.10 24.10 24.20 24.00 24.10 * 23.20 23.20 23.20 23.30 23.40 23.30 23.10 22.90 23.10 23.20 23.40 23.30 23.30 23.20 23.20 23.00 * 0
2018-01-06 04:03:33 23.80 23.70 23.70 23.80 24.10 24.50 24.00 23.80 24.30 24.00 24.00 24.00 23.90 23.90 23.80 23.90 * 23.50 23.50 23.50 23.40 23.50 23.50 23.40 23.20 23.20 23.20 23.40 23.40 23.30 23.30 23.30 23.10 * 0
2018-01-06 04:03:33 23.70 23.70 23.70 23.80 24.10 24.50 24.10 23.80 24.50 24.10 24.10 24.00 23.90 24.00 24.00 24.10 * 23.40 23.40 23.50 23.30 23.50 23.40 23.30 23.10 23.20 23.20 23.40 23.40 23.30 23.30 23.30 23.10 * 0
2018-01-06 04:03:34 23.60 23.70 23.60 23.70 24.00 24.50 24.00 23.70 24.50 24.00 24.10 24.00 23.90 24.00 23.90 24.10 * 23.40 23.50 23.50 23.40 23.50 23.50 23.30 23.10 23.30 23.30 23.40 23.50 23.30 23.40 23.30 23.20 * 0
2018-01-06 04:03:34 23.70 23.70 23.60 23.80 24.00 24.50 24.00 23.80 24.40 24.00 24.00 24.00 23.90 24.00 23.80 23.90 * 23.40 23.40 23.40 23.40 23.50 23.40 23.30 23.10 23.30 23.40 23.50 23.50 23.40 23.40 23.40 23.30 * 0
2018-01-06 04:03:34 23.90 23.90 23.80 23.90 24.20 24.60 24.20 23.90 24.40 24.00 24.00 24.00 23.90 24.00 23.90 24.00 * 23.30 23.20 23.30 23.30 23.40 23.30 23.20 23.00 23.20 23.20 23.40 23.30 23.30 23.30 23.30 23.20 * 0
2018-01-06 04:03:34 24.10 24.00 23.90 24.00 24.30 24.80 24.30 24.00 24.40 24.00 24.00 24.00 23.80 24.00 23.90 24.00 * 23.40 23.40 23.40 23.30 23.50 23.40 23.30 23.10 23.30 23.30 23.40 23.40 23.30 23.30 23.30 23.30 * 0
2018-01-06 04:03:35 24.00 23.90 23.90 24.00 24.20 24.70 24.20 23.90 24.40 24.10 24.20 24.00 24.00 24.10 23.90 24.10 * 23.30 23.40 23.40 23.30 23.40 23.30 23.20 23.00 23.20 23.20 23.40 23.30 23.20 23.20 23.20 23.20 * 0
2018-01-06 04:03:35 23.90 23.80 23.80 23.90 24.10 24.60 24.10 23.80 24.40 24.10 24.10 24.10 24.00 24.00 24.00 24.00 * 23.40 23.40 23.40 23.40 23.40 23.40 23.30 23.10 23.10 23.10 23.30 23.30 23.10 23.20 23.10 23.00 * 0
2018-01-06 04:03:35 23.80 23.70 23.70 23.80 24.10 24.50 24.10 23.80 24.30 23.90 24.00 23.90 23.80 23.90 23.80 23.90 * 23.40 23.40 23.40 23.40 23.40 23.50 23.30 23.10 23.00 23.10 23.20 23.20 23.10 23.10 23.10 23.00 * 0
2018-01-06 04:03:35 23.90 23.70 23.70 23.90 24.10 24.60 24.10 23.80 24.20 23.90 23.90 23.90 23.70 23.80 23.70 23.80 * 23.40 23.40 23.40 23.40 23.50 23.50 23.30 23.10 23.20 23.30 23.40 23.40 23.30 23.30 23.40 23.20 * 0
2018-01-06 04:03:36 23.80 23.60 23.70 23.80 24.00 24.50 24.00 23.70 24.50 24.10 24.10 24.10 23.90 24.10 24.00 24.00 * 23.30 23.30 23.30 23.40 23.40 23.40 23.20 23.10 23.30 23.30 23.50 23.40 23.40 23.40 23.40 23.30 * 0
2018-01-06 04:03:36 23.60 23.60 23.60 23.70 24.00 24.40 23.90 23.60 24.50 24.00 24.10 24.00 23.90 24.00 23.90 24.00 * 23.40 23.40 23.40 23.40 23.50 23.40 23.30 23.20 23.30 23.30 23.40 23.40 23.40 23.40 23.30 23.20 * 0
2018-01-06 04:03:36 23.80 23.70 23.80 23.80 24.10 24.50 24.00 23.80 24.30 23.90 24.00 23.90 23.80 23.90 23.80 23.90 * 23.30 23.20 23.30 23.30 23.40 23.40 23.30 23.10 23.40 23.40 23.50 23.50 23.40 23.40 23.40 23.30 * 0
2018-01-06 04:03:37 23.80 23.70 23.80 23.80 24.10 24.60 24.10 23.80 24.30 24.00 24.00 24.00 23.80 23.90 23.80 23.90 * 23.20 23.20 23.20 23.30 23.30 23.40 23.20 23.00 23.20 23.30 23.40 23.40 23.30 23.30 23.30 23.20 * 0
2018-01-06 04:03:37 23.80 23.70 23.70 23.80 24.10 24.60 24.10 23.80 24.40 24.10 24.10 24.00 23.90 24.00 23.90 24.00 * 23.30 23.30 23.40 23.30 23.40 23.40 23.20 23.10 23.20 23.20 23.40 23.30 23.30 23.30 23.30 23.20 * 0
2018-01-06 04:03:37 23.80 23.70 23.70 23.80 24.10 24.60 24.00 23.80 24.40 24.00 24.00 24.00 23.90 24.00 23.90 23.90 * 23.30 23.30 23.40 23.40 23.40 23.40 23.20 23.00 23.20 23.20 23.40 23.30 23.30 23.30 23.30 23.20 * 0
2018-01-06 04:03:37 23.70 23.70 23.70 23.70 24.10 24.60 24.00 23.80 24.30 23.90 23.90 24.00 23.80 23.90 23.70 23.70 * 23.30 23.40 23.40 23.40 23.40 23.40 23.30 23.10 23.20 23.30 23.40 23.40 23.30 23.30 23.30 23.20 * 0
2018-01-06 04:03:38 23.80 23.70 23.70 23.80 24.10 24.50 24.00 23.80 24.30 23.90 24.00 24.00 23.80 23.90 23.80 23.80 * 23.40 23.40 23.40 23.50 23.50 23.40 23.30 23.10 23.30 23.40 23.40 23.40 23.30 23.40 23.30 23.20 * 0
2018-01-06 04:03:38 23.70 23.60 23.60 23.70 24.00 24.50 23.90 23.70 24.40 24.00 24.20 24.10 23.90 24.00 23.90 24.00 * 23.30 23.40 23.40 23.40 23.40 23.40 23.30 23.10 23.30 23.30 23.50 23.40 23.40 23.30 23.40 23.30 * 0
2018-01-06 04:03:38 23.60 23.60 23.60 23.70 24.00 24.50 24.00 23.70 24.30 24.00 24.10 24.00 23.80 23.90 23.80 23.80 * 23.50 23.50 23.50 23.50 23.50 23.60 23.40 23.20 23.20 23.20 23.40 23.30 23.20 23.20 23.30 23.20 * 0
2018-01-06 04:03:38 23.70 23.70 23.80 23.80 24.10 24.60 24.10 23.80 24.20 23.90 24.00 24.00 23.80 23.90 23.80 23.80 * 23.40 23.40 23.40 23.40 23.50 23.50 23.30 23.10 23.00 23.10 23.20 23.20 23.10 23.10 23.10 23.10 * 0
2018-01-06 04:03:39 23.80 23.70 23.80 23.80 24.10 24.50 24.00 23.70 24.30 23.90 24.00 24.00 23.90 24.00 23.80 23.90 * 23.40 23.30 23.40 23.40 23.40 23.40 23.30 23.10 23.10 23.20 23.40 23.30 23.20 23.20 23.30 23.10 * 0
2018-01-06 04:03:39 23.80 23.70 23.70 23.80 24.10 24.50 23.90 23.70 24.40 24.10 24.10 24.10 24.00 24.00 24.00 24.00 * 23.20 23.30 23.30 23.20 23.40 23.30 23.10 22.90 23.10 23.20 23.40 23.30 23.20 23.20 23.20 23.10 * 0
2018-01-06 04:03:39 23.80 23.80 23.80 23.90 24.20 24.60 24.00 23.80 24.20 23.90 23.90 24.00 23.90 23.80 23.80 23.80 * 23.20 23.30 23.30 23.30 23.40 23.30 23.20 23.00 23.20 23.20 23.40 23.30 23.30 23.20 23.20 23.10 * 0
2018-01-06 04:03:40 23.90 23.90 23.80 23.90 24.20 24.70 24.10 23.90 24.30 23.90 23.90 23.90 23.90 23.80 23.80 23.80 * 23.30 23.40 23.40 23.40 23.40 23.40 23.20 23.00 23.30 23.20 23.50 23.40 23.30 23.30 23.30 23.20 * 0
2018-01-06 04:03:40 23.60 23.50 23.50 23.60 23.90 24.20 23.80 23.40 24.40 24.10 24.10 24.00 24.00 24.00 23.90 24.00 * 23.30 23.40 23.40 23.40 23.40 23.40 23.20 23.00 23.30 23.20 23.50 23.40 23.30 23.40 23.40 23.20 * 0
2018-01-06 04:03:40 23.60 23.50 23.50 23.60 23.90 24.30 23.80 23.50 24.40 24.10 24.10 24.00 24.00 24.10 23.90 24.00 * 23.30 23.40 23.40 23.40 23.50 23.40 23.30 23.00 23.20 23.30 23.40 23.40 23.40 23.30 23.40 23.10 * 0
2018-01-06 04:03:40 23.70 23.70 23.70 23.80 24.00 24.50 24.00 23.70 24.30 24.00 24.00 24.00 23.90 24.00 23.80 23.90 * 23.40 23.40 23.40 23.50 23.50 23.50 23.30 23.20 23.20 23.20 23.40 23.30 23.30 23.20 23.30 23.00 * 0
2018-01-06 04:03:41 23.90 23.90 23.80 23.90 24.20 24.60 24.10 23.90 24.30 23.90 24.00 24.00 23.80 23.90 23.80 23.70 * 23.30 23.40 23.40 23.40 23.40 23.40 23.20 23.10 23.20 23.30 23.40 23.30 23.30 23.20 23.30 23.10 * 0
2018-01-06 04:03:41 23.80 23.80 23.70 23.80 24.10 24.60 24.00 23.70 24.40 24.00 24.10 24.00 23.90 24.00 23.80 23.90 * 23.30 23.30 23.40 23.40 23.40 23.40 23.20 23.10 23.10 23.30 23.40 23.30 23.30 23.30 23.20 23.20 * 0
2018-01-06 04:03:41 23.70 23.70 23.60 23.70 23.90 24.40 23.90 23.50 24.40 24.00 24.10 24.10 24.00 24.00 23.80 24.00 * 23.30 23.30 23.40 23.30 23.40 23.30 23.20 23.10 23.30 23.30 23.50 23.40 23.40 23.30 23.30 23.20 * 0
2018-01-06 04:03:41 23.60 23.60 23.60 23.70 23.90 24.40 23.90 23.60 24.20 23.90 24.10 24.00 23.80 23.90 23.70 23.80 * 23.50 23.50 23.50 23.50 23.60 23.60 23.40 23.20 23.30 23.40 23.50 23.50 23.50 23.40 23.40 23.30 * 0
2018-01-06 04:03:42 23.60 23.60 23.60 23.70 23.90 24.50 23.80 23.70 24.30 24.00 24.00 23.90 23.90 24.00 23.80 23.90 * 23.40 23.40 23.50 23.50 23.50 23.50 23.40 23.20 23.20 23.40 23.40 23.40 23.40 23.30 23.30 23.20 * 0
2018-01-06 04:03:42 23.60 23.60 23.60 23.70 23.90 24.50 23.80 23.60 24.30 24.00 24.00 23.90 23.90 24.00 23.80 23.90 * 23.40 23.40 23.40 23.50 23.50 23.40 23.30 23.20 23.20 23.40 23.40 23.40 23.30 23.30 23.30 23.10 * 0
2018-01-06 04:03:42 23.70 23.60 23.60 23.70 24.00 24.40 23.90 23.70 24.20 23.90 23.90 23.90 23.80 23.90 23.80 23.80 * 23.50 23.60 23.60 23.60 23.60 23.60 23.50 23.30 23.30 23.40 23.50 23.40 23.40 23.40 23.40 23.20 * 0
2018-01-06 04:03:42 23.90 23.80 23.80 23.90 24.20 24.60 24.10 23.90 24.20 23.90 24.00 24.00 23.90 23.90 23.80 23.90 * 23.50 23.50 23.50 23.50 23.60 23.50 23.40 23.20 23.00 23.10 23.20 23.10 23.10 23.10 23.10 23.00 * 0
2018-01-06 04:03:43 24.00 24.00 23.90 24.10 24.30 24.70 24.20 23.90 24.20 23.90 24.00 23.90 23.90 23.80 23.80 23.90 * 23.30 23.30 23.30 23.40 23.40 23.40 23.20 23.10 23.10 23.20 23.30 23.20 23.20 23.20 23.20 23.00 * 0
2018-01-06 04:03:43 23.90 23.90 23.90 24.00 24.20 24.70 24.10 23.80 24.30 24.00 24.10 24.10 23.90 24.00 23.90 23.90 * 23.20 23.30 23.30 23.40 23.40 23.40 23.20 23.00 23.10 23.20 23.40 23.30 23.30 23.20 23.20 23.00 * 0
2018-01-06 04:03:43 23.90 23.90 24.00 24.00 24.20 24.70 24.10 23.80 24.20 24.00 24.10 24.00 23.90 23.90 23.80 23.90 * 23.30 23.40 23.30 23.30 23.40 23.40 23.20 23.00 23.10 23.20 23.40 23.30 23.30 23.20 23.20 23.00 * 0
2018-01-06 04:03:43 24.00 23.90 23.90 24.00 24.30 24.80 24.20 24.00 24.10 23.90 24.00 23.90 23.80 23.90 23.80 23.80 * 23.40 23.50 23.40 23.40 23.40 23.40 23.30 23.10 23.20 23.30 23.40 23.40 23.30 23.30 23.30 23.10 * 0
2018-01-06 04:03:44 23.90 23.70 23.80 23.80 24.20 24.60 24.00 23.80 24.30 24.00 24.00 24.00 23.90 24.00 23.80 23.90 * 23.40 23.40 23.40 23.40 23.50 23.50 23.30 23.10 23.20 23.20 23.40 23.30 23.30 23.20 23.20 23.10 * 0
2018-01-06 04:03:44 23.60 23.50 23.60 23.60 23.90 24.40 23.80 23.50 24.30 23.90 24.10 24.00 23.90 23.90 23.80 23.90 * 23.40 23.50 23.50 23.40 23.60 23.50 23.40 23.20 23.20 23.30 23.40 23.40 23.30 23.30 23.20 23.10 * 0
2018-01-06 04:03:44 23.50 23.50 23.50 23.60 23.80 24.30 23.80 23.40 24.20 24.00 24.00 24.00 23.90 23.90 23.80 23.70 * 23.50 23.60 23.60 23.50 23.60 23.60 23.50 23.30 23.30 23.40 23.50 23.50 23.40 23.40 23.40 23.30 * 0
2018-01-06 04:03:45 23.70 23.60 23.60 23.60 23.90 24.40 23.90 23.60 24.30 24.10 24.10 24.10 24.00 24.00 23.90 23.90 * 23.50 23.50 23.50 23.50 23.50 23.50 23.40 23.20 23.30 23.30 23.40 23.50 23.40 23.30 23.40 23.20 * 0
2018-01-06 04:03:45 23.50 23.60 23.50 23.50 23.90 24.30 23.70 23.50 24.30 24.10 24.10 24.00 24.00 24.00 23.80 24.00 * 23.40 23.40 23.40 23.40 23.50 23.40 23.30 23.10 23.20 23.30 23.40 23.30 23.30 23.20 23.20 23.20 * 0
2018-01-06 04:03:45 23.60 23.70 23.60 23.70 23.90 24.40 23.90 23.60 24.40 24.00 24.10 24.00 23.90 24.00 23.80 23.90 * 23.30 23.30 23.40 23.40 23.40 23.30 23.20 23.10 23.10 23.10 23.30 23.20 23.20 23.20 23.10 23.00 * 0
2018-01-06 04:03:45 23.90 23.90 23.80 23.90 24.10 24.70 24.10 23.90 24.30 23.90 24.00 23.90 23.90 23.90 23.70 23.90 * 23.20 23.20 23.30 23.30 23.30 23.30 23.10 23.00 23.10 23.10 23.20 23.20 23.20 23.20 23.10 22.90 * 0
2018-01-06 04:03:46 23.90 23.90 23.90 23.90 24.20 24.70 24.10 24.00 24.20 23.90 23.90 23.90 23.90 23.90 23.70 23.80 * 23.20 23.30 23.40 23.30 23.40 23.40 23.20 23.00 23.10 23.10 23.30 23.30 23.20 23.20 23.10 23.00 * 0
2018-01-06 04:03:46 23.80 23.80 23.80 23.80 24.10 24.60 24.00 23.80 24.30 24.00 24.00 24.00 23.90 24.00 23.80 23.90 * 23.20 23.30 23.40 23.30 23.40 23.40 23.30 23.00 23.00 23.10 23.30 23.30 23.10 23.10 23.10 23.00 * 0
2018-01-06 04:03:46 23.70 23.70 23.70 23.70 24.00 24.50 24.00 23.60 24.40 24.00 24.10 24.00 23.90 24.00 23.90 24.00 * 23.20 23.30 23.30 23.30 23.40 23.40 23.20 23.10 23.20 23.30 23.40 23.40 23.30 23.40 23.40 23.20 * 0
2018-01-06 04:03:46 23.60 23.60 23.60 23.70 24.00 24.50 24.00 23.60 24.30 24.00 24.00 24.00 23.90 24.00 23.90 23.90 * 23.40 23.40 23.50 23.50 23.50 23.50 23.40 23.30 23.40 23.40 23.50 23.50 23.40 23.50 23.50 23.40 * 0
2018-01-06 04:03:47 23.70 23.60 23.60 23.70 24.00 24.50 24.00 23.70 24.40 24.10 24.10 24.00 23.90 24.00 23.90 24.00 * 23.40 23.40 23.50 23.40 23.50 23.50 23.40 23.30 23.20 23.30 23.40 23.40 23.30 23.40 23.30 23.20 * 0
2018-01-06 04:03:47 23.70 23.60 23.70 23.80 24.00 24.50 23.90 23.70 24.30 24.00 24.10 24.00 23.90 24.00 23.90 24.00 * 23.30 23.30 23.40 23.40 23.50 23.50 23.30 23.10 23.10 23.20 23.30 23.30 23.20 23.20 23.10 23.00 * 0
2018-01-06 04:03:47 23.80 23.70 23.70 23.80 24.10 24.50 24.00 23.80 24.30 23.90 24.00 24.00 23.90 23.90 23.90 23.90 * 23.20 23.20 23.30 23.30 23.30 23.30 23.20 23.00 23.00 23.00 23.20 23.20 23.10 23.10 23.10 22.90 * 0
2018-01-06 04:03:48 23.90 23.80 23.80 23.90 24.10 24.60 24.10 23.80 24.20 23.90 23.90 24.00 23.80 23.80 23.80 23.80 * 23.30 23.30 23.40 23.40 23.40 23.40 23.30 23.10 23.10 23.10 23.40 23.30 23.20 23.20 23.20 23.00 * 0
2018-01-06 04:03:48 23.80 23.70 23.70 23.80 24.10 24.50 23.90 23.80 24.30 24.00 24.10 24.00 23.80 24.00 23.90 24.00 * 23.40 23.50 23.50 23.50 23.60 23.60 23.40 23.20 23.20 23.30 23.50 23.40 23.30 23.30 23.30 23.20 * 0
2018-01-06 04:03:48 23.50 23.50 23.50 23.60 23.80 24.30 23.70 23.60 24.40 24.00 24.20 24.10 24.00 24.10 24.00 24.10 * 23.40 23.50 23.40 23.50 23.60 23.50 23.40 23.20 23.10 23.20 23.40 23.20 23.20 23.20 23.20 23.10 * 0
2018-01-06 04:03:48 23.50 23.50 23.50 23.50 23.90 24.40 23.70 23.50 24.40 24.00 24.10 24.00 24.00 24.00 23.90 24.00 * 23.40 23.50 23.50 23.40 23.60 23.50 23.30 23.20 23.20 23.20 23.40 23.40 23.20 23.30 23.20 23.10 * 0
2018-01-06 04:03:49 23.60 23.50 23.60 23.60 24.00 24.40 23.80 23.60 24.30 23.90 24.10 24.00 23.90 23.90 23.90 23.90 * 23.50 23.50 23.50 23.50 23.50 23.50 23.40 23.30 23.20 23.30 23.40 23.40 23.30 23.30 23.30 23.20 * 0
2018-01-06 04:03:49 23.70 23.60 23.60 23.60 24.00 24.40 23.80 23.60 24.30 23.90 24.00 24.00 23.90 23.90 23.90 23.90 * 23.40 23.40 23.40 23.50 23.50 23.50 23.30 23.20 23.20 23.30 23.40 23.40 23.30 23.30 23.30 23.20 * 0
2018-01-06 04:03:49 23.90 23.70 23.70 23.80 24.10 24.50 24.10 23.80 24.30 23.90 24.00 24.00 23.90 23.90 23.80 23.90 * 23.40 23.40 23.40 23.50 23.50 23.40 23.30 23.10 23.20 23.20 23.40 23.30 23.20 23.20 23.20 23.10 * 0
2018-01-06 04:03:49 23.90 23.70 23.70 23.80 24.00 24.50 24.00 23.70 24.40 24.00 24.00 24.00 23.90 24.00 23.90 23.80 * 23.30 23.30 23.30 23.30 23.40 23.40 23.20 23.00 23.10 23.20 23.30 23.20 23.10 23.10 23.20 23.00 * 0
2018-01-06 04:03:50 23.80 23.70 23.70 23.80 24.00 24.50 23.90 23.70 24.30 23.90 23.90 23.90 23.90 23.90 23.80 23.80 * 23.40 23.40 23.40 23.40 23.50 23.50 23.30 23.10 23.10 23.20 23.30 23.20 23.20 23.20 23.20 23.00 * 0
2018-01-06 04:03:50 23.80 23.80 23.80 23.80 24.10 24.60 24.00 23.90 24.30 23.90 23.90 23.90 23.90 23.90 23.70 23.80 * 23.50 23.50 23.50 23.50 23.50 23.50 23.40 23.20 23.30 23.30 23.40 23.30 23.30 23.30 23.20 23.20 * 0
2018-01-06 04:03:50 23.70 23.60 23.60 23.70 24.00 24.40 23.90 23.70 24.30 24.00 24.00 24.00 24.00 24.00 23.80 23.90 * 23.40 23.40 23.40 23.40 23.50 23.50 23.40 23.20 23.20 23.30 23.40 23.30 23.20 23.30 23.20 23.10 * 0
2018-01-06 04:03:50 23.60 23.50 23.60 23.60 23.90 24.40 23.80 23.60 24.30 24.00 24.10 24.00 23.90 24.00 23.90 24.00 * 23.40 23.40 23.40 23.40 23.50 23.50 23.40 23.20 23.20 23.30 23.40 23.40 23.30 23.20 23.30 23.20 * 0
2018-01-06 04:03:51 23.60 23.50 23.60 23.60 23.90 24.40 23.80 23.60 24.30 24.00 24.00 24.00 23.80 24.00 23.90 23.80 * 23.40 23.40 23.40 23.40 23.50 23.50 23.30 23.10 23.30 23.30 23.50 23.40 23.30 23.30 23.30 23.20 * 0
2018-01-06 04:03:51 23.60 23.60 23.70 23.70 23.90 24.40 23.80 23.70 24.30 24.00 24.00 24.00 23.90 24.00 23.90 23.80 * 23.30 23.30 23.30 23.30 23.40 23.30 23.20 23.00 23.20 23.20 23.40 23.30 23.30 23.30 23.30 23.20 * 0
2018-01-06 04:03:51 23.80 23.70 23.70 23.80 24.00 24.50 23.90 23.70 24.30 23.90 24.00 24.00 23.90 23.90 23.80 23.80 * 23.20 23.30 23.30 23.30 23.40 23.30 23.20 23.00 23.10 23.20 23.40 23.30 23.20 23.20 23.20 23.10 * 0
2018-01-06 04:03:52 23.70 23.70 23.80 23.80 24.00 24.50 24.00 23.70 24.40 24.00 24.00 24.10 23.90 23.90 23.80 23.90 * 23.30 23.30 23.30 23.30 23.40 23.40 23.20 23.10 23.20 23.30 23.40 23.30 23.30 23.30 23.30 23.10 * 0
2018-01-06 04:03:52 23.80 23.80 23.80 23.80 24.00 24.60 24.10 23.80 24.30 24.10 24.10 24.00 23.90 24.00 23.90 23.90 * 23.30 23.30 23.40 23.40 23.40 23.40 23.30 23.00 23.10 23.20 23.30 23.20 23.20 23.20 23.20 23.10 * 0
2018-01-06 04:03:52 23.90 23.90 23.90 23.90 24.10 24.70 24.20 23.90 24.20 24.00 24.00 23.90 23.80 23.90 23.80 23.70 * 23.40 23.40 23.50 23.50 23.50 23.50 23.30 23.10 23.10 23.20 23.30 23.30 23.20 23.20 23.20 23.10 * 0
2018-01-06 04:03:52 23.80 23.70 23.70 23.80 24.00 24.60 24.10 23.80 24.30 24.10 24.10 23.90 23.90 23.90 23.90 23.80 * 23.40 23.40 23.50 23.50 23.50 23.40 23.30 23.10 23.20 23.20 23.40 23.40 23.30 23.20 23.20 23.10 * 0
2018-01-06 04:03:53 23.60 23.60 23.60 23.60 23.90 24.40 23.90 23.60 24.40 24.10 24.10 24.10 24.00 24.10 24.00 24.00 * 23.30 23.30 23.40 23.40 23.40 23.30 23.20 23.00 23.20 23.30 23.40 23.40 23.30 23.30 23.30 23.20 * 0
2018-01-06 04:03:53 23.40 23.50 23.50 23.60 23.80 24.30 23.80 23.50 24.30 24.00 24.00 24.00 23.90 24.00 23.90 23.90 * 23.30 23.40 23.40 23.40 23.40 23.40 23.20 23.10 23.20 23.30 23.40 23.30 23.30 23.30 23.30 23.10 * 0
2018-01-06 04:03:53 23.50 23.50 23.50 23.60 23.90 24.30 23.80 23.50 24.30 24.00 24.10 24.00 23.90 24.00 23.90 23.90 * 23.40 23.40 23.40 23.40 23.50 23.50 23.40 23.10 23.30 23.30 23.50 23.30 23.30 23.40 23.30 23.20 * 0
2018-01-06 04:03:53 23.70 23.70 23.70 23.70 24.00 24.50 24.00 23.70 24.30 24.00 24.10 24.10 23.90 24.00 23.90 24.00 * 23.20 23.30 23.30 23.30 23.40 23.30 23.20 22.90 23.20 23.20 23.40 23.30 23.30 23.20 23.20 23.10 * 0
2018-01-06 04:03:54 23.60 23.60 23.60 23.60 23.90 24.40 23.90 23.70 24.30 24.00 24.00 24.00 23.90 24.00 23.80 23.90 * 23.20 23.30 23.30 23.30 23.30 23.30 23.20 22.90 23.20 23.20 23.40 23.30 23.30 23.20 23.20 23.10 * 0
2018-01-06 04:03:54 23.70 23.70 23.70 23.70 23.90 24.40 24.00 23.80 24.30 24.00 24.00 23.90 23.80 24.00 23.80 23.90 * 23.20 23.30 23.30 23.30 23.30 23.30 23.10 23.00 23.00 23.10 23.20 23.10 23.10 23.10 23.10 23.00 * 0
2018-01-06 04:03:54 23.90 23.80 23.80 23.80 24.10 24.60 24.10 23.90 24.40 24.00 24.10 24.00 23.90 23.90 23.80 23.90 * 23.20 23.20 23.20 23.20 23.30 23.30 23.10 22.90 23.00 23.10 23.20 23.10 23.10 23.10 23.10 23.00 * 0
2018-01-06 04:03:54 23.90 23.80 23.70 23.90 24.10 24.60 24.10 23.90 24.40 24.00 24.10 24.10 24.00 23.90 23.80 23.90 * 23.30 23.40 23.40 23.30 23.40 23.40 23.20 23.00 23.10 23.20 23.30 23.20 23.20 23.20 23.10 23.00 * 0
2018-01-06 04:03:55 23.80 23.70 23.70 23.80 24.00 24.50 24.00 23.80 24.30 24.00 24.10 24.00 23.90 24.00 23.90 24.00 * 23.30 23.30 23.40 23.30 23.40 23.40 23.20 23.00 23.10 23.10 23.30 23.20 23.20 23.20 23.10 23.10 * 0
2018-01-06 04:03:55 23.70 23.70 23.70 23.70 24.00 24.50 24.00 23.80 24.20 23.90 24.00 23.90 23.80 23.90 23.80 23.90 * 23.30 23.40 23.40 23.40 23.50 23.40 23.30 23.10 23.10 23.10 23.30 23.20 23.20 23.10 23.10 23.00 * 0
2018-01-06 04:03:55 23.70 23.70 23.70 23.80 24.00 24.50 24.00 23.70 24.30 24.00 24.00 24.00 23.80 24.00 23.90 23.80 * 23.40 23.50 23.50 23.50 23.60 23.50 23.40 23.20 23.20 23.20 23.40 23.30 23.30 23.30 23.30 23.10 * 0
2018-01-06 04:03:55 23.60 23.60 23.60 23.70 23.90 24.40 23.90 23.60 24.30 24.10 24.10 24.10 24.00 24.00 24.00 24.00 * 23.40 23.50 23.50 23.50 23.50 23.50 23.40 23.20 23.20 23.20 23.40 23.40 23.30 23.30 23.30 23.20 * 0
2018-01-06 04:03:56 23.50 23.50 23.50 23.60 23.90 24.30 23.70 23.60 24.20 24.00 24.00 24.00 23.90 24.00 23.80 23.90 * 23.40 23.40 23.40 23.40 23.50 23.50 23.40 23.20 23.20 23.20 23.30 23.30 23.30 23.20 23.20 23.20 * 0
2018-01-06 04:03:56 23.70 23.60 23.60 23.70 24.00 24.40 23.90 23.60 24.20 24.00 23.90 24.00 23.90 23.90 23.80 23.80 * 23.40 23.40 23.40 23.40 23.50 23.60 23.50 23.20 23.20 23.20 23.40 23.40 23.30 23.20 23.30 23.20 * 0
2018-01-06 04:03:56 23.80 23.80 23.70 23.80 24.10 24.60 24.10 23.80 24.40 24.00 24.00 24.00 23.90 24.00 23.80 23.90 * 23.30 23.40 23.40 23.40 23.40 23.40 23.30 23.10 23.20 23.20 23.40 23.40 23.30 23.30 23.30 23.20 * 0
2018-01-06 04:03:57 23.90 23.90 23.80 23.80 24.10 24.60 24.20 23.90 24.30 23.90 23.90 23.90 23.90 23.90 23.70 23.80 * 23.10 23.30 23.30 23.30 23.30 23.20 23.10 23.00 23.10 23.10 23.30 23.20 23.20 23.10 23.10 23.00 * 0
2018-01-06 04:03:57 24.00 23.90 23.90 23.90 24.20 24.70 24.20 24.00 24.30 24.00 24.00 24.00 24.00 24.00 23.90 23.90 * 23.30 23.30 23.30 23.30 23.40 23.30 23.30 23.00 23.10 23.10 23.30 23.20 23.20 23.20 23.20 23.10 * 0
2018-01-06 04:03:57 24.00 23.90 23.80 23.90 24.20 24.60 24.10 23.90 24.30 24.00 24.00 24.00 24.00 24.00 23.90 23.90 * 23.30 23.30 23.40 23.40 23.40 23.40 23.30 23.00 23.20 23.20 23.30 23.30 23.20 23.20 23.20 23.20 * 0
2018-01-06 04:03:57 23.70 23.70 23.60 23.70 24.10 24.50 24.00 23.70 24.30 23.90 24.00 23.90 23.80 23.90 23.80 23.80 * 23.30 23.40 23.50 23.50 23.50 23.50 23.30 23.20 23.10 23.20 23.30 23.30 23.20 23.20 23.20 23.10 * 0
2018-01-06 04:03:58 23.70 23.60 23.60 23.70 24.00 24.50 23.90 23.70 24.40 24.00 24.00 23.90 23.90 23.90 23.90 23.90 * 23.40 23.50 23.50 23.50 23.60 23.60 23.40 23.30 23.00 23.10 23.20 23.10 23.10 23.10 23.10 22.90 * 0
2018-01-06 04:03:58 23.60 23.60 23.60 23.60 23.90 24.40 23.90 23.60 24.40 24.00 24.10 24.00 23.90 24.00 23.90 23.90 * 23.40 23.40 23.40 23.40 23.50 23.50 23.30 23.20 23.10 23.10 23.30 23.20 23.10 23.10 23.10 23.00 * 0
2018-01-06 04:03:58 23.50 23.50 23.50 23.60 23.80 24.30 23.80 23.60 24.40 24.00 24.10 24.00 23.90 24.00 23.90 23.90 * 23.30 23.40 23.40 23.40 23.50 23.40 23.40 23.20 23.20 23.20 23.40 23.30 23.20 23.20 23.20 23.10 * 0
2018-01-06 04:03:58 23.60 23.50 23.50 23.60 23.80 24.40 23.80 23.60 24.40 24.00 24.10 24.00 23.90 24.00 23.80 23.90 * 23.30 23.30 23.40 23.40 23.40 23.40 23.30 23.10 23.20 23.30 23.40 23.30 23.30 23.30 23.30 23.20 * 0
2018-01-06 04:03:59 23.70 23.70 23.60 23.70 24.00 24.50 23.90 23.70 24.40 23.90 24.00 23.90 23.80 23.80 23.70 23.80 * 23.20 23.20 23.30 23.30 23.30 23.30 23.20 23.00 23.10 23.20 23.30 23.20 23.20 23.20 23.20 23.20 * 0
2018-01-06 04:03:59 23.80 23.70 23.70 23.80 24.10 24.60 24.00 23.80 24.20 23.80 24.00 23.90 23.80 23.80 23.70 23.80 * 23.20 23.20 23.30 23.30 23.30 23.30 23.20 23.10 23.00 23.10 23.20 23.20 23.10 23.10 23.10 23.10 * 0
2018-01-06 04:03:59 23.80 23.80 23.70 23.80 24.10 24.60 24.00 23.80 24.30 24.10 24.10 24.00 24.00 24.00 23.90 23.90 * 23.40 23.30 23.40 23.30 23.40 23.40 23.30 23.10 23.20 23.30 23.40 23.40 23.30 23.30 23.30 23.30 * 0
