2018-01-06 04:01:42 24.00 24.00 23.90 24.00 24.30 24.70 24.20 24.00 24.40 24.00 24.10 24.00 23.90 24.00 23.90 24.00 * 23.30 23.30 23.30 23.30 23.40 23.40 23.20 23.10 23.30 23.30 23.50 23.40 23.40 23.30 23.30 23.20 * 0
2018-01-06 04:01:43 24.00 23.90 23.90 24.00 24.20 24.70 24.20 24.00 24.40 24.10 24.10 24.10 24.00 24.10 24.00 24.00 * 23.30 23.30 23.40 23.40 23.50 23.40 23.20 23.00 23.20 23.30 23.40 23.30 23.30 23.30 23.20 23.10 * 0
2018-01-06 04:01:43 23.80 23.80 23.80 23.90 24.10 24.60 24.10 23.90 24.40 24.00 24.10 24.10 24.00 24.00 23.90 24.00 * 23.30 23.30 23.30 23.30 23.40 23.30 23.20 23.00 23.40 23.40 23.50 23.50 23.40 23.30 23.40 23.20 * 0
2018-01-06 04:01:43 23.70 23.70 23.70 23.80 24.00 24.50 24.00 23.70 24.30 24.00 24.10 24.10 23.90 23.90 23.90 24.00 * 23.40 23.40 23.50 23.50 23.60 23.50 23.40 23.10 23.40 23.40 23.60 23.50 23.40 23.40 23.50 23.30 * 0
2018-01-06 04:01:43 23.80 23.80 23.70 23.80 24.10 24.60 24.10 23.70 24.40 24.10 24.10 24.20 24.00 24.10 24.10 24.10 * 23.30 23.30 23.40 23.40 23.50 23.40 23.30 23.10 23.30 23.40 23.50 23.40 23.40 23.30 23.40 23.20 * 0
2018-01-06 04:01:44 23.70 23.70 23.70 23.70 24.00 24.50 24.00 23.70 24.20 24.00 24.00 24.00 23.90 23.90 23.90 23.90 * 23.40 23.30 23.40 23.40 23.50 23.40 23.30 23.10 23.30 23.30 23.40 23.40 23.30 23.30 23.30 23.20 * 0
2018-01-06 04:01:44 23.70 23.70 23.70 23.80 24.00 24.40 23.90 23.70 24.20 23.90 24.10 23.90 23.80 23.90 23.80 23.80 * 23.40 23.40 23.40 23.40 23.40 23.40 23.30 23.10 23.20 23.30 23.40 23.30 23.30 23.30 23.30 23.20 * 0
2018-01-06 04:01:44 23.80 23.80 23.80 23.90 24.10 24.50 24.10 23.80 24.40 24.00 24.20 24.00 23.90 24.00 23.90 23.90 * 23.20 23.20 23.30 23.30 23.40 23.30 23.20 23.00 23.20 23.20 23.40 23.30 23.30 23.20 23.20 23.10 * 0
2018-01-06 04:01:45 24.00 23.90 23.90 23.90 24.20 24.70 24.20 24.00 24.30 23.90 24.00 24.00 23.80 23.90 23.80 23.90 * 23.20 23.20 23.30 23.30 23.30 23.30 23.20 23.00 23.20 23.20 23.40 23.40 23.30 23.30 23.20 23.10 * 0
2018-01-06 04:01:45 24.00 23.90 23.90 23.90 24.20 24.70 24.20 24.00 24.40 24.00 24.10 24.00 23.90 24.00 23.80 23.90 * 23.10 23.10 23.20 23.20 23.20 23.20 23.10 22.80 23.20 23.10 23.30 23.30 23.20 23.20 23.20 23.10 * 0
2018-01-06 04:01:45 23.90 23.80 23.90 23.90 24.10 24.60 24.10 23.80 24.30 24.00 24.10 24.00 23.90 24.00 23.90 23.90 * 23.30 23.40 23.50 23.50 23.50 23.50 23.30 23.10 23.00 23.20 23.30 23.20 23.20 23.10 23.20 23.00 * 0
2018-01-06 04:01:45 23.80 23.80 23.70 23.80 24.10 24.50 24.00 23.80 24.20 23.90 24.00 23.90 23.90 23.90 23.70 23.80 * 23.40 23.40 23.40 23.50 23.50 23.50 23.30 23.10 23.20 23.40 23.50 23.40 23.40 23.30 23.40 23.30 * 0
2018-01-06 04:01:46 23.90 23.70 23.70 23.80 24.10 24.50 24.00 23.70 24.40 24.00 24.10 24.00 24.00 24.10 23.80 23.90 * 23.30 23.20 23.30 23.30 23.40 23.30 23.20 22.90 23.20 23.40 23.50 23.40 23.40 23.30 23.40 23.30 * 0
2018-01-06 04:01:46 23.80 23.70 23.70 23.70 24.00 24.50 23.90 23.70 24.30 24.00 24.00 24.00 23.90 24.00 23.80 23.90 * 23.20 23.20 23.20 23.30 23.30 23.30 23.10 22.90 23.10 23.20 23.30 23.30 23.30 23.20 23.20 23.00 * 0
2018-01-06 04:01:46 23.70 23.60 23.60 23.60 23.90 24.40 23.80 23.60 24.20 23.90 23.90 23.90 23.80 23.90 23.70 23.70 * 23.20 23.20 23.30 23.30 23.30 23.30 23.20 23.00 23.20 23.30 23.40 23.40 23.40 23.40 23.40 23.20 * 0
2018-01-06 04:01:46 23.70 23.70 23.70 23.80 24.00 24.40 23.90 23.70 24.30 24.00 24.00 24.00 23.80 23.90 23.80 23.80 * 23.10 23.10 23.10 23.20 23.20 23.20 23.10 22.80 23.20 23.20 23.30 23.30 23.30 23.30 23.30 23.10 * 0
2018-01-06 04:01:47 23.80 23.80 23.80 23.80 24.10 24.60 24.00 23.80 24.30 24.00 24.00 23.90 23.90 24.00 23.90 23.80 * 23.10 23.20 23.20 23.20 23.30 23.20 23.10 22.90 23.10 23.10 23.30 23.30 23.20 23.20 23.20 23.00 * 0
2018-01-06 04:01:47 23.90 23.90 23.90 23.90 24.20 24.70 24.10 23.90 24.30 24.00 24.00 23.90 23.90 23.90 23.90 23.80 * 23.10 23.10 23.20 23.20 23.20 23.20 23.10 22.80 23.00 23.10 23.20 23.20 23.10 23.10 23.10 23.00 * 0
2018-01-06 04:01:47 23.90 23.80 23.80 23.80 24.10 24.60 24.10 23.90 24.40 24.00 24.10 24.00 23.90 24.00 23.90 23.90 * 23.30 23.20 23.20 23.30 23.40 23.30 23.20 23.00 23.00 23.10 23.20 23.30 23.20 23.10 23.10 22.90 * 0
2018-01-06 04:01:48 23.90 23.80 23.80 23.80 24.10 24.60 24.00 23.90 24.40 24.00 24.10 24.00 23.90 23.90 23.90 24.00 * 23.30 23.30 23.30 23.30 23.40 23.40 23.30 23.10 23.20 23.30 23.40 23.40 23.40 23.30 23.30 23.10 * 0
2018-01-06 04:01:48 23.80 23.80 23.80 23.80 24.10 24.60 24.10 23.90 24.40 24.10 24.20 24.10 24.00 24.00 23.90 24.10 * 23.20 23.20 23.30 23.20 23.40 23.30 23.20 23.00 23.20 23.30 23.40 23.40 23.30 23.30 23.30 23.20 * 0
2018-01-06 04:01:48 23.70 23.70 23.60 23.70 24.00 24.40 24.00 23.70 24.30 24.00 24.20 24.00 23.90 23.90 23.80 24.00 * 23.20 23.20 23.30 23.30 23.40 23.30 23.20 23.00 23.10 23.20 23.20 23.20 23.20 23.20 23.20 23.10 * 0
2018-01-06 04:01:48 23.60 23.60 23.50 23.60 23.90 24.40 23.80 23.50 24.20 23.90 24.10 23.90 23.80 23.80 23.80 23.80 * 23.20 23.30 23.30 23.30 23.40 23.30 23.20 23.10 23.30 23.30 23.50 23.50 23.40 23.30 23.40 23.30 * 0
2018-01-06 04:01:49 23.70 23.70 23.60 23.70 24.00 24.50 23.90 23.60 24.40 24.00 24.10 23.90 23.90 24.00 23.90 23.80 * 23.20 23.20 23.20 23.30 23.30 23.30 23.10 23.00 23.30 23.30 23.50 23.50 23.40 23.30 23.40 23.20 * 0
2018-01-06 04:01:49 23.80 23.70 23.70 23.80 24.10 24.50 24.00 23.70 24.30 24.00 24.10 24.00 24.00 23.90 23.90 23.90 * 23.20 23.20 23.20 23.30 23.40 23.30 23.10 23.00 23.20 23.30 23.40 23.40 23.30 23.20 23.30 23.20 * 0
2018-01-06 04:01:49 23.80 23.70 23.70 23.80 24.10 24.50 24.00 23.70 24.30 24.00 24.00 24.00 23.90 23.90 23.80 23.90 * 23.00 23.10 23.10 23.10 23.20 23.10 23.00 22.80 23.10 23.20 23.40 23.40 23.20 23.20 23.20 23.10 * 0
2018-01-06 04:01:49 23.80 23.70 23.80 23.80 24.10 24.50 24.00 23.80 24.30 24.00 24.00 24.00 23.90 24.00 23.90 23.90 * 23.00 23.10 23.20 23.20 23.20 23.10 23.10 22.80 23.20 23.20 23.40 23.30 23.30 23.30 23.20 23.10 * 0
2018-01-06 04:01:50 23.90 23.80 23.90 23.90 24.10 24.60 24.00 23.80 24.30 23.90 23.90 23.90 23.80 23.90 23.80 23.80 * 23.30 23.20 23.20 23.30 23.30 23.40 23.20 23.00 23.20 23.30 23.50 23.40 23.30 23.30 23.20 23.10 * 0
2018-01-06 04:01:50 23.80 23.80 23.80 23.80 24.10 24.60 24.00 23.80 24.40 24.10 24.10 24.10 24.10 24.00 23.90 23.90 * 23.20 23.20 23.20 23.20 23.30 23.30 23.20 22.90 23.20 23.20 23.40 23.30 23.30 23.30 23.30 23.20 * 0
2018-01-06 04:01:50 23.70 23.60 23.70 23.70 24.00 24.50 23.90 23.70 24.30 24.00 24.10 24.00 24.00 24.00 23.80 23.80 * 23.10 23.20 23.20 23.30 23.30 23.30 23.10 22.90 23.10 23.20 23.30 23.30 23.20 23.20 23.20 23.10 * 0
2018-01-06 04:01:50 23.70 23.60 23.60 23.70 24.00 24.40 23.80 23.60 24.30 24.00 24.00 24.00 23.80 23.90 23.80 23.80 * 23.20 23.20 23.30 23.30 23.40 23.30 23.20 23.00 23.10 23.30 23.40 23.30 23.30 23.30 23.30 23.20 * 0
2018-01-06 04:01:51 23.70 23.70 23.70 23.70 24.00 24.50 23.90 23.70 24.30 24.00 24.10 24.00 23.80 23.90 23.80 23.90 * 23.20 23.20 23.20 23.20 23.30 23.20 23.10 22.90 23.20 23.30 23.40 23.40 23.20 23.30 23.20 23.20 * 0
2018-01-06 04:01:51 23.70 23.80 23.80 23.80 24.10 24.50 24.00 23.80 24.40 24.00 24.10 24.00 23.90 24.00 23.90 23.90 * 23.20 23.20 23.20 23.20 23.30 23.20 23.10 22.90 23.20 23.20 23.30 23.30 23.20 23.30 23.10 23.10 * 0
2018-01-06 04:01:51 23.80 23.80 23.80 23.90 24.10 24.60 24.10 23.80 24.30 23.90 24.00 23.90 23.80 23.90 23.90 23.80 * 23.20 23.10 23.20 23.30 23.30 23.20 23.10 22.90 23.20 23.20 23.30 23.30 23.30 23.20 23.20 23.10 * 0
2018-01-06 04:01:52 23.90 23.90 23.90 23.90 24.20 24.60 24.10 23.90 24.40 24.00 24.10 24.00 24.00 24.00 24.00 24.00 * 23.10 23.10 23.10 23.20 23.20 23.10 23.10 22.80 23.10 23.10 23.30 23.20 23.20 23.10 23.10 23.00 * 0
2018-01-06 04:01:52 24.00 23.90 24.00 24.00 24.20 24.70 24.20 23.90 24.40 24.00 24.10 24.00 24.00 24.00 23.90 24.00 * 23.20 23.20 23.20 23.30 23.30 23.30 23.10 23.00 23.10 23.20 23.30 23.30 23.20 23.20 23.20 23.00 * 0
2018-01-06 04:01:52 24.00 23.90 24.00 24.00 24.20 24.70 24.20 23.90 24.30 24.00 24.10 24.10 23.90 24.00 23.90 23.90 * 23.20 23.20 23.20 23.20 23.30 23.20 23.10 23.00 23.20 23.30 23.40 23.50 23.30 23.40 23.30 23.10 * 0
2018-01-06 04:01:52 23.90 23.80 23.80 23.80 24.10 24.60 24.10 23.80 24.40 24.10 24.20 24.10 24.00 24.10 24.00 24.00 * 23.10 23.20 23.20 23.20 23.20 23.20 23.10 22.90 23.20 23.20 23.40 23.40 23.30 23.30 23.20 23.10 * 0
2018-01-06 04:01:53 23.70 23.70 23.70 23.70 24.10 24.50 24.00 23.70 24.30 24.00 24.20 24.00 23.90 24.00 23.90 23.90 * 23.20 23.30 23.30 23.30 23.30 23.30 23.10 22.90 23.20 23.20 23.40 23.40 23.40 23.30 23.20 23.10 * 0
2018-01-06 04:01:53 23.60 23.60 23.70 23.70 24.00 24.50 23.90 23.70 24.20 23.90 24.00 24.00 23.80 23.90 23.80 23.80 * 23.30 23.30 23.30 23.30 23.40 23.40 23.20 23.00 23.30 23.40 23.50 23.50 23.50 23.40 23.50 23.30 * 0
2018-01-06 04:01:53 23.80 23.70 23.70 23.80 24.00 24.60 24.00 23.70 24.40 24.00 24.10 24.10 24.00 24.10 23.90 24.00 * 23.30 23.20 23.30 23.30 23.30 23.30 23.20 23.00 23.20 23.30 23.40 23.40 23.40 23.40 23.40 23.20 * 0
2018-01-06 04:01:53 23.80 23.70 23.70 23.80 24.10 24.60 24.00 23.80 24.10 23.80 23.90 23.90 23.80 23.80 23.80 23.80 * 23.20 23.20 23.30 23.20 23.30 23.30 23.10 23.00 23.20 23.40 23.40 23.50 23.40 23.40 23.40 23.20 * 0
2018-01-06 04:01:54 23.70 23.70 23.70 23.80 24.10 24.50 24.00 23.80 24.30 24.00 24.00 23.90 23.90 23.90 23.90 23.90 * 23.10 23.20 23.20 23.20 23.20 23.20 23.10 22.90 23.20 23.40 23.40 23.40 23.40 23.40 23.30 23.20 * 0
2018-01-06 04:01:54 23.80 23.80 23.90 23.90 24.10 24.60 24.10 23.90 24.40 24.10 24.00 24.00 23.90 24.00 23.90 24.00 * 23.10 23.20 23.20 23.20 23.20 23.20 23.10 22.90 23.20 23.40 23.40 23.40 23.40 23.30 23.30 23.10 * 0
2018-01-06 04:01:54 23.90 23.90 23.90 23.90 24.10 24.70 24.20 23.90 24.40 24.10 24.10 24.00 24.00 24.10 23.90 23.90 * 23.10 23.10 23.10 23.10 23.20 23.20 23.10 22.90 23.20 23.30 23.40 23.40 23.40 23.30 23.30 23.10 * 0
2018-01-06 04:01:54 23.90 23.90 23.80 23.90 24.20 24.70 24.20 23.90 24.30 24.00 24.00 24.00 23.90 24.00 23.80 23.90 * 23.00 23.10 23.10 23.10 23.10 23.10 23.00 22.80 23.10 23.10 23.30 23.30 23.30 23.20 23.20 23.00 * 0
2018-01-06 04:01:55 23.90 23.90 23.90 23.90 24.20 24.60 24.10 23.90 24.20 23.90 24.00 23.90 23.80 23.80 23.70 23.70 * 23.20 23.10 23.20 23.20 23.20 23.10 23.10 22.90 23.20 23.20 23.40 23.30 23.30 23.30 23.20 23.10 * 0
2018-01-06 04:01:55 23.90 23.80 23.80 23.90 24.10 24.60 24.10 23.80 24.30 24.00 24.00 24.00 23.90 23.90 23.80 23.90 * 23.20 23.20 23.30 23.20 23.30 23.20 23.10 22.90 23.30 23.30 23.50 23.40 23.30 23.40 23.30 23.20 * 0
2018-01-06 04:01:55 23.80 23.70 23.70 23.70 24.00 24.50 24.00 23.70 24.40 24.10 24.10 24.10 23.90 24.00 23.90 24.00 * 23.20 23.20 23.30 23.20 23.30 23.20 23.10 22.90 23.30 23.30 23.50 23.40 23.40 23.40 23.30 23.20 * 0
2018-01-06 04:01:56 23.60 23.60 23.50 23.70 23.90 24.50 23.90 23.60 24.40 24.00 24.00 24.00 23.90 24.00 23.80 24.00 * 23.20 23.20 23.20 23.20 23.40 23.30 23.10 23.00 23.20 23.20 23.30 23.30 23.30 23.30 23.30 23.20 * 0
2018-01-06 04:01:56 23.80 23.70 23.70 23.80 24.00 24.60 24.00 23.70 24.40 24.10 24.10 24.00 23.90 24.00 23.90 23.90 * 23.10 23.20 23.20 23.20 23.40 23.30 23.10 22.90 23.10 23.20 23.30 23.30 23.20 23.20 23.20 23.10 * 0
2018-01-06 04:01:56 24.00 23.90 23.90 23.90 24.20 24.70 24.20 24.00 24.20 24.00 24.00 23.90 23.90 23.90 23.80 23.80 * 23.10 23.20 23.20 23.20 23.30 23.20 23.10 23.00 23.30 23.30 23.40 23.50 23.30 23.30 23.20 23.10 * 0
2018-01-06 04:01:56 24.00 23.90 23.90 23.90 24.20 24.70 24.10 23.90 24.30 24.00 24.20 24.00 24.00 24.00 23.90 23.90 * 23.10 23.10 23.10 23.20 23.20 23.20 23.00 22.80 23.20 23.10 23.30 23.30 23.20 23.20 23.10 23.00 * 0
2018-01-06 04:01:57 23.90 23.80 23.80 23.80 24.10 24.60 24.00 23.80 24.20 24.00 24.00 23.90 23.80 23.90 23.70 23.80 * 23.20 23.10 23.20 23.20 23.30 23.20 23.10 22.90 23.20 23.20 23.40 23.30 23.30 23.30 23.20 23.10 * 0
2018-01-06 04:01:57 23.90 23.70 23.70 23.80 24.10 24.50 24.00 23.70 24.40 24.00 24.10 24.00 23.90 24.00 23.80 23.90 * 23.20 23.20 23.20 23.30 23.30 23.30 23.10 22.90 23.30 23.40 23.50 23.50 23.40 23.40 23.30 23.30 * 0
2018-01-06 04:01:57 23.90 23.70 23.80 23.80 24.00 24.50 24.00 23.70 24.40 24.10 24.10 24.00 23.90 24.10 23.90 23.90 * 23.20 23.20 23.20 23.20 23.30 23.20 23.10 22.90 23.30 23.40 23.50 23.50 23.40 23.40 23.30 23.30 * 0
2018-01-06 04:01:58 23.70 23.60 23.60 23.70 24.00 24.40 23.90 23.60 24.30 24.00 24.00 23.90 23.90 24.00 23.90 23.80 * 23.30 23.20 23.30 23.30 23.40 23.30 23.20 23.00 23.40 23.40 23.50 23.50 23.50 23.40 23.40 23.30 * 0
2018-01-06 04:01:58 23.70 23.60 23.60 23.70 23.90 24.40 23.90 23.70 24.40 24.10 24.10 24.10 24.00 24.10 24.00 24.10 * 23.20 23.20 23.30 23.20 23.30 23.30 23.10 23.00 23.30 23.30 23.40 23.40 23.40 23.30 23.30 23.20 * 0
2018-01-06 04:01:58 23.80 23.70 23.70 23.80 24.10 24.60 24.00 23.80 24.30 24.00 24.10 24.00 24.00 24.00 23.90 24.00 * 23.10 23.20 23.30 23.20 23.30 23.30 23.10 23.00 23.20 23.20 23.40 23.30 23.30 23.20 23.20 23.20 * 0
2018-01-06 04:01:58 23.90 23.80 23.90 23.90 24.10 24.60 24.10 23.90 24.20 24.00 24.10 24.00 23.90 23.90 23.80 23.90 * 23.10 23.20 23.30 23.20 23.30 23.30 23.10 23.00 23.20 23.30 23.30 23.30 23.30 23.20 23.20 23.10 * 0
2018-01-06 04:01:59 23.90 23.90 23.80 23.90 24.20 24.60 24.10 23.90 24.40 24.10 24.20 24.10 23.90 24.00 23.90 24.00 * 23.10 23.10 23.20 23.20 23.20 23.20 23.10 22.90 23.20 23.20 23.30 23.30 23.30 23.10 23.20 23.00 * 0
2018-01-06 04:01:59 23.80 23.80 23.80 23.90 24.10 24.60 24.10 23.80 24.30 24.00 24.00 24.00 23.80 23.90 23.80 23.80 * 23.10 23.20 23.20 23.20 23.30 23.20 23.10 23.00 23.10 23.20 23.40 23.40 23.20 23.20 23.20 23.10 * 0
2018-01-06 04:01:59 23.80 23.70 23.80 23.80 24.10 24.50 24.00 23.80 24.40 24.10 24.10 24.10 23.90 24.00 23.80 23.90 * 23.20 23.30 23.20 23.30 23.40 23.30 23.10 23.00 23.20 23.30 23.40 23.40 23.30 23.30 23.30 23.20 * 0
2018-01-06 04:01:59 23.70 23.70 23.70 23.80 24.10 24.50 24.00 23.70 24.40 24.10 24.20 24.10 23.90 24.10 23.90 24.10 * 23.20 23.30 23.30 23.30 23.40 23.30 23.20 23.00 23.40 23.40 23.50 23.50 23.40 23.40 23.40 23.30 * 0
2018-01-06 04:02:00 23.70 23.70 23.70 23.80 24.10 24.50 23.90 23.70 24.40 24.10 24.10 24.00 23.90 24.00 23.90 24.00 * 23.30 23.30 23.30 23.30 23.40 23.30 23.20 23.00 23.30 23.30 23.40 23.40 23.30 23.30 23.30 23.20 * 0
2018-01-06 04:02:00 23.80 23.80 23.70 23.80 24.10 24.50 24.00 23.70 24.50 24.10 24.10 24.10 24.00 24.10 24.00 24.10 * 23.20 23.20 23.20 23.30 23.30 23.30 23.10 23.00 23.10 23.20 23.30 23.30 23.20 23.20 23.20 23.10 * 0
2018-01-06 04:02:00 23.90 23.90 23.80 23.90 24.20 24.60 24.20 23.90 24.40 24.00 24.00 24.00 23.90 24.00 23.90 24.00 * 23.20 23.20 23.20 23.30 23.30 23.30 23.10 22.90 23.10 23.20 23.40 23.30 23.20 23.20 23.20 23.10 * 0
2018-01-06 04:02:00 23.90 23.90 23.80 23.90 24.20 24.70 24.10 23.90 24.40 23.90 24.00 24.00 23.90 24.00 23.80 23.90 * 23.20 23.20 23.20 23.20 23.40 23.30 23.10 23.00 23.20 23.20 23.40 23.40 23.30 23.30 23.30 23.20 * 0
2018-01-06 04:02:01 23.90 23.80 23.80 23.80 24.10 24.60 24.10 23.90 24.50 24.10 24.10 24.10 23.90 24.10 23.90 23.90 * 23.10 23.20 23.20 23.20 23.30 23.30 23.10 22.80 23.20 23.20 23.40 23.30 23.20 23.30 23.20 23.10 * 0
2018-01-06 04:02:01 23.80 23.70 23.80 23.80 24.10 24.50 24.00 23.80 24.30 24.00 24.10 23.90 23.80 23.90 23.70 23.80 * 23.20 23.30 23.30 23.30 23.40 23.30 23.10 22.90 23.10 23.30 23.40 23.30 23.20 23.20 23.20 23.10 * 0
2018-01-06 04:02:01 23.80 23.70 23.70 23.80 24.00 24.50 23.90 23.80 24.30 24.00 24.10 23.90 23.80 23.90 23.70 23.90 * 23.30 23.30 23.40 23.30 23.40 23.30 23.20 23.00 23.20 23.30 23.40 23.40 23.30 23.30 23.20 23.20 * 0
2018-01-06 04:02:01 23.70 23.70 23.70 23.80 24.00 24.50 23.90 23.70 24.40 24.10 24.20 24.00 24.00 24.00 23.90 24.00 * 23.30 23.20 23.30 23.30 23.30 23.30 23.10 23.00 23.30 23.40 23.50 23.50 23.40 23.40 23.40 23.30 * 0
2018-01-06 04:02:02 23.80 23.70 23.70 23.80 24.00 24.40 24.00 23.80 24.40 24.10 24.20 24.10 24.00 24.10 24.00 24.00 * 23.30 23.20 23.20 23.20 23.40 23.30 23.10 23.00 23.30 23.40 23.40 23.40 23.30 23.30 23.30 23.30 * 0
2018-01-06 04:02:02 23.70 23.70 23.70 23.70 24.00 24.40 24.00 23.70 24.30 24.00 24.10 24.00 23.90 24.00 23.90 23.90 * 23.20 23.20 23.20 23.20 23.40 23.30 23.10 23.00 23.30 23.30 23.40 23.40 23.40 23.30 23.30 23.30 * 0
2018-01-06 04:02:02 23.80 23.80 23.80 23.80 24.10 24.60 24.10 23.80 24.40 24.10 24.20 24.10 24.00 24.10 24.00 24.10 * 23.10 23.10 23.20 23.20 23.30 23.20 23.00 22.80 23.20 23.20 23.40 23.30 23.30 23.20 23.20 23.10 * 0
2018-01-06 04:02:03 23.90 23.90 23.90 24.00 24.20 24.70 24.10 23.90 24.30 24.00 24.10 24.00 23.90 24.00 23.90 24.00 * 23.20 23.20 23.20 23.20 23.30 23.20 23.10 22.80 23.20 23.20 23.40 23.30 23.30 23.20 23.20 23.10 * 0
2018-01-06 04:02:03 24.00 24.00 24.00 24.00 24.30 24.70 24.20 24.00 24.40 24.10 24.10 24.10 23.90 24.00 23.90 24.00 * 23.10 23.20 23.20 23.20 23.20 23.20 23.00 22.80 23.10 23.20 23.30 23.20 23.20 23.10 23.20 23.00 * 0
2018-01-06 04:02:03 24.00 23.90 23.90 23.90 24.20 24.70 24.10 23.90 24.30 24.00 24.00 24.00 23.90 24.00 23.80 23.90 * 23.00 23.10 23.00 23.10 23.20 23.10 23.00 22.80 23.10 23.30 23.40 23.40 23.30 23.20 23.30 23.10 * 0
2018-01-06 04:02:03 23.90 23.90 23.90 23.90 24.10 24.60 24.10 23.90 24.30 24.00 24.00 24.00 23.80 23.90 23.80 23.90 * 23.10 23.20 23.20 23.20 23.30 23.20 23.10 22.90 23.10 23.20 23.40 23.40 23.20 23.30 23.30 23.10 * 0
2018-01-06 04:02:04 23.90 23.80 23.90 23.90 24.10 24.60 24.10 23.80 24.40 24.00 24.10 24.00 24.00 23.90 23.90 24.00 * 23.20 23.20 23.20 23.30 23.30 23.30 23.10 22.90 23.20 23.30 23.50 23.40 23.30 23.30 23.30 23.10 * 0
2018-01-06 04:02:04 23.90 23.70 23.80 23.90 24.10 24.60 24.10 23.80 24.30 23.90 24.00 24.00 23.90 24.00 23.80 23.90 * 23.20 23.30 23.30 23.30 23.30 23.30 23.20 23.00 23.40 23.50 23.50 23.50 23.40 23.40 23.40 23.30 * 0
2018-01-06 04:02:04 23.70 23.60 23.70 23.70 24.00 24.50 23.90 23.70 24.30 24.00 24.00 24.00 23.90 24.00 23.90 23.90 * 23.30 23.30 23.30 23.30 23.40 23.30 23.20 23.00 23.40 23.40 23.50 23.50 23.40 23.40 23.50 23.30 * 0
2018-01-06 04:02:04 23.70 23.70 23.70 23.70 24.00 24.50 24.00 23.70 24.30 24.10 24.10 24.00 23.90 24.00 24.00 24.00 * 23.20 23.20 23.20 23.30 23.30 23.30 23.10 22.90 23.20 23.30 23.40 23.40 23.40 23.30 23.30 23.20 * 0
2018-01-06 04:02:05 23.80 23.70 23.70 23.80 24.00 24.50 24.00 23.80 24.30 24.00 24.00 24.00 23.90 24.00 23.90 23.90 * 23.20 23.20 23.30 23.30 23.30 23.30 23.20 23.00 23.20 23.30 23.40 23.40 23.40 23.30 23.30 23.20 * 0
2018-01-06 04:02:05 23.90 23.80 23.80 23.80 24.10 24.50 24.10 23.80 24.30 24.00 24.10 24.10 23.90 24.00 23.90 23.90 * 23.20 23.30 23.30 23.30 23.40 23.30 23.20 23.00 23.20 23.30 23.40 23.40 23.30 23.30 23.20 23.20 * 0
2018-01-06 04:02:05 23.90 23.80 23.80 23.90 24.10 24.60 24.10 23.90 24.30 24.00 24.10 24.00 24.00 23.90 23.90 24.00 * 23.20 23.20 23.30 23.30 23.30 23.30 23.20 23.00 23.30 23.30 23.40 23.40 23.40 23.30 23.30 23.20 * 0
2018-01-06 04:02:06 23.90 23.90 23.90 23.90 24.10 24.70 24.10 23.90 24.30 24.00 24.10 24.00 23.90 23.90 23.90 23.90 * 23.20 23.30 23.30 23.30 23.40 23.30 23.20 23.00 23.20 23.20 23.40 23.30 23.40 23.30 23.30 23.20 * 0
2018-01-06 04:02:06 24.00 23.90 23.80 23.90 24.10 24.70 24.10 24.00 24.40 24.00 24.10 24.00 23.90 24.10 23.90 24.00 * 23.20 23.30 23.30 23.30 23.50 23.40 23.30 23.10 23.10 23.10 23.30 23.30 23.20 23.20 23.20 23.20 * 0
2018-01-06 04:02:06 24.00 23.90 23.90 24.00 24.20 24.70 24.30 24.00 24.40 24.10 24.10 24.00 23.90 24.00 23.90 24.00 * 23.30 23.20 23.30 23.40 23.40 23.40 23.30 23.00 23.20 23.30 23.40 23.30 23.30 23.30 23.20 23.20 * 0
2018-01-06 04:02:06 24.00 23.90 23.80 23.90 24.20 24.70 24.20 23.90 24.30 24.00 24.10 24.10 23.90 24.00 23.90 24.00 * 23.40 23.30 23.40 23.40 23.50 23.40 23.30 23.10 23.30 23.40 23.50 23.40 23.40 23.30 23.30 23.20 * 0
2018-01-06 04:02:07 23.80 23.80 23.70 23.80 24.10 24.60 24.00 23.70 24.30 24.10 24.00 24.00 23.90 23.90 23.90 23.90 * 23.40 23.40 23.40 23.40 23.50 23.40 23.30 23.10 23.30 23.40 23.50 23.40 23.40 23.30 23.40 23.20 * 0
2018-01-06 04:02:07 23.70 23.70 23.70 23.70 24.00 24.50 23.90 23.60 24.30 24.00 24.00 23.90 23.80 23.90 23.80 23.90 * 23.40 23.40 23.50 23.50 23.50 23.40 23.30 23.20 23.40 23.50 23.50 23.50 23.40 23.40 23.50 23.30 * 0
2018-01-06 04:02:07 23.70 23.80 23.70 23.70 24.00 24.50 23.90 23.70 24.40 24.00 24.10 24.00 23.90 24.00 23.90 23.90 * 23.30 23.30 23.40 23.40 23.40 23.30 23.20 23.10 23.40 23.40 23.50 23.50 23.40 23.40 23.40 23.30 * 0
2018-01-06 04:02:07 23.90 23.80 23.80 23.90 24.10 24.60 24.10 23.80 24.30 24.00 24.00 23.90 23.90 24.00 23.80 23.90 * 23.20 23.20 23.30 23.20 23.30 23.30 23.10 23.00 23.30 23.30 23.50 23.40 23.30 23.30 23.30 23.20 * 0
2018-01-06 04:02:08 23.90 23.90 23.90 23.90 24.20 24.60 24.20 23.90 24.30 24.00 24.10 23.90 23.90 24.00 23.90 23.80 * 23.20 23.20 23.20 23.30 23.30 23.20 23.10 23.00 23.20 23.30 23.40 23.40 23.30 23.20 23.20 23.10 * 0
2018-01-06 04:02:08 24.00 23.90 23.90 23.90 24.20 24.70 24.10 23.90 24.40 24.00 24.10 24.00 24.00 24.00 24.00 23.90 * 23.20 23.20 23.20 23.30 23.30 23.30 23.20 23.00 23.20 23.30 23.40 23.40 23.30 23.20 23.20 23.10 * 0
2018-01-06 04:02:08 24.00 23.70 23.70 23.80 24.00 24.50 24.00 23.90 24.30 24.00 24.10 24.00 23.90 24.00 23.90 23.90 * 23.30 23.30 23.40 23.40 23.40 23.40 23.30 23.10 23.30 23.40 23.50 23.50 23.40 23.40 23.40 23.20 * 0
2018-01-06 04:02:09 23.80 23.70 23.60 23.80 24.00 24.50 24.00 23.70 24.40 24.10 24.20 24.10 23.90 24.00 24.00 24.00 * 23.30 23.30 23.40 23.40 23.40 23.40 23.30 23.10 23.20 23.30 23.40 23.40 23.30 23.30 23.30 23.20 * 0
2018-01-06 04:02:09 23.70 23.70 23.60 23.80 24.00 24.50 24.00 23.70 24.20 24.00 24.00 24.00 23.80 23.90 23.80 23.80 * 23.30 23.30 23.30 23.40 23.40 23.30 23.20 23.10 23.10 23.20 23.20 23.20 23.20 23.20 23.10 23.00 * 0
2018-01-06 04:02:09 23.70 23.70 23.70 23.80 24.00 24.50 24.00 23.70 24.30 23.90 24.10 24.00 23.80 24.00 23.80 23.80 * 23.30 23.30 23.30 23.40 23.40 23.40 23.20 23.10 23.20 23.20 23.30 23.30 23.30 23.20 23.10 23.00 * 0
2018-01-06 04:02:09 23.80 23.70 23.70 23.80 24.10 24.60 24.00 23.80 24.40 24.00 24.20 24.00 23.90 24.00 23.90 23.90 * 23.30 23.30 23.30 23.40 23.40 23.40 23.20 23.10 23.20 23.20 23.40 23.30 23.30 23.20 23.20 23.10 * 0
2018-01-06 04:02:10 23.90 23.90 23.80 23.90 24.10 24.60 24.10 23.80 24.30 24.00 24.10 24.00 23.90 23.90 23.80 23.90 * 23.30 23.30 23.30 23.40 23.30 23.40 23.20 23.10 23.10 23.20 23.30 23.30 23.20 23.20 23.20 23.00 * 0
2018-01-06 04:02:10 23.90 23.90 23.80 23.90 24.20 24.70 24.10 23.90 24.30 24.10 24.00 24.00 23.90 24.00 23.80 23.90 * 23.30 23.30 23.40 23.40 23.50 23.40 23.30 23.10 23.30 23.30 23.40 23.40 23.30 23.30 23.30 23.10 * 0
2018-01-06 04:02:10 23.80 23.80 23.80 23.80 24.10 24.60 24.00 23.80 24.30 24.00 24.10 24.00 24.00 24.00 23.90 23.90 * 23.40 23.40 23.40 23.40 23.50 23.40 23.20 23.10 23.20 23.30 23.40 23.40 23.30 23.20 23.20 23.10 * 0
2018-01-06 04:02:10 23.80 23.70 23.70 23.80 24.00 24.50 23.90 23.60 24.40 24.00 24.10 24.00 24.00 24.00 23.90 23.90 * 23.40 23.40 23.50 23.40 23.50 23.40 23.30 23.10 23.30 23.30 23.50 23.40 23.30 23.40 23.30 23.30 * 0
2018-01-06 04:02:11 23.60 23.60 23.60 23.70 24.00 24.50 23.90 23.60 24.30 23.90 24.00 23.90 23.90 23.90 23.80 23.90 * 23.30 23.30 23.30 23.30 23.40 23.40 23.20 23.00 23.20 23.30 23.50 23.50 23.30 23.40 23.30 23.30 * 0
2018-01-06 04:02:11 23.70 23.70 23.60 23.70 24.00 24.40 23.90 23.60 24.30 23.90 24.10 23.90 23.90 23.90 23.80 23.90 * 23.20 23.20 23.20 23.20 23.30 23.30 23.10 22.90 23.10 23.20 23.40 23.30 23.20 23.20 23.20 23.10 * 0
2018-01-06 04:02:11 23.90 23.70 23.70 23.80 24.00 24.40 24.00 23.80 24.40 23.90 24.10 24.00 23.80 23.90 23.80 23.90 * 23.30 23.20 23.30 23.30 23.40 23.40 23.20 23.00 23.10 23.20 23.30 23.30 23.20 23.20 23.10 23.10 * 0
2018-01-06 04:02:11 24.00 23.80 23.90 24.00 24.20 24.60 24.10 23.90 24.40 24.00 24.10 24.10 24.00 24.00 23.90 23.90 * 23.30 23.30 23.40 23.40 23.40 23.40 23.20 23.10 23.30 23.30 23.40 23.40 23.30 23.20 23.20 23.10 * 0
2018-01-06 04:02:12 23.80 23.70 23.70 23.80 24.10 24.50 24.00 23.70 24.40 24.00 24.10 24.00 24.00 24.00 23.90 23.90 * 23.20 23.20 23.30 23.30 23.30 23.30 23.10 23.00 23.20 23.20 23.30 23.30 23.30 23.20 23.20 23.10 * 0
2018-01-06 04:02:12 23.60 23.60 23.60 23.70 24.00 24.40 23.90 23.70 24.30 24.00 24.10 23.90 23.90 23.90 23.80 23.90 * 23.30 23.40 23.50 23.40 23.50 23.50 23.30 23.10 23.20 23.30 23.40 23.30 23.30 23.30 23.30 23.20 * 0
2018-01-06 04:02:12 23.60 23.60 23.60 23.70 24.00 24.40 23.90 23.70 24.30 24.00 24.20 24.00 24.00 24.00 23.90 24.00 * 23.40 23.40 23.50 23.40 23.50 23.50 23.30 23.10 23.20 23.30 23.40 23.40 23.30 23.30 23.30 23.20 * 0
2018-01-06 04:02:13 23.70 23.70 23.70 23.70 24.00 24.40 24.00 23.70 24.30 24.10 24.10 24.00 24.00 24.00 23.90 24.00 * 23.30 23.30 23.40 23.30 23.40 23.40 23.30 23.10 23.20 23.20 23.40 23.30 23.20 23.30 23.30 23.20 * 0
2018-01-06 04:02:13 23.70 23.60 23.60 23.70 24.00 24.40 23.90 23.60 24.30 24.00 24.00 24.00 23.90 24.00 23.80 23.90 * 23.30 23.30 23.40 23.40 23.40 23.40 23.30 23.10 23.20 23.30 23.40 23.50 23.40 23.30 23.30 23.30 * 0
2018-01-06 04:02:13 23.80 23.70 23.70 23.80 24.00 24.50 24.00 23.70 24.30 24.00 24.10 24.00 23.90 24.00 23.80 23.90 * 23.20 23.20 23.20 23.30 23.30 23.20 23.10 22.90 23.10 23.20 23.40 23.40 23.30 23.20 23.20 23.20 * 0
2018-01-06 04:02:13 23.80 23.80 23.80 23.80 24.10 24.50 24.00 23.80 24.30 24.00 24.10 24.00 23.90 24.00 23.80 23.80 * 23.20 23.20 23.20 23.30 23.30 23.30 23.20 23.00 23.10 23.20 23.30 23.30 23.20 23.20 23.10 23.10 * 0
2018-01-06 04:02:14 24.00 23.90 24.00 23.90 24.20 24.60 24.10 24.00 24.30 24.00 24.10 24.10 24.00 23.90 23.80 23.90 * 23.20 23.30 23.30 23.40 23.40 23.30 23.20 23.10 23.20 23.20 23.40 23.30 23.30 23.30 23.20 23.10 * 0
2018-01-06 04:02:14 24.00 23.90 23.90 23.90 24.20 24.60 24.20 24.00 24.30 24.00 24.10 24.10 23.90 23.90 23.80 23.90 * 23.10 23.20 23.20 23.30 23.40 23.30 23.10 23.00 23.10 23.10 23.20 23.20 23.20 23.20 23.10 23.00 * 0
2018-01-06 04:02:14 23.90 23.90 23.90 23.90 24.20 24.70 24.10 23.90 24.40 24.00 24.10 24.00 23.90 23.90 23.80 24.00 * 23.20 23.20 23.20 23.20 23.40 23.30 23.20 23.00 23.10 23.10 23.30 23.20 23.10 23.20 23.10 23.00 * 0
2018-01-06 04:02:14 23.90 24.00 23.90 23.90 24.20 24.70 24.20 24.00 24.40 24.10 24.10 24.10 24.00 24.00 23.90 24.00 * 23.30 23.30 23.30 23.30 23.30 23.40 23.20 23.00 23.10 23.20 23.30 23.30 23.20 23.20 23.20 23.10 * 0
2018-01-06 04:02:15 23.90 23.90 23.90 24.00 24.20 24.60 24.10 24.00 24.30 24.00 24.10 24.00 24.00 24.00 23.90 23.90 * 23.30 23.30 23.30 23.40 23.40 23.40 23.20 23.00 23.00 23.20 23.30 23.30 23.20 23.20 23.20 23.10 * 0
2018-01-06 04:02:15 23.70 23.70 23.70 23.80 24.10 24.50 24.00 23.80 24.30 23.90 24.00 23.90 23.90 24.00 23.80 23.80 * 23.30 23.30 23.30 23.40 23.50 23.40 23.30 23.10 23.10 23.10 23.30 23.20 23.10 23.10 23.10 23.00 * 0
2018-01-06 04:02:15 23.70 23.60 23.60 23.70 24.00 24.40 23.90 23.60 24.30 24.00 24.10 24.00 24.00 24.00 23.80 23.90 * 23.40 23.40 23.30 23.40 23.50 23.40 23.30 23.10 23.10 23.20 23.40 23.30 23.30 23.30 23.30 23.10 * 0
2018-01-06 04:02:15 23.70 23.70 23.70 23.70 24.00 24.50 23.90 23.70 24.30 24.10 24.00 24.00 23.90 23.90 23.90 23.80 * 23.30 23.30 23.20 23.30 23.40 23.30 23.20 23.00 23.10 23.20 23.40 23.40 23.30 23.30 23.30 23.10 * 0
2018-01-06 04:02:16 23.80 23.80 23.80 23.80 24.10 24.50 24.00 23.70 24.40 24.10 24.10 24.00 23.90 24.00 23.90 23.90 * 23.20 23.20 23.20 23.20 23.30 23.20 23.10 22.90 23.20 23.30 23.50 23.40 23.30 23.20 23.20 23.10 * 0
2018-01-06 04:02:16 23.90 23.80 23.80 23.80 24.10 24.60 24.10 23.80 24.40 24.00 24.10 24.00 23.90 24.00 23.90 23.90 * 23.00 23.10 23.10 23.10 23.20 23.10 22.90 22.80 23.20 23.20 23.40 23.30 23.20 23.20 23.20 23.10 * 0
2018-01-06 04:02:16 23.90 23.90 23.80 23.80 24.20 24.60 24.10 23.90 24.30 24.00 24.00 24.00 23.90 24.00 23.90 23.90 * 23.00 23.10 23.10 23.10 23.20 23.10 23.00 22.80 23.10 23.10 23.30 23.20 23.10 23.10 23.10 23.10 * 0
2018-01-06 04:02:17 24.00 24.00 23.90 24.00 24.20 24.70 24.20 24.00 24.40 24.00 24.10 24.10 24.00 24.00 23.80 24.10 * 23.30 23.20 23.30 23.30 23.30 23.30 23.20 22.90 23.10 23.20 23.30 23.20 23.20 23.20 23.30 23.00 * 0
