2018-01-06 04:02:17 23.90 23.90 23.90 23.90 24.20 24.70 24.10 23.90 24.30 24.00 24.00 24.10 23.90 24.00 23.80 24.00 * 23.30 23.30 23.30 23.30 23.30 23.30 23.10 23.00 23.10 23.20 23.30 23.30 23.20 23.20 23.20 23.00 * 0
2018-01-06 04:02:17 23.80 23.70 23.70 23.80 24.10 24.60 24.00 23.80 24.30 24.00 24.00 24.10 23.90 24.00 23.90 23.90 * 23.20 23.20 23.10 23.10 23.20 23.10 23.00 22.90 23.10 23.20 23.40 23.40 23.20 23.20 23.20 23.10 * 0
2018-01-06 04:02:17 23.80 23.70 23.80 23.80 24.10 24.50 24.00 23.70 24.30 24.00 24.00 24.00 24.00 24.00 23.90 23.80 * 23.10 23.10 23.10 23.10 23.20 23.10 23.00 22.90 23.30 23.30 23.40 23.40 23.40 23.30 23.30 23.20 * 0
2018-01-06 04:02:18 23.90 23.70 23.70 23.80 24.00 24.50 24.00 23.70 24.40 24.00 24.00 24.00 24.00 24.00 23.90 23.90 * 23.20 23.20 23.30 23.30 23.30 23.20 23.10 23.00 23.30 23.30 23.40 23.40 23.40 23.30 23.40 23.30 * 0
2018-01-06 04:02:18 23.90 23.70 23.70 23.80 24.00 24.50 24.00 23.80 24.40 24.10 24.10 24.00 24.00 24.00 23.90 24.00 * 23.20 23.20 23.20 23.20 23.20 23.20 23.10 22.90 23.40 23.40 23.60 23.50 23.50 23.40 23.40 23.30 * 0
2018-01-06 04:02:18 23.90 23.70 23.80 23.90 24.10 24.50 24.10 23.80 24.40 24.00 24.10 24.00 23.90 24.00 23.80 23.90 * 23.10 23.10 23.10 23.20 23.10 23.10 23.00 22.80 23.20 23.20 23.40 23.30 23.30 23.30 23.20 23.20 * 0
2018-01-06 04:02:18 23.90 23.80 23.80 23.90 24.10 24.60 24.10 23.90 24.40 24.00 24.10 24.10 23.90 24.00 23.80 23.90 * 23.20 23.20 23.20 23.30 23.30 23.20 23.10 22.90 23.20 23.30 23.40 23.30 23.30 23.20 23.20 23.10 * 0
2018-01-06 04:02:19 24.00 23.90 23.90 23.90 24.20 24.70 24.20 23.90 24.40 24.00 24.10 24.00 23.90 24.10 24.00 24.00 * 23.30 23.30 23.30 23.30 23.40 23.30 23.20 23.00 23.30 23.30 23.40 23.40 23.40 23.30 23.40 23.30 * 0
2018-01-06 04:02:19 24.00 23.90 23.90 23.90 24.20 24.60 24.20 23.90 24.30 24.00 24.10 24.00 23.90 24.00 23.90 23.90 * 23.30 23.30 23.30 23.40 23.40 23.30 23.20 23.10 23.30 23.30 23.40 23.40 23.40 23.30 23.40 23.30 * 0
2018-01-06 04:02:19 23.90 23.80 23.80 23.80 24.20 24.60 24.10 23.90 24.30 24.00 24.10 24.00 23.90 23.90 23.90 23.80 * 23.30 23.30 23.30 23.30 23.40 23.30 23.10 23.10 23.20 23.20 23.40 23.40 23.30 23.30 23.30 23.20 * 0
2018-01-06 04:02:20 23.90 23.80 23.80 23.80 24.10 24.60 24.00 23.90 24.40 24.10 24.10 24.10 24.00 24.00 23.90 23.90 * 23.20 23.20 23.20 23.20 23.30 23.30 23.10 23.00 23.30 23.40 23.50 23.40 23.40 23.40 23.30 23.20 * 0
2018-01-06 04:02:20 23.90 23.80 23.80 23.80 24.00 24.50 24.00 23.80 24.30 24.00 24.10 24.10 23.90 24.00 23.80 24.00 * 23.10 23.10 23.10 23.20 23.20 23.20 23.10 22.90 23.30 23.30 23.40 23.40 23.40 23.30 23.30 23.20 * 0
2018-01-06 04:02:20 23.90 23.80 23.80 23.80 24.10 24.50 24.10 23.80 24.30 24.10 24.20 24.10 23.90 24.00 23.90 24.00 * 23.30 23.30 23.30 23.30 23.40 23.30 23.20 23.00 23.30 23.30 23.40 23.40 23.40 23.30 23.30 23.20 * 0
2018-01-06 04:02:20 23.90 23.70 23.80 23.80 24.20 24.60 24.10 23.80 24.30 24.10 24.20 24.00 23.90 24.00 23.80 24.00 * 23.10 23.20 23.20 23.20 23.30 23.20 23.10 22.90 23.30 23.30 23.40 23.30 23.40 23.30 23.30 23.10 * 0
2018-01-06 04:02:21 23.80 23.70 23.70 23.80 24.10 24.60 24.00 23.70 24.40 24.10 24.10 24.00 24.00 24.00 23.90 24.00 * 23.10 23.20 23.20 23.20 23.30 23.20 23.10 22.90 23.20 23.20 23.40 23.30 23.30 23.30 23.30 23.10 * 0
2018-01-06 04:02:21 23.90 23.80 23.80 23.80 24.10 24.60 24.10 23.80 24.40 24.00 24.10 24.10 23.90 24.00 23.90 23.90 * 23.20 23.20 23.20 23.20 23.30 23.30 23.10 22.90 23.20 23.30 23.40 23.30 23.30 23.30 23.30 23.20 * 0
2018-01-06 04:02:21 23.80 23.80 23.70 23.80 24.10 24.60 24.00 23.80 24.40 24.00 24.10 24.10 24.00 24.00 23.90 24.00 * 23.20 23.20 23.20 23.20 23.40 23.30 23.10 23.00 23.10 23.20 23.30 23.30 23.20 23.20 23.20 23.10 * 0
2018-01-06 04:02:21 23.80 23.70 23.60 23.80 24.10 24.50 24.00 23.70 24.30 24.00 24.20 24.10 24.00 24.00 23.90 23.90 * 23.20 23.20 23.20 23.20 23.30 23.20 23.10 22.90 23.00 23.10 23.20 23.20 23.10 23.10 23.10 22.90 * 0
2018-01-06 04:02:22 23.80 23.70 23.70 23.80 24.10 24.50 24.00 23.70 24.30 24.00 24.10 24.00 23.90 23.90 23.80 23.80 * 23.10 23.10 23.20 23.20 23.30 23.20 23.10 22.80 23.00 23.10 23.20 23.20 23.10 23.10 23.10 22.90 * 0
2018-01-06 04:02:22 23.90 23.80 23.80 23.90 24.10 24.60 24.10 23.80 24.30 24.00 24.00 23.90 23.90 23.90 23.90 23.80 * 23.10 23.10 23.20 23.20 23.30 23.20 23.10 22.90 23.10 23.10 23.30 23.30 23.20 23.10 23.10 23.00 * 0
2018-01-06 04:02:22 23.90 23.80 23.80 23.90 24.10 24.60 24.00 23.80 24.40 24.10 24.00 24.00 24.00 24.00 24.00 23.90 * 23.10 23.10 23.20 23.20 23.30 23.20 23.10 22.90 23.10 23.10 23.30 23.30 23.20 23.10 23.10 23.00 * 0
2018-01-06 04:02:22 23.80 23.70 23.70 23.80 24.10 24.50 24.00 23.80 24.40 24.10 24.00 24.00 24.00 24.10 23.90 23.90 * 23.00 23.10 23.10 23.10 23.30 23.20 23.10 22.80 23.20 23.30 23.30 23.30 23.20 23.20 23.20 23.10 * 0
2018-01-06 04:02:23 23.80 23.70 23.70 23.80 24.00 24.50 24.00 23.70 24.40 24.00 24.10 24.10 24.00 24.10 24.00 24.00 * 23.30 23.20 23.30 23.30 23.40 23.30 23.20 23.00 23.30 23.30 23.40 23.40 23.30 23.30 23.30 23.20 * 0
2018-01-06 04:02:23 23.70 23.60 23.70 23.70 24.00 24.50 23.90 23.70 24.30 24.00 24.10 24.00 23.90 24.00 23.90 23.90 * 23.50 23.40 23.50 23.40 23.50 23.40 23.30 23.20 23.30 23.30 23.50 23.40 23.40 23.30 23.30 23.20 * 0
2018-01-06 04:02:23 23.80 23.70 23.70 23.70 24.00 24.50 23.90 23.60 24.40 24.10 24.20 24.00 24.00 24.00 23.90 24.00 * 23.40 23.40 23.50 23.50 23.50 23.40 23.40 23.20 23.30 23.30 23.40 23.40 23.30 23.30 23.40 23.10 * 0
2018-01-06 04:02:23 23.60 23.60 23.70 23.80 24.10 24.50 23.90 23.70 24.50 24.10 24.20 24.10 24.00 24.10 24.00 24.00 * 23.40 23.40 23.50 23.50 23.50 23.40 23.30 23.10 23.20 23.20 23.40 23.40 23.20 23.30 23.30 23.10 * 0
2018-01-06 04:02:24 23.80 23.80 23.80 23.90 24.20 24.60 24.10 23.80 24.40 24.00 24.10 24.10 23.90 24.00 23.80 23.90 * 23.10 23.10 23.20 23.20 23.30 23.20 23.10 22.90 23.20 23.10 23.30 23.30 23.20 23.20 23.20 23.00 * 0
2018-01-06 04:02:24 23.90 23.90 23.90 23.90 24.20 24.70 24.20 23.90 24.30 24.00 24.20 24.10 23.90 24.00 23.80 23.90 * 23.10 23.10 23.20 23.20 23.30 23.20 23.10 22.90 23.30 23.30 23.50 23.40 23.30 23.30 23.30 23.20 * 0
2018-01-06 04:02:24 23.90 23.90 23.90 24.00 24.20 24.70 24.20 24.00 24.30 24.00 24.20 24.10 23.90 24.00 23.90 24.00 * 23.00 23.10 23.20 23.20 23.30 23.20 23.10 22.80 23.30 23.30 23.50 23.40 23.30 23.40 23.30 23.20 * 0
2018-01-06 04:02:24 23.90 23.90 23.80 23.90 24.10 24.70 24.10 23.90 24.40 24.00 24.10 24.00 23.90 24.00 23.90 24.00 * 23.00 23.10 23.20 23.10 23.30 23.20 23.10 22.90 23.20 23.20 23.40 23.30 23.20 23.30 23.20 23.10 * 0
2018-01-06 04:02:25 23.70 23.60 23.60 23.70 24.00 24.40 23.80 23.70 24.40 24.00 24.10 24.10 24.00 24.00 24.00 24.00 * 23.10 23.10 23.20 23.10 23.30 23.20 23.10 22.90 23.30 23.40 23.50 23.50 23.40 23.40 23.30 23.30 * 0
2018-01-06 04:02:25 23.70 23.60 23.70 23.70 24.00 24.50 23.90 23.70 24.40 24.00 24.10 24.10 24.10 24.00 23.90 24.10 * 23.30 23.30 23.30 23.30 23.40 23.40 23.30 23.00 23.30 23.30 23.50 23.50 23.30 23.40 23.30 23.20 * 0
2018-01-06 04:02:25 23.80 23.80 23.80 23.80 24.10 24.50 24.00 23.80 24.40 24.00 24.10 24.00 24.00 24.00 23.80 24.00 * 23.20 23.30 23.30 23.30 23.40 23.40 23.20 23.00 23.20 23.30 23.40 23.40 23.30 23.30 23.30 23.10 * 0
2018-01-06 04:02:26 23.90 23.80 23.80 23.80 24.10 24.60 24.00 23.80 24.30 24.00 24.10 24.00 23.90 24.00 23.80 23.90 * 23.10 23.20 23.20 23.30 23.30 23.30 23.10 22.90 23.20 23.30 23.40 23.30 23.30 23.20 23.20 23.10 * 0
2018-01-06 04:02:26 23.80 23.80 23.80 23.80 24.10 24.60 24.00 23.80 24.40 24.00 24.10 24.00 23.90 24.00 23.90 23.90 * 23.20 23.30 23.20 23.30 23.40 23.30 23.20 22.90 23.10 23.20 23.40 23.30 23.30 23.20 23.20 23.00 * 0
2018-01-06 04:02:26 23.90 23.90 23.80 23.90 24.10 24.70 24.20 23.90 24.50 24.10 24.00 24.00 23.90 24.00 23.90 24.00 * 23.10 23.20 23.20 23.20 23.30 23.20 23.10 22.80 23.10 23.20 23.30 23.20 23.20 23.10 23.10 23.00 * 0
2018-01-06 04:02:26 24.00 23.90 23.90 24.00 24.20 24.70 24.20 24.00 24.40 24.00 24.00 24.00 23.90 24.00 23.90 23.90 * 23.10 23.20 23.20 23.20 23.30 23.20 23.10 22.90 23.20 23.20 23.40 23.30 23.20 23.20 23.20 23.10 * 0
2018-01-06 04:02:27 23.90 23.90 23.90 23.90 24.30 24.70 24.10 23.90 24.30 23.90 23.90 23.90 23.90 24.00 23.80 23.90 * 23.10 23.20 23.20 23.30 23.30 23.30 23.20 23.00 23.20 23.30 23.40 23.30 23.30 23.30 23.30 23.20 * 0
2018-01-06 04:02:27 23.80 23.70 23.80 23.80 24.20 24.50 24.00 23.80 24.30 23.90 23.90 23.90 23.90 23.90 23.70 23.90 * 23.10 23.20 23.20 23.30 23.30 23.30 23.20 22.90 23.30 23.30 23.40 23.30 23.30 23.30 23.30 23.20 * 0
2018-01-06 04:02:27 23.70 23.60 23.60 23.70 24.00 24.50 23.90 23.60 24.30 24.00 24.20 24.00 24.00 24.00 23.90 24.10 * 23.50 23.40 23.40 23.40 23.50 23.50 23.40 23.20 23.40 23.40 23.50 23.40 23.40 23.40 23.40 23.30 * 0
2018-01-06 04:02:27 23.70 23.70 23.70 23.80 24.10 24.50 24.00 23.80 24.30 24.10 24.20 24.00 24.00 24.00 23.90 24.10 * 23.40 23.30 23.30 23.40 23.40 23.40 23.30 23.20 23.20 23.30 23.40 23.30 23.30 23.30 23.30 23.20 * 0
2018-01-06 04:02:28 23.80 23.70 23.70 23.80 24.10 24.50 24.00 23.80 24.30 24.10 24.10 24.00 23.90 23.90 23.90 23.90 * 23.20 23.20 23.20 23.20 23.40 23.30 23.20 23.00 23.00 23.10 23.30 23.20 23.20 23.10 23.10 23.00 * 0
2018-01-06 04:02:28 23.80 23.70 23.70 23.80 24.10 24.50 24.00 23.70 24.40 24.10 24.10 24.00 24.00 24.00 23.90 23.90 * 23.10 23.20 23.30 23.20 23.40 23.30 23.20 23.00 23.10 23.20 23.30 23.20 23.20 23.10 23.20 23.00 * 0
2018-01-06 04:02:28 23.90 23.70 23.80 23.80 24.10 24.50 24.10 23.90 24.30 24.00 24.10 24.10 23.80 24.00 23.90 24.00 * 23.10 23.20 23.20 23.30 23.30 23.30 23.10 23.00 23.10 23.10 23.20 23.20 23.20 23.10 23.10 23.00 * 0
2018-01-06 04:02:29 24.00 23.80 23.90 23.90 24.10 24.60 24.10 24.00 24.40 24.00 24.10 24.00 23.90 24.00 23.90 24.00 * 23.30 23.20 23.40 23.30 23.50 23.30 23.30 23.10 23.00 23.10 23.30 23.20 23.10 23.10 23.10 23.00 * 0
2018-01-06 04:02:29 24.00 23.90 23.90 24.00 24.20 24.70 24.20 24.00 24.40 24.00 24.00 24.00 23.90 24.00 23.90 23.90 * 23.30 23.20 23.30 23.30 23.40 23.30 23.20 23.10 23.00 23.00 23.30 23.20 23.10 23.10 23.10 23.00 * 0
2018-01-06 04:02:29 23.90 23.80 23.80 23.80 24.10 24.60 24.10 23.90 24.40 24.00 24.00 24.00 23.90 24.00 23.90 23.90 * 23.10 23.10 23.20 23.20 23.30 23.30 23.10 22.90 23.10 23.20 23.30 23.30 23.20 23.20 23.20 23.10 * 0
2018-01-06 04:02:29 23.90 23.90 23.80 23.90 24.20 24.60 24.10 23.90 24.50 24.00 24.10 24.10 24.00 24.10 24.00 24.00 * 23.20 23.30 23.20 23.30 23.40 23.20 23.20 23.00 23.10 23.20 23.40 23.30 23.20 23.20 23.20 23.20 * 0
2018-01-06 04:02:30 23.90 23.80 23.80 23.80 24.20 24.60 24.10 23.80 24.40 24.00 24.10 24.10 23.90 24.00 23.90 24.00 * 23.30 23.30 23.30 23.30 23.40 23.30 23.30 23.10 23.20 23.20 23.40 23.30 23.20 23.30 23.20 23.20 * 0
2018-01-06 04:02:30 23.70 23.60 23.60 23.70 24.00 24.50 23.90 23.70 24.30 24.00 24.00 24.00 23.80 23.80 23.80 23.80 * 23.30 23.30 23.30 23.30 23.40 23.30 23.20 23.00 23.20 23.30 23.40 23.40 23.30 23.30 23.20 23.20 * 0
2018-01-06 04:02:30 23.60 23.50 23.60 23.60 23.90 24.30 23.80 23.50 24.40 24.10 24.10 24.00 23.90 24.00 23.90 24.00 * 23.40 23.40 23.50 23.40 23.40 23.40 23.30 23.20 23.30 23.30 23.40 23.40 23.40 23.40 23.30 23.20 * 0
2018-01-06 04:02:30 23.70 23.70 23.60 23.70 24.00 24.40 23.90 23.70 24.50 24.10 24.10 24.00 23.90 24.00 24.00 24.00 * 23.30 23.30 23.40 23.30 23.40 23.40 23.20 23.10 23.20 23.20 23.40 23.30 23.30 23.20 23.30 23.20 * 0
2018-01-06 04:02:31 23.90 23.90 23.80 23.80 24.10 24.60 24.10 23.90 24.50 24.10 24.10 23.90 23.90 24.00 23.90 23.90 * 23.10 23.20 23.20 23.20 23.30 23.20 23.10 22.90 23.20 23.20 23.40 23.30 23.30 23.30 23.30 23.20 * 0
2018-01-06 04:02:31 24.00 23.90 23.80 23.90 24.10 24.70 24.20 24.00 24.40 24.00 24.10 24.00 23.90 24.00 23.80 24.00 * 23.10 23.10 23.10 23.20 23.20 23.20 23.00 22.80 23.20 23.20 23.40 23.30 23.30 23.20 23.20 23.00 * 0
2018-01-06 04:02:31 23.90 23.80 23.80 23.90 24.10 24.60 24.10 24.00 24.30 23.90 24.00 24.00 23.90 24.00 23.80 23.90 * 23.00 23.00 23.10 23.10 23.10 23.10 22.90 22.80 23.10 23.20 23.40 23.30 23.30 23.30 23.20 23.10 * 0
2018-01-06 04:02:32 24.00 24.00 23.90 24.00 24.30 24.80 24.20 24.00 24.40 24.10 24.10 24.10 24.00 24.10 23.90 24.10 * 23.30 23.20 23.30 23.30 23.40 23.40 23.20 23.10 23.20 23.30 23.40 23.50 23.40 23.30 23.30 23.20 * 0
2018-01-06 04:02:32 23.90 23.80 23.90 23.90 24.20 24.70 24.10 23.90 24.30 24.00 24.00 24.00 23.90 24.00 23.80 23.90 * 23.20 23.20 23.20 23.30 23.30 23.30 23.10 23.00 23.20 23.30 23.40 23.40 23.30 23.20 23.30 23.20 * 0
2018-01-06 04:02:32 23.70 23.70 23.70 23.70 24.00 24.50 23.90 23.70 24.30 24.00 23.90 23.90 23.90 23.90 23.70 23.80 * 23.20 23.20 23.20 23.30 23.30 23.30 23.10 23.00 23.20 23.30 23.40 23.40 23.30 23.20 23.20 23.10 * 0
2018-01-06 04:02:32 23.60 23.60 23.50 23.60 23.90 24.30 23.70 23.50 24.50 24.10 24.10 24.00 23.90 24.00 23.90 24.00 * 23.30 23.30 23.30 23.30 23.40 23.30 23.20 23.00 23.20 23.30 23.40 23.40 23.40 23.30 23.30 23.20 * 0
2018-01-06 04:02:33 23.70 23.60 23.60 23.70 23.90 24.40 23.80 23.50 24.30 24.00 24.10 24.00 23.90 23.90 23.80 23.90 * 23.30 23.30 23.30 23.30 23.40 23.30 23.10 23.00 23.20 23.30 23.40 23.40 23.30 23.30 23.20 23.10 * 0
2018-01-06 04:02:33 23.80 23.70 23.70 23.80 24.00 24.40 23.90 23.60 24.40 23.90 24.10 24.00 23.90 24.00 23.90 23.90 * 23.30 23.20 23.20 23.30 23.40 23.30 23.10 22.90 23.20 23.30 23.40 23.30 23.30 23.20 23.20 23.10 * 0
2018-01-06 04:02:33 23.90 23.70 23.70 23.80 24.10 24.50 24.00 23.70 24.30 23.90 24.10 24.00 23.90 24.00 23.90 23.90 * 23.20 23.30 23.30 23.20 23.40 23.30 23.20 23.00 23.10 23.10 23.30 23.20 23.20 23.10 23.10 23.00 * 0
2018-01-06 04:02:33 23.90 23.80 23.80 23.80 24.10 24.60 24.10 23.80 24.40 24.10 24.10 24.10 24.00 24.00 24.00 23.90 * 23.10 23.10 23.10 23.10 23.30 23.20 23.10 22.80 22.90 23.10 23.20 23.10 23.10 23.00 23.10 22.90 * 0
2018-01-06 04:02:34 24.10 24.00 23.90 24.00 24.30 24.70 24.20 24.00 24.50 24.10 24.10 24.10 24.00 24.10 23.90 23.90 * 23.10 23.10 23.20 23.20 23.30 23.20 23.10 22.90 23.20 23.30 23.40 23.40 23.40 23.30 23.20 23.20 * 0
2018-01-06 04:02:34 24.00 24.00 23.80 24.00 24.20 24.70 24.20 24.00 24.30 24.00 24.10 24.00 23.90 24.00 23.80 23.80 * 23.20 23.20 23.20 23.30 23.30 23.30 23.10 22.90 23.10 23.30 23.40 23.30 23.30 23.20 23.20 23.10 * 0
2018-01-06 04:02:34 23.90 23.90 23.80 23.90 24.10 24.70 24.20 24.00 24.30 24.00 24.10 24.00 23.90 23.90 23.80 23.90 * 23.30 23.20 23.20 23.30 23.40 23.30 23.20 23.00 23.10 23.20 23.30 23.20 23.20 23.10 23.10 23.00 * 0
2018-01-06 04:02:34 23.80 23.80 23.80 23.90 24.10 24.60 24.10 23.90 24.40 24.10 24.10 24.10 24.00 24.00 23.90 24.00 * 23.40 23.30 23.30 23.30 23.40 23.30 23.20 23.10 23.10 23.20 23.30 23.30 23.30 23.20 23.20 23.10 * 0
2018-01-06 04:02:35 23.80 23.70 23.80 23.80 24.10 24.50 24.00 23.80 24.30 24.00 24.10 23.90 23.80 23.90 23.80 23.90 * 23.40 23.30 23.40 23.40 23.40 23.40 23.20 23.10 23.20 23.30 23.40 23.30 23.30 23.30 23.20 23.10 * 0
2018-01-06 04:02:35 23.70 23.60 23.70 23.70 24.00 24.50 23.90 23.70 24.40 24.00 24.10 24.00 23.90 24.00 23.90 24.00 * 23.40 23.50 23.40 23.50 23.50 23.50 23.30 23.10 23.20 23.30 23.40 23.30 23.30 23.30 23.30 23.10 * 0
2018-01-06 04:02:35 23.50 23.60 23.60 23.60 23.90 24.40 23.80 23.50 24.50 24.00 24.10 24.10 24.00 24.10 23.90 24.00 * 23.30 23.30 23.30 23.30 23.40 23.30 23.30 23.10 23.40 23.40 23.50 23.50 23.50 23.40 23.40 23.30 * 0
2018-01-06 04:02:36 23.60 23.60 23.60 23.70 24.00 24.40 23.90 23.60 24.20 23.90 24.00 24.00 23.90 23.90 23.80 23.90 * 23.20 23.20 23.10 23.20 23.30 23.20 23.20 22.90 23.30 23.30 23.50 23.50 23.50 23.40 23.40 23.40 * 0
2018-01-06 04:02:36 23.80 23.80 23.70 23.90 24.10 24.60 24.00 23.80 24.30 24.10 24.10 24.00 23.90 24.00 23.90 23.90 * 23.20 23.30 23.20 23.30 23.30 23.30 23.20 22.90 23.30 23.30 23.40 23.40 23.30 23.30 23.20 23.20 * 0
2018-01-06 04:02:36 23.70 23.80 23.70 23.90 24.10 24.60 24.00 23.90 24.40 24.10 24.20 24.00 23.90 24.00 23.90 23.90 * 23.20 23.20 23.30 23.30 23.30 23.30 23.20 23.00 23.20 23.20 23.30 23.30 23.20 23.20 23.10 23.10 * 0
2018-01-06 04:02:36 23.90 23.80 23.80 23.90 24.10 24.70 24.10 23.90 24.40 24.00 24.10 24.00 23.90 24.00 23.90 23.90 * 23.20 23.20 23.20 23.20 23.30 23.30 23.20 23.00 23.10 23.20 23.30 23.30 23.20 23.20 23.20 23.00 * 0
2018-01-06 04:02:37 24.00 23.90 23.90 24.00 24.20 24.70 24.20 23.90 24.40 24.00 24.00 24.00 23.90 24.00 23.90 23.90 * 23.20 23.20 23.30 23.30 23.40 23.30 23.20 23.00 23.10 23.20 23.30 23.30 23.20 23.20 23.20 23.10 * 0
2018-01-06 04:02:37 24.00 23.90 23.90 24.00 24.20 24.70 24.10 23.90 24.30 24.00 24.00 24.00 23.80 23.90 23.80 23.90 * 23.20 23.30 23.30 23.30 23.40 23.30 23.10 23.00 23.10 23.10 23.30 23.20 23.20 23.20 23.20 23.00 * 0
2018-01-06 04:02:37 23.80 23.70 23.70 23.80 24.10 24.50 23.90 23.80 24.40 24.10 24.10 24.10 23.90 24.00 23.90 24.00 * 23.30 23.30 23.30 23.30 23.40 23.30 23.20 23.10 23.30 23.40 23.50 23.50 23.40 23.40 23.40 23.30 * 0
2018-01-06 04:02:37 23.70 23.60 23.70 23.70 24.00 24.50 23.90 23.70 24.40 24.00 24.10 24.00 23.90 23.90 23.90 23.90 * 23.30 23.20 23.20 23.30 23.30 23.20 23.10 23.00 23.30 23.40 23.50 23.50 23.40 23.40 23.40 23.20 * 0
2018-01-06 04:02:38 23.70 23.60 23.60 23.70 24.00 24.50 23.90 23.70 24.30 23.90 24.00 23.90 23.80 23.90 23.80 23.80 * 23.20 23.10 23.20 23.30 23.30 23.20 23.10 23.00 23.20 23.30 23.40 23.40 23.40 23.30 23.30 23.20 * 0
2018-01-06 04:02:38 23.80 23.70 23.70 23.70 24.00 24.50 24.00 23.80 24.40 24.10 24.10 24.10 24.00 24.10 23.90 24.00 * 23.20 23.20 23.20 23.30 23.30 23.20 23.10 22.90 23.20 23.40 23.50 23.40 23.40 23.40 23.30 23.30 * 0
2018-01-06 04:02:38 23.80 23.70 23.70 23.80 24.10 24.50 24.10 23.80 24.30 24.00 24.10 24.10 23.90 24.00 23.80 23.90 * 23.10 23.20 23.10 23.10 23.20 23.20 23.10 22.80 23.10 23.20 23.30 23.20 23.20 23.20 23.20 23.10 * 0
2018-01-06 04:02:39 23.90 23.80 23.90 23.90 24.10 24.70 24.20 23.90 24.30 24.00 24.10 24.00 23.90 24.00 23.80 23.90 * 23.30 23.30 23.30 23.30 23.40 23.30 23.20 23.00 23.10 23.10 23.20 23.20 23.10 23.20 23.10 23.00 * 0
2018-01-06 04:02:39 23.90 23.90 23.90 23.90 24.10 24.70 24.20 23.90 24.30 24.10 24.10 24.00 23.90 24.00 23.80 23.90 * 23.40 23.30 23.40 23.40 23.40 23.40 23.20 23.10 23.10 23.10 23.30 23.30 23.20 23.20 23.10 23.00 * 0
2018-01-06 04:02:39 23.90 23.90 23.80 23.90 24.10 24.70 24.20 23.90 24.30 24.10 24.10 24.00 23.90 24.00 23.80 23.90 * 23.20 23.20 23.30 23.30 23.40 23.30 23.20 23.00 23.20 23.20 23.40 23.30 23.30 23.20 23.20 23.00 * 0
2018-01-06 04:02:39 23.80 23.80 23.80 23.80 24.10 24.60 24.10 23.80 24.50 24.10 24.10 24.10 24.00 24.10 24.00 24.10 * 23.20 23.20 23.30 23.30 23.40 23.30 23.20 23.00 23.10 23.20 23.40 23.30 23.20 23.20 23.10 23.00 * 0
2018-01-06 04:02:40 23.80 23.80 23.80 23.80 24.10 24.50 24.10 23.80 24.40 24.00 24.10 24.10 24.00 24.00 23.90 23.90 * 23.30 23.30 23.30 23.40 23.40 23.30 23.20 23.00 23.20 23.30 23.50 23.40 23.30 23.40 23.30 23.20 * 0
2018-01-06 04:02:40 23.80 23.80 23.80 23.80 24.10 24.50 24.00 23.80 24.30 23.90 24.10 24.00 24.00 24.00 23.90 23.90 * 23.30 23.30 23.30 23.40 23.40 23.40 23.20 23.00 23.40 23.40 23.50 23.50 23.40 23.50 23.40 23.30 * 0
2018-01-06 04:02:40 23.80 23.70 23.70 23.80 24.00 24.50 23.90 23.80 24.40 24.10 24.20 24.00 24.00 24.10 23.90 24.00 * 23.30 23.40 23.30 23.30 23.50 23.30 23.20 23.10 23.40 23.40 23.50 23.50 23.40 23.40 23.40 23.30 * 0
2018-01-06 04:02:40 23.80 23.70 23.70 23.80 24.00 24.50 23.90 23.80 24.50 24.10 24.20 24.10 24.00 24.10 24.00 24.00 * 23.20 23.20 23.20 23.20 23.30 23.20 23.10 22.90 23.40 23.40 23.50 23.50 23.40 23.50 23.30 23.30 * 0
2018-01-06 04:02:41 23.70 23.80 23.70 23.80 24.10 24.50 24.00 23.80 24.40 24.00 24.10 24.00 23.90 24.00 23.90 23.90 * 23.10 23.10 23.10 23.20 23.30 23.20 23.00 22.90 23.30 23.40 23.50 23.40 23.40 23.40 23.40 23.30 * 0
2018-01-06 04:02:41 23.70 23.80 23.80 23.80 24.10 24.50 24.00 23.80 24.30 24.00 24.00 24.00 23.90 23.90 23.80 23.80 * 23.10 23.20 23.20 23.30 23.30 23.20 23.10 22.90 23.30 23.30 23.40 23.30 23.30 23.30 23.30 23.10 * 0
2018-01-06 04:02:41 23.80 23.70 23.80 23.80 24.00 24.50 24.00 23.80 24.30 24.00 24.10 24.00 23.90 23.90 23.90 23.90 * 23.20 23.20 23.30 23.30 23.30 23.20 23.10 23.00 23.30 23.30 23.40 23.30 23.20 23.30 23.30 23.10 * 0
2018-01-06 04:02:41 23.90 23.70 23.70 23.80 24.10 24.60 24.00 23.80 24.30 24.10 24.10 24.00 23.90 24.00 23.80 24.00 * 23.30 23.20 23.30 23.30 23.40 23.30 23.20 23.00 23.20 23.30 23.40 23.30 23.30 23.30 23.20 23.10 * 0
2018-01-06 04:02:42 23.80 23.80 23.80 23.80 24.10 24.60 24.10 23.80 24.20 24.00 24.00 24.00 23.80 23.90 23.70 23.90 * 23.30 23.20 23.30 23.30 23.40 23.30 23.20 23.00 23.20 23.20 23.40 23.30 23.30 23.20 23.20 23.10 * 0
2018-01-06 04:02:42 23.80 23.80 23.80 23.90 24.10 24.60 24.00 23.80 24.20 24.00 24.00 24.00 23.90 23.90 23.80 23.90 * 23.30 23.30 23.40 23.40 23.50 23.40 23.30 23.10 23.20 23.10 23.30 23.20 23.20 23.20 23.20 23.10 * 0
2018-01-06 04:02:42 23.80 23.80 23.70 23.80 24.10 24.50 23.90 23.70 24.40 24.00 24.20 24.10 24.00 24.00 23.90 24.00 * 23.40 23.40 23.40 23.40 23.50 23.50 23.30 23.20 23.20 23.10 23.30 23.30 23.20 23.20 23.20 23.10 * 0
2018-01-06 04:02:43 23.90 23.90 23.80 23.90 24.10 24.60 24.10 23.80 24.30 24.00 24.10 24.00 24.00 24.00 23.90 23.90 * 23.30 23.30 23.30 23.30 23.40 23.30 23.20 23.10 23.30 23.30 23.40 23.30 23.30 23.30 23.30 23.10 * 0
2018-01-06 04:02:43 23.90 23.80 23.80 23.80 24.10 24.60 24.00 23.80 24.20 23.90 24.00 23.90 23.90 23.90 23.70 23.80 * 23.20 23.20 23.20 23.20 23.30 23.30 23.10 22.90 23.30 23.40 23.40 23.40 23.40 23.40 23.30 23.20 * 0
2018-01-06 04:02:43 23.80 23.80 23.70 23.80 24.10 24.50 24.00 23.80 24.30 23.90 24.10 23.90 23.90 23.90 23.80 23.80 * 23.10 23.10 23.20 23.20 23.30 23.30 23.10 22.90 23.20 23.30 23.40 23.30 23.30 23.30 23.30 23.20 * 0
2018-01-06 04:02:43 23.70 23.70 23.70 23.80 24.00 24.50 24.00 23.70 24.40 24.00 24.10 24.00 23.90 24.00 23.90 23.90 * 23.10 23.10 23.10 23.20 23.30 23.20 23.10 22.80 23.30 23.30 23.50 23.40 23.30 23.40 23.40 23.30 * 0
2018-01-06 04:02:44 23.80 23.70 23.70 23.80 24.00 24.50 24.00 23.70 24.40 24.00 24.10 24.00 24.00 24.00 23.80 23.90 * 23.10 23.10 23.10 23.20 23.30 23.20 23.10 22.80 23.30 23.30 23.50 23.50 23.30 23.40 23.40 23.30 * 0
2018-01-06 04:02:44 23.80 23.80 23.70 23.80 24.10 24.50 24.00 23.80 24.30 23.80 24.00 24.00 23.90 24.00 23.80 23.80 * 23.20 23.30 23.20 23.20 23.30 23.20 23.20 22.90 23.20 23.30 23.40 23.40 23.30 23.30 23.30 23.10 * 0
2018-01-06 04:02:44 23.80 23.70 23.70 23.80 24.10 24.50 24.00 23.70 24.40 24.00 24.00 24.00 23.90 24.00 23.90 23.90 * 23.20 23.30 23.30 23.30 23.40 23.30 23.20 23.00 23.30 23.40 23.50 23.50 23.40 23.50 23.40 23.20 * 0
2018-01-06 04:02:44 23.80 23.70 23.70 23.80 24.10 24.50 24.00 23.70 24.40 24.10 24.10 24.00 24.00 24.10 24.00 24.00 * 23.40 23.40 23.40 23.40 23.50 23.40 23.30 23.10 23.20 23.30 23.40 23.40 23.20 23.30 23.30 23.10 * 0
2018-01-06 04:02:45 23.90 23.80 23.90 23.90 24.20 24.60 24.10 23.90 24.40 24.00 24.10 24.00 23.90 24.00 23.90 23.90 * 23.40 23.30 23.30 23.40 23.50 23.40 23.30 23.10 23.20 23.20 23.40 23.30 23.20 23.20 23.20 23.10 * 0
2018-01-06 04:02:45 23.90 23.80 23.80 23.90 24.10 24.60 24.10 23.80 24.30 24.00 24.00 23.90 23.80 24.00 23.80 23.80 * 23.20 23.30 23.30 23.30 23.30 23.30 23.20 23.00 23.20 23.30 23.40 23.30 23.20 23.30 23.30 23.10 * 0
2018-01-06 04:02:45 23.80 23.80 23.80 23.80 24.10 24.50 24.00 23.70 24.40 24.00 24.00 24.00 23.90 24.00 23.90 23.90 * 23.40 23.40 23.40 23.40 23.40 23.40 23.20 23.10 23.20 23.20 23.30 23.30 23.20 23.20 23.20 23.10 * 0
2018-01-06 04:02:45 23.80 23.70 23.80 23.80 24.10 24.50 24.00 23.70 24.40 24.10 24.10 24.10 23.90 24.10 23.90 24.00 * 23.30 23.30 23.30 23.40 23.40 23.30 23.20 23.00 23.20 23.20 23.40 23.30 23.20 23.30 23.20 23.10 * 0
2018-01-06 04:02:46 23.80 23.80 23.80 23.90 24.10 24.60 24.10 23.90 24.20 23.90 24.00 24.00 23.80 23.90 23.80 23.90 * 23.20 23.20 23.20 23.20 23.30 23.20 23.10 22.90 23.20 23.20 23.40 23.30 23.20 23.20 23.20 23.10 * 0
2018-01-06 04:02:46 24.00 23.90 23.90 23.90 24.20 24.60 24.10 23.90 24.20 23.80 24.00 24.00 23.80 23.90 23.80 23.90 * 23.30 23.30 23.40 23.40 23.40 23.30 23.20 23.10 23.10 23.20 23.40 23.30 23.20 23.20 23.20 23.10 * 0
2018-01-06 04:02:46 23.80 23.70 23.80 23.80 24.10 24.50 24.00 23.70 24.30 23.90 24.10 24.00 23.90 24.00 23.90 23.90 * 23.30 23.30 23.30 23.30 23.40 23.30 23.20 23.10 23.20 23.30 23.40 23.40 23.30 23.40 23.30 23.20 * 0
2018-01-06 04:02:47 23.70 23.70 23.70 23.80 24.00 24.50 23.90 23.70 24.40 24.10 24.10 24.00 23.90 24.00 23.90 23.90 * 23.50 23.40 23.40 23.40 23.50 23.40 23.20 23.10 23.20 23.30 23.40 23.40 23.30 23.30 23.30 23.20 * 0
2018-01-06 04:02:47 23.90 23.80 23.90 23.90 24.10 24.70 24.10 23.90 24.50 24.00 24.10 24.00 24.00 24.10 23.90 24.00 * 23.40 23.30 23.30 23.30 23.40 23.30 23.20 23.00 23.10 23.20 23.20 23.20 23.20 23.10 23.20 23.10 * 0
2018-01-06 04:02:47 23.90 23.80 23.90 23.90 24.20 24.70 24.10 23.90 24.40 24.00 24.10 24.00 23.90 24.10 23.80 23.90 * 23.20 23.20 23.20 23.20 23.30 23.30 23.10 22.90 23.30 23.30 23.40 23.40 23.40 23.30 23.30 23.20 * 0
2018-01-06 04:02:47 23.80 23.80 23.90 23.90 24.10 24.60 24.10 23.90 24.30 23.90 24.00 23.90 23.80 24.00 23.80 23.90 * 23.30 23.30 23.40 23.40 23.40 23.40 23.20 23.00 23.30 23.30 23.50 23.40 23.30 23.30 23.30 23.20 * 0
2018-01-06 04:02:48 23.80 23.70 23.70 23.80 24.10 24.50 24.00 23.80 24.20 23.90 24.00 23.90 23.80 24.00 23.80 23.90 * 23.20 23.20 23.30 23.30 23.30 23.30 23.20 22.90 23.30 23.30 23.40 23.40 23.30 23.30 23.30 23.20 * 0
2018-01-06 04:02:48 23.80 23.70 23.70 23.70 24.10 24.50 24.10 23.70 24.40 24.10 24.20 24.00 23.90 24.10 24.00 24.00 * 23.10 23.20 23.20 23.20 23.30 23.20 23.20 22.90 23.30 23.40 23.50 23.40 23.40 23.30 23.30 23.30 * 0
2018-01-06 04:02:48 23.70 23.60 23.60 23.70 24.10 24.50 23.90 23.70 24.20 23.90 24.00 23.90 23.90 23.90 23.80 23.80 * 23.40 23.40 23.40 23.40 23.50 23.50 23.30 23.10 23.30 23.30 23.40 23.30 23.30 23.30 23.30 23.20 * 0
2018-01-06 04:02:48 23.70 23.70 23.70 23.70 24.10 24.50 24.00 23.70 24.20 23.90 24.00 23.90 23.90 24.00 23.90 23.90 * 23.40 23.40 23.50 23.40 23.50 23.50 23.40 23.10 23.20 23.20 23.40 23.30 23.30 23.20 23.20 23.10 * 0
2018-01-06 04:02:49 23.80 23.70 23.70 23.70 24.00 24.50 24.00 23.70 24.30 24.00 24.10 24.00 23.90 24.00 23.90 24.00 * 23.40 23.40 23.50 23.50 23.50 23.50 23.40 23.20 23.20 23.30 23.40 23.40 23.30 23.30 23.20 23.20 * 0
2018-01-06 04:02:49 23.80 23.70 23.70 23.70 24.00 24.50 24.00 23.80 24.40 24.10 24.10 24.10 23.90 24.10 23.90 24.00 * 23.50 23.40 23.50 23.50 23.50 23.50 23.40 23.20 23.10 23.30 23.30 23.30 23.20 23.20 23.20 23.10 * 0
2018-01-06 04:02:49 23.90 23.80 23.80 23.90 24.10 24.60 24.10 23.80 24.30 24.00 24.10 24.00 23.90 24.10 23.90 23.90 * 23.40 23.40 23.40 23.40 23.50 23.40 23.30 23.10 23.10 23.20 23.40 23.30 23.20 23.20 23.30 23.20 * 0
2018-01-06 04:02:50 23.90 23.90 23.90 23.90 24.20 24.60 24.10 23.90 24.30 24.00 24.00 24.00 23.90 24.00 23.90 23.80 * 23.20 23.30 23.30 23.30 23.40 23.30 23.20 23.00 23.20 23.30 23.40 23.40 23.30 23.20 23.30 23.20 * 0
2018-01-06 04:02:50 23.80 23.80 23.90 23.80 24.20 24.60 24.10 23.90 24.30 24.00 24.00 24.00 23.90 24.00 23.80 23.80 * 23.20 23.30 23.30 23.30 23.40 23.30 23.30 23.00 23.20 23.30 23.40 23.30 23.20 23.20 23.20 23.10 * 0
2018-01-06 04:02:50 23.80 23.80 23.80 23.90 24.10 24.60 24.20 23.90 24.50 24.10 24.10 24.00 24.00 24.00 24.00 24.10 * 23.20 23.30 23.30 23.30 23.40 23.30 23.20 23.00 23.30 23.30 23.40 23.40 23.40 23.30 23.30 23.20 * 0
2018-01-06 04:02:50 23.80 23.80 23.80 23.90 24.20 24.60 24.10 23.90 24.30 24.00 24.00 23.90 23.90 23.90 23.90 23.90 * 23.20 23.30 23.30 23.30 23.40 23.30 23.20 23.00 23.30 23.40 23.50 23.40 23.50 23.40 23.40 23.20 * 0
2018-01-06 04:02:51 23.80 23.80 23.80 23.90 24.20 24.60 24.10 23.80 24.20 23.80 24.00 23.90 23.80 23.80 23.80 23.80 * 23.30 23.40 23.40 23.40 23.50 23.50 23.30 23.10 23.10 23.20 23.40 23.30 23.30 23.30 23.20 23.10 * 0
2018-01-06 04:02:51 23.70 23.70 23.60 23.80 24.00 24.50 23.90 23.70 24.30 23.90 24.10 24.00 23.90 23.90 23.80 23.80 * 23.30 23.40 23.40 23.40 23.50 23.50 23.30 23.10 23.20 23.20 23.30 23.30 23.30 23.30 23.20 23.20 * 0
