2018-01-06 04:03:59 23.80 23.80 23.80 23.90 24.10 24.60 24.00 23.80 24.30 24.10 24.10 24.00 24.00 24.00 23.90 23.90 * 23.20 23.30 23.30 23.30 23.40 23.30 23.20 23.00 23.10 23.20 23.40 23.40 23.30 23.30 23.30 23.20 * 0
2018-01-06 04:04:00 23.80 23.80 23.80 23.80 24.10 24.50 24.00 23.70 24.30 23.90 24.00 24.00 23.80 23.90 23.80 23.80 * 23.30 23.40 23.40 23.40 23.50 23.40 23.30 23.10 23.00 23.10 23.30 23.20 23.20 23.20 23.20 23.10 * 0
2018-01-06 04:04:00 23.60 23.50 23.60 23.60 23.90 24.40 23.80 23.50 24.30 23.90 24.10 24.00 23.80 23.90 23.80 23.80 * 23.40 23.40 23.40 23.40 23.50 23.40 23.30 23.10 23.10 23.20 23.30 23.20 23.20 23.30 23.20 23.10 * 0
2018-01-06 04:04:00 23.70 23.60 23.60 23.70 24.00 24.40 23.90 23.70 24.30 24.00 24.10 24.00 23.90 23.90 23.80 23.80 * 23.30 23.30 23.30 23.30 23.40 23.40 23.20 23.10 23.20 23.30 23.50 23.40 23.30 23.30 23.30 23.30 * 0
2018-01-06 04:04:00 23.80 23.70 23.70 23.80 24.10 24.50 24.00 23.70 24.40 24.00 24.10 24.00 24.00 24.00 23.80 23.90 * 23.30 23.40 23.40 23.30 23.40 23.30 23.20 23.10 23.20 23.30 23.40 23.30 23.30 23.20 23.30 23.20 * 0
2018-01-06 04:04:01 23.70 23.70 23.70 23.70 24.00 24.50 23.90 23.70 24.30 24.00 24.00 24.00 23.90 24.00 23.80 23.80 * 23.20 23.20 23.30 23.30 23.30 23.30 23.10 23.00 23.20 23.20 23.40 23.30 23.30 23.20 23.30 23.20 * 0
2018-01-06 04:04:01 23.80 23.70 23.80 23.80 24.10 24.50 24.00 23.80 24.20 23.90 24.00 24.00 23.90 23.90 23.80 23.80 * 23.20 23.30 23.30 23.30 23.30 23.30 23.10 23.00 23.00 23.10 23.30 23.20 23.20 23.20 23.20 23.10 * 0
2018-01-06 04:04:01 23.70 23.70 23.70 23.80 24.00 24.50 23.90 23.70 24.40 24.00 24.00 23.90 23.90 23.90 23.80 23.90 * 23.30 23.40 23.40 23.40 23.40 23.40 23.30 23.10 23.00 23.10 23.30 23.20 23.20 23.20 23.20 23.10 * 0
2018-01-06 04:04:01 23.70 23.70 23.60 23.70 24.00 24.50 23.80 23.60 24.50 24.10 24.20 24.10 24.00 24.00 23.90 24.00 * 23.40 23.40 23.50 23.50 23.50 23.50 23.30 23.10 23.10 23.20 23.40 23.30 23.30 23.30 23.30 23.10 * 0
2018-01-06 04:04:02 23.60 23.60 23.60 23.60 23.90 24.40 23.80 23.50 24.30 24.00 24.00 24.00 23.90 24.00 24.00 23.80 * 23.40 23.40 23.40 23.40 23.40 23.40 23.30 23.10 23.10 23.30 23.40 23.30 23.20 23.30 23.20 23.10 * 0
2018-01-06 04:04:02 23.50 23.50 23.50 23.50 23.80 24.30 23.70 23.50 24.30 24.00 24.00 23.90 23.90 24.00 23.90 23.80 * 23.30 23.30 23.30 23.30 23.40 23.40 23.20 23.00 23.20 23.40 23.50 23.40 23.30 23.40 23.30 23.20 * 0
2018-01-06 04:04:02 23.60 23.60 23.60 23.60 24.00 24.40 23.80 23.60 24.30 23.90 24.10 23.90 23.90 24.00 23.80 23.90 * 23.30 23.40 23.30 23.30 23.40 23.40 23.30 23.10 23.30 23.40 23.50 23.50 23.40 23.40 23.40 23.30 * 0
2018-01-06 04:04:03 23.70 23.70 23.70 23.80 24.00 24.50 23.90 23.70 24.30 23.90 24.10 24.00 24.00 24.00 23.90 23.90 * 23.30 23.40 23.30 23.30 23.40 23.40 23.30 23.10 23.30 23.40 23.40 23.40 23.40 23.30 23.40 23.30 * 0
2018-01-06 04:04:03 23.80 23.70 23.70 23.90 24.10 24.50 24.00 23.70 24.30 24.00 24.10 24.00 24.00 24.10 23.90 24.00 * 23.20 23.30 23.30 23.30 23.40 23.30 23.20 23.00 23.20 23.20 23.40 23.30 23.20 23.20 23.30 23.10 * 0
2018-01-06 04:04:03 23.80 23.80 23.80 23.90 24.10 24.50 24.10 23.80 24.20 23.90 24.00 23.90 23.80 23.90 23.80 23.90 * 23.20 23.30 23.30 23.30 23.30 23.30 23.10 23.00 23.10 23.20 23.40 23.40 23.20 23.30 23.30 23.10 * 0
2018-01-06 04:04:03 23.70 23.80 23.70 23.80 24.00 24.50 24.00 23.70 24.30 24.00 24.10 23.90 23.90 24.00 23.80 23.90 * 23.30 23.30 23.40 23.40 23.50 23.40 23.30 23.10 23.20 23.30 23.40 23.40 23.30 23.30 23.40 23.20 * 0
2018-01-06 04:04:04 23.80 23.80 23.80 23.80 24.10 24.60 24.10 23.70 24.40 24.10 24.10 24.00 24.00 24.10 23.90 23.90 * 23.30 23.30 23.30 23.30 23.40 23.30 23.20 23.10 23.20 23.30 23.50 23.50 23.40 23.30 23.40 23.20 * 0
2018-01-06 04:04:04 23.70 23.70 23.70 23.70 24.10 24.50 23.90 23.70 24.20 23.90 24.00 23.90 23.90 24.00 23.80 24.00 * 23.20 23.30 23.30 23.30 23.30 23.20 23.20 23.00 23.30 23.30 23.50 23.40 23.30 23.30 23.40 23.20 * 0
2018-01-06 04:04:04 23.70 23.70 23.70 23.70 24.10 24.50 23.90 23.70 24.20 23.90 24.00 23.90 23.80 23.80 23.70 23.80 * 23.20 23.20 23.30 23.30 23.30 23.30 23.10 22.90 23.30 23.30 23.50 23.40 23.30 23.40 23.40 23.30 * 0
2018-01-06 04:04:04 23.70 23.60 23.70 23.70 24.00 24.50 23.90 23.70 24.30 24.00 24.00 24.00 23.80 23.90 23.80 23.80 * 23.20 23.20 23.30 23.30 23.30 23.20 23.10 23.00 23.40 23.40 23.60 23.50 23.40 23.40 23.50 23.40 * 0
2018-01-06 04:04:05 23.70 23.70 23.70 23.80 24.10 24.60 24.00 23.70 24.30 23.90 24.00 24.00 23.90 24.00 23.80 23.90 * 23.30 23.30 23.30 23.30 23.40 23.30 23.20 23.10 23.30 23.40 23.60 23.40 23.30 23.40 23.40 23.30 * 0
2018-01-06 04:04:05 23.70 23.70 23.70 23.80 24.00 24.50 23.90 23.60 24.30 24.00 24.00 23.90 23.90 24.00 23.80 23.90 * 23.30 23.30 23.30 23.30 23.50 23.40 23.30 23.00 23.20 23.30 23.50 23.30 23.30 23.30 23.30 23.20 * 0
2018-01-06 04:04:05 23.70 23.70 23.70 23.80 24.00 24.50 23.90 23.60 24.30 24.00 24.00 23.90 23.90 23.90 23.80 23.90 * 23.30 23.30 23.30 23.30 23.40 23.40 23.20 23.00 23.30 23.30 23.40 23.40 23.30 23.30 23.30 23.20 * 0
2018-01-06 04:04:05 23.70 23.70 23.70 23.70 24.00 24.50 23.90 23.70 24.20 24.00 24.00 23.90 23.80 23.90 23.80 23.80 * 23.40 23.30 23.40 23.40 23.40 23.50 23.30 23.10 23.30 23.30 23.40 23.40 23.30 23.30 23.30 23.20 * 0
2018-01-06 04:04:06 23.70 23.70 23.70 23.70 24.00 24.50 23.90 23.70 24.30 24.10 24.00 24.00 23.90 23.90 23.80 23.90 * 23.30 23.20 23.30 23.20 23.30 23.30 23.20 23.00 23.30 23.30 23.40 23.40 23.40 23.40 23.30 23.20 * 0
2018-01-06 04:04:06 23.70 23.70 23.70 23.70 24.00 24.50 23.90 23.70 24.40 24.10 24.10 24.00 23.90 24.00 23.80 24.00 * 23.10 23.20 23.20 23.20 23.30 23.20 23.10 22.90 23.20 23.30 23.30 23.40 23.30 23.30 23.30 23.20 * 0
2018-01-06 04:04:06 23.70 23.70 23.70 23.70 24.00 24.50 24.00 23.80 24.30 24.00 24.10 24.00 23.90 24.00 23.80 23.90 * 23.10 23.20 23.20 23.20 23.30 23.20 23.10 22.90 23.20 23.30 23.40 23.30 23.30 23.20 23.30 23.10 * 0
2018-01-06 04:04:07 23.70 23.70 23.70 23.70 24.00 24.50 24.00 23.80 24.30 24.00 24.10 24.00 23.90 24.00 23.90 23.90 * 23.30 23.40 23.40 23.40 23.50 23.40 23.20 23.10 23.20 23.20 23.30 23.30 23.30 23.20 23.30 23.10 * 0
2018-01-06 04:04:07 23.80 23.70 23.70 23.80 24.10 24.50 24.00 23.70 24.20 24.00 24.10 24.00 23.90 23.90 23.90 23.90 * 23.20 23.20 23.30 23.30 23.40 23.30 23.20 23.00 23.30 23.30 23.40 23.40 23.30 23.30 23.30 23.20 * 0
2018-01-06 04:04:07 23.70 23.60 23.70 23.70 24.00 24.50 23.90 23.70 24.30 24.00 24.00 24.00 23.80 23.80 23.80 23.80 * 23.20 23.20 23.20 23.30 23.30 23.30 23.20 23.00 23.20 23.20 23.40 23.30 23.20 23.20 23.20 23.10 * 0
2018-01-06 04:04:07 23.70 23.60 23.60 23.60 23.90 24.40 23.80 23.50 24.40 24.00 24.10 24.00 23.90 23.90 23.80 23.90 * 23.30 23.20 23.30 23.30 23.40 23.30 23.20 23.10 23.10 23.10 23.30 23.20 23.10 23.10 23.10 23.00 * 0
2018-01-06 04:04:08 23.60 23.60 23.60 23.60 23.90 24.40 23.80 23.50 24.50 24.10 24.10 24.10 24.00 24.10 23.80 24.00 * 23.30 23.30 23.40 23.30 23.40 23.40 23.20 23.20 23.10 23.20 23.30 23.30 23.20 23.20 23.20 23.10 * 0
2018-01-06 04:04:08 23.60 23.60 23.60 23.70 23.90 24.50 23.90 23.60 24.40 24.00 24.10 24.00 23.90 24.00 23.80 23.90 * 23.30 23.40 23.40 23.50 23.40 23.40 23.30 23.10 23.00 23.10 23.20 23.20 23.10 23.20 23.20 23.00 * 0
2018-01-06 04:04:08 23.80 23.90 23.90 23.80 24.10 24.60 24.00 23.80 24.30 24.00 24.00 24.00 23.90 24.00 23.80 23.90 * 23.20 23.30 23.30 23.30 23.30 23.30 23.20 22.90 23.10 23.20 23.30 23.30 23.20 23.20 23.20 23.10 * 0
2018-01-06 04:04:08 23.80 23.80 23.80 23.80 24.10 24.50 24.00 23.80 24.40 24.00 24.10 24.10 23.90 24.10 23.90 24.00 * 23.20 23.20 23.20 23.20 23.30 23.20 23.10 23.00 23.30 23.30 23.50 23.40 23.30 23.40 23.40 23.20 * 0
2018-01-06 04:04:09 23.90 23.80 23.80 23.80 24.10 24.60 24.10 23.80 24.30 24.10 24.10 24.10 23.90 24.10 24.00 24.00 * 23.30 23.30 23.30 23.30 23.40 23.30 23.20 23.10 23.20 23.20 23.40 23.30 23.30 23.30 23.30 23.10 * 0
2018-01-06 04:04:09 23.80 23.80 23.70 23.80 24.10 24.60 24.00 23.70 24.30 24.00 24.10 24.00 23.90 24.00 23.90 23.90 * 23.20 23.30 23.30 23.30 23.40 23.40 23.20 23.00 23.10 23.10 23.30 23.20 23.20 23.20 23.20 23.10 * 0
2018-01-06 04:04:09 23.70 23.70 23.70 23.70 24.00 24.50 24.00 23.70 24.20 23.90 24.10 24.00 23.90 23.90 23.80 23.90 * 23.20 23.20 23.30 23.30 23.40 23.30 23.20 23.00 22.90 23.00 23.20 23.10 23.10 23.10 23.10 22.90 * 0
2018-01-06 04:04:09 23.80 23.70 23.70 23.80 24.10 24.40 23.90 23.70 24.30 23.90 24.10 24.10 23.90 24.00 23.90 23.90 * 23.30 23.30 23.40 23.40 23.40 23.30 23.30 23.10 23.00 23.10 23.20 23.10 23.10 23.10 23.10 22.90 * 0
2018-01-06 04:04:10 23.70 23.60 23.60 23.70 24.00 24.40 23.90 23.60 24.40 24.00 24.20 24.10 24.00 24.10 23.90 24.00 * 23.30 23.30 23.30 23.30 23.50 23.40 23.30 23.00 23.20 23.20 23.50 23.40 23.30 23.30 23.30 23.20 * 0
2018-01-06 04:04:10 23.70 23.60 23.70 23.70 24.00 24.40 23.90 23.70 24.40 24.10 24.20 24.10 24.00 24.00 24.00 24.00 * 23.30 23.30 23.40 23.40 23.50 23.40 23.30 23.10 23.20 23.30 23.40 23.30 23.30 23.20 23.30 23.20 * 0
2018-01-06 04:04:10 23.70 23.70 23.60 23.70 24.00 24.40 23.90 23.70 24.40 24.00 24.10 24.00 23.90 24.00 23.90 23.90 * 23.20 23.20 23.30 23.30 23.40 23.30 23.20 23.00 23.20 23.30 23.40 23.30 23.40 23.30 23.30 23.20 * 0
2018-01-06 04:04:11 23.70 23.70 23.70 23.70 24.00 24.50 23.90 23.80 24.40 24.00 24.10 23.90 23.90 24.00 23.80 24.00 * 23.10 23.20 23.20 23.20 23.40 23.30 23.10 23.00 23.30 23.40 23.50 23.40 23.40 23.40 23.40 23.30 * 0
2018-01-06 04:04:11 23.80 23.70 23.70 23.70 24.00 24.50 24.00 23.80 24.40 24.10 24.20 24.00 23.90 24.00 23.90 24.00 * 23.20 23.30 23.30 23.40 23.40 23.30 23.10 23.00 23.20 23.30 23.40 23.30 23.30 23.30 23.30 23.20 * 0
2018-01-06 04:04:11 23.80 23.80 23.80 23.90 24.10 24.50 24.10 23.80 24.30 24.00 24.20 24.00 23.90 24.00 23.90 24.00 * 23.10 23.10 23.10 23.20 23.20 23.20 23.10 22.90 23.20 23.30 23.40 23.30 23.30 23.20 23.20 23.20 * 0
2018-01-06 04:04:11 23.80 23.80 23.80 23.80 24.10 24.50 24.00 23.80 24.30 24.00 24.00 23.90 23.90 23.90 23.90 23.90 * 23.10 23.10 23.20 23.20 23.20 23.20 23.10 23.00 23.20 23.30 23.40 23.30 23.30 23.30 23.30 23.20 * 0
2018-01-06 04:04:12 23.80 23.60 23.70 23.70 24.00 24.50 24.00 23.70 24.30 24.00 24.00 23.90 23.90 23.90 23.80 23.90 * 23.20 23.20 23.30 23.30 23.40 23.30 23.20 23.10 23.10 23.20 23.30 23.20 23.20 23.20 23.20 23.10 * 0
2018-01-06 04:04:12 23.80 23.60 23.70 23.70 24.00 24.50 23.90 23.70 24.40 24.00 24.00 24.00 23.90 24.00 23.80 23.90 * 23.40 23.30 23.30 23.40 23.50 23.40 23.30 23.20 23.10 23.10 23.30 23.20 23.20 23.20 23.20 23.10 * 0
2018-01-06 04:04:12 23.70 23.70 23.70 23.70 24.00 24.40 23.90 23.70 24.40 24.00 24.10 24.10 24.00 23.90 24.00 24.00 * 23.40 23.30 23.40 23.40 23.50 23.40 23.30 23.20 23.20 23.30 23.40 23.30 23.30 23.20 23.20 23.20 * 0
2018-01-06 04:04:12 23.70 23.60 23.60 23.60 23.90 24.40 23.90 23.70 24.40 24.00 24.10 24.00 23.90 24.00 23.90 23.90 * 23.10 23.10 23.10 23.10 23.20 23.20 23.10 23.00 23.20 23.30 23.40 23.30 23.20 23.20 23.20 23.10 * 0
2018-01-06 04:04:13 23.70 23.60 23.60 23.60 23.90 24.50 23.90 23.70 24.30 24.00 24.10 24.00 23.90 24.00 23.80 23.90 * 23.00 23.10 23.10 23.10 23.20 23.20 23.10 22.90 23.30 23.30 23.40 23.30 23.30 23.30 23.30 23.20 * 0
2018-01-06 04:04:13 23.70 23.60 23.60 23.60 24.00 24.50 23.90 23.70 24.40 24.00 24.10 24.00 23.90 24.00 23.80 24.00 * 23.20 23.10 23.10 23.10 23.30 23.30 23.10 22.90 23.30 23.40 23.40 23.50 23.40 23.40 23.40 23.30 * 0
2018-01-06 04:04:13 23.70 23.60 23.60 23.60 23.90 24.40 23.80 23.60 24.40 24.00 24.10 24.00 24.00 24.00 23.90 24.00 * 23.20 23.10 23.20 23.20 23.30 23.30 23.10 22.90 23.30 23.40 23.40 23.50 23.40 23.40 23.30 23.30 * 0
2018-01-06 04:04:13 23.70 23.60 23.60 23.70 23.90 24.40 23.80 23.60 24.30 24.00 24.00 24.00 23.80 23.90 23.80 23.90 * 23.20 23.20 23.20 23.20 23.30 23.20 23.10 23.00 23.20 23.30 23.40 23.30 23.30 23.20 23.20 23.20 * 0
2018-01-06 04:04:14 23.60 23.60 23.60 23.70 23.90 24.40 23.90 23.60 24.20 23.90 24.00 24.00 23.80 23.90 23.80 23.90 * 23.30 23.20 23.30 23.30 23.40 23.40 23.20 23.10 23.10 23.20 23.30 23.20 23.20 23.20 23.20 23.10 * 0
2018-01-06 04:04:14 23.70 23.60 23.60 23.70 24.00 24.40 23.90 23.70 24.30 23.90 24.10 24.00 23.90 23.90 23.80 23.90 * 23.30 23.20 23.40 23.30 23.40 23.40 23.20 23.20 23.10 23.10 23.30 23.30 23.20 23.20 23.20 23.10 * 0
2018-01-06 04:04:14 23.80 23.80 23.70 23.80 24.10 24.50 23.90 23.80 24.40 24.10 24.10 24.10 24.00 24.00 23.90 24.00 * 23.30 23.30 23.40 23.30 23.40 23.40 23.20 23.10 23.10 23.20 23.30 23.20 23.20 23.20 23.20 23.10 * 0
2018-01-06 04:04:15 23.70 23.70 23.70 23.80 24.00 24.50 23.90 23.70 24.40 24.00 24.10 24.00 23.90 23.90 23.90 24.00 * 23.40 23.30 23.40 23.40 23.40 23.40 23.30 23.10 23.10 23.10 23.30 23.30 23.10 23.20 23.20 23.10 * 0
2018-01-06 04:04:15 23.80 23.70 23.70 23.70 23.90 24.50 23.90 23.70 24.40 24.00 24.00 24.00 23.80 23.90 23.80 23.90 * 23.20 23.30 23.30 23.30 23.30 23.20 23.20 23.00 23.10 23.20 23.40 23.30 23.10 23.20 23.20 23.10 * 0
2018-01-06 04:04:15 23.80 23.70 23.70 23.80 24.10 24.50 24.00 23.80 24.40 24.00 24.00 24.00 23.80 23.90 23.80 24.00 * 23.20 23.30 23.30 23.30 23.30 23.20 23.20 23.00 23.20 23.30 23.40 23.40 23.30 23.30 23.20 23.20 * 0
2018-01-06 04:04:15 23.70 23.70 23.60 23.70 24.00 24.50 24.00 23.70 24.40 24.00 24.00 24.00 23.90 24.00 23.80 24.00 * 23.40 23.40 23.40 23.40 23.50 23.40 23.30 23.10 23.20 23.20 23.30 23.40 23.30 23.30 23.20 23.20 * 0
2018-01-06 04:04:16 23.70 23.60 23.60 23.70 24.00 24.50 23.90 23.70 24.30 24.00 24.00 24.00 23.90 24.00 23.80 23.90 * 23.40 23.40 23.40 23.50 23.50 23.40 23.20 23.10 23.10 23.10 23.20 23.10 23.10 23.10 23.00 23.00 * 0
2018-01-06 04:04:16 23.70 23.70 23.60 23.70 24.00 24.50 23.90 23.70 24.30 23.90 24.10 24.00 23.90 24.00 23.80 23.90 * 23.30 23.30 23.40 23.30 23.40 23.40 23.20 23.00 23.10 23.10 23.20 23.20 23.10 23.10 23.10 23.10 * 0
2018-01-06 04:04:16 23.60 23.70 23.60 23.70 24.00 24.50 23.90 23.70 24.30 23.90 24.10 23.90 23.80 24.00 23.80 23.80 * 23.30 23.30 23.40 23.30 23.40 23.40 23.20 23.00 23.00 23.10 23.20 23.20 23.20 23.10 23.10 23.00 * 0
2018-01-06 04:04:16 23.90 23.80 23.80 23.90 24.10 24.60 24.00 23.80 24.30 24.00 24.10 24.10 23.90 24.00 23.90 24.00 * 23.20 23.20 23.30 23.30 23.40 23.30 23.10 23.00 23.10 23.10 23.30 23.20 23.20 23.20 23.10 23.10 * 0
2018-01-06 04:04:17 23.70 23.70 23.70 23.70 24.10 24.50 24.00 23.70 24.30 23.90 24.00 24.00 23.90 24.00 23.80 23.90 * 23.20 23.20 23.20 23.30 23.40 23.30 23.10 23.00 23.00 23.10 23.30 23.30 23.20 23.20 23.10 23.10 * 0
2018-01-06 04:04:17 23.70 23.70 23.70 23.70 24.10 24.50 24.00 23.70 24.30 24.00 24.00 24.00 23.90 24.00 23.90 23.90 * 23.30 23.30 23.30 23.30 23.40 23.30 23.30 23.00 23.00 23.10 23.30 23.20 23.10 23.20 23.10 23.00 * 0
2018-01-06 04:04:17 23.80 23.70 23.80 23.80 24.10 24.50 24.10 23.80 24.30 24.00 24.10 24.00 23.90 24.00 23.80 23.90 * 23.30 23.30 23.30 23.30 23.40 23.40 23.20 23.00 23.10 23.20 23.30 23.20 23.20 23.30 23.20 23.10 * 0
2018-01-06 04:04:18 23.90 23.70 23.70 23.80 24.10 24.60 24.10 23.90 24.30 23.90 24.10 24.00 23.90 23.90 23.80 23.90 * 23.40 23.40 23.40 23.30 23.40 23.40 23.20 23.10 23.10 23.20 23.30 23.20 23.20 23.20 23.10 23.10 * 0
2018-01-06 04:04:18 23.80 23.70 23.70 23.80 24.10 24.60 24.00 23.80 24.30 24.00 24.00 24.00 23.90 23.90 23.90 23.90 * 23.40 23.40 23.40 23.30 23.40 23.40 23.30 23.10 23.10 23.10 23.20 23.20 23.20 23.10 23.20 23.00 * 0
2018-01-06 04:04:18 23.80 23.70 23.70 23.70 24.00 24.50 24.00 23.70 24.30 23.90 24.00 23.90 23.90 24.00 23.80 23.80 * 23.30 23.30 23.30 23.30 23.40 23.30 23.20 23.00 23.10 23.10 23.30 23.20 23.20 23.20 23.20 23.00 * 0
2018-01-06 04:04:18 23.70 23.60 23.70 23.70 24.00 24.50 23.90 23.70 24.20 23.90 24.00 24.00 23.90 24.00 23.80 23.80 * 23.40 23.40 23.40 23.40 23.50 23.40 23.30 23.10 23.20 23.20 23.40 23.30 23.30 23.30 23.30 23.20 * 0
2018-01-06 04:04:19 23.80 23.70 23.70 23.80 24.10 24.60 24.00 23.80 24.30 24.00 24.10 24.00 23.90 23.90 23.90 23.90 * 23.30 23.40 23.30 23.40 23.40 23.40 23.20 23.10 23.20 23.30 23.50 23.40 23.30 23.30 23.30 23.30 * 0
2018-01-06 04:04:19 23.80 23.70 23.70 23.80 24.10 24.60 24.00 23.80 24.20 23.90 24.00 23.90 23.80 23.80 23.80 23.80 * 23.10 23.20 23.10 23.20 23.20 23.20 23.00 22.90 23.10 23.20 23.40 23.30 23.20 23.20 23.20 23.10 * 0
2018-01-06 04:04:19 23.80 23.70 23.80 23.90 24.10 24.60 24.00 23.80 24.30 24.00 24.00 23.90 23.90 23.90 23.80 23.90 * 23.20 23.30 23.30 23.30 23.40 23.30 23.20 23.00 23.00 23.10 23.30 23.20 23.10 23.10 23.10 23.00 * 0
2018-01-06 04:04:19 23.70 23.70 23.70 23.80 24.00 24.50 23.90 23.70 24.40 24.00 24.00 23.90 23.90 24.00 23.80 23.90 * 23.30 23.30 23.40 23.40 23.40 23.30 23.30 23.10 23.10 23.20 23.40 23.30 23.20 23.10 23.20 23.10 * 0
2018-01-06 04:04:20 23.80 23.70 23.80 23.80 24.00 24.50 24.00 23.80 24.50 24.00 24.10 23.90 23.90 24.00 23.90 23.90 * 23.30 23.30 23.30 23.30 23.40 23.30 23.20 23.00 23.10 23.20 23.30 23.20 23.20 23.10 23.10 23.00 * 0
2018-01-06 04:04:20 23.70 23.70 23.70 23.80 24.00 24.50 24.00 23.80 24.30 24.00 24.00 24.00 23.90 23.90 23.90 24.00 * 23.20 23.20 23.20 23.30 23.30 23.30 23.10 23.00 23.10 23.20 23.30 23.30 23.20 23.20 23.20 23.20 * 0
2018-01-06 04:04:20 23.80 23.70 23.70 23.80 24.10 24.50 24.00 23.80 24.20 23.90 24.00 23.90 23.80 23.90 23.80 23.90 * 23.20 23.20 23.20 23.30 23.30 23.30 23.10 23.00 23.10 23.10 23.30 23.20 23.10 23.20 23.20 23.10 * 0
2018-01-06 04:04:21 23.80 23.70 23.70 23.80 24.00 24.60 23.90 23.80 24.40 24.00 24.10 23.90 23.80 24.00 23.80 23.90 * 23.20 23.20 23.30 23.30 23.40 23.30 23.20 23.10 23.20 23.20 23.30 23.30 23.20 23.30 23.30 23.20 * 0
2018-01-06 04:04:21 23.90 23.90 23.80 23.90 24.10 24.70 24.10 23.90 24.40 24.10 24.10 24.00 23.90 24.00 23.90 23.90 * 23.10 23.10 23.10 23.10 23.20 23.20 23.10 22.90 23.30 23.30 23.50 23.40 23.30 23.40 23.30 23.30 * 0
2018-01-06 04:04:21 23.90 23.80 23.70 23.80 24.10 24.60 24.00 23.80 24.30 24.00 24.10 24.00 23.90 23.90 23.80 23.80 * 23.10 23.10 23.10 23.10 23.20 23.10 23.00 22.80 23.20 23.10 23.40 23.30 23.20 23.20 23.20 23.20 * 0
2018-01-06 04:04:21 23.80 23.70 23.80 23.80 24.10 24.50 24.00 23.80 24.20 23.90 24.00 24.00 23.90 23.90 23.70 23.80 * 23.30 23.30 23.30 23.30 23.40 23.30 23.10 23.00 23.10 23.10 23.30 23.20 23.20 23.20 23.20 23.20 * 0
2018-01-06 04:04:22 23.80 23.80 23.90 23.80 24.10 24.50 24.10 23.80 24.20 23.90 24.00 24.00 23.80 23.80 23.70 23.80 * 23.40 23.40 23.50 23.40 23.50 23.40 23.30 23.10 23.10 23.10 23.30 23.20 23.20 23.20 23.20 23.20 * 0
2018-01-06 04:04:22 23.90 23.80 23.80 23.80 24.10 24.50 24.10 23.90 24.40 24.10 24.10 24.00 23.90 23.90 23.90 23.90 * 23.50 23.40 23.50 23.50 23.50 23.50 23.30 23.20 23.10 23.10 23.30 23.20 23.10 23.10 23.10 23.10 * 0
2018-01-06 04:04:22 23.80 23.70 23.70 23.80 24.00 24.50 24.00 23.80 24.20 23.90 24.00 24.00 24.00 23.90 23.80 23.90 * 23.40 23.40 23.40 23.30 23.40 23.40 23.20 23.10 23.10 23.20 23.30 23.30 23.30 23.20 23.20 23.10 * 0
2018-01-06 04:04:22 23.80 23.70 23.70 23.80 24.00 24.50 24.00 23.70 24.20 23.90 24.00 24.00 23.90 23.90 23.70 23.80 * 23.40 23.50 23.50 23.50 23.50 23.50 23.30 23.20 23.10 23.20 23.40 23.30 23.30 23.20 23.20 23.10 * 0
2018-01-06 04:04:23 23.70 23.60 23.60 23.70 24.00 24.40 23.90 23.70 24.30 24.00 24.10 24.00 23.90 24.00 23.80 23.80 * 23.50 23.50 23.50 23.50 23.60 23.60 23.50 23.30 23.10 23.20 23.30 23.20 23.20 23.10 23.20 23.10 * 0
2018-01-06 04:04:23 23.80 23.70 23.70 23.80 24.00 24.50 24.00 23.80 24.30 24.10 24.10 24.10 23.90 24.00 23.90 23.90 * 23.40 23.40 23.50 23.40 23.50 23.50 23.40 23.20 23.10 23.30 23.40 23.20 23.20 23.20 23.20 23.10 * 0
2018-01-06 04:04:23 23.80 23.70 23.70 23.80 24.10 24.50 24.00 23.70 24.30 24.00 24.00 24.00 23.90 23.90 23.80 23.80 * 23.20 23.20 23.30 23.30 23.40 23.30 23.20 23.00 23.10 23.20 23.30 23.20 23.20 23.20 23.30 23.00 * 0
2018-01-06 04:04:23 23.80 23.70 23.70 23.80 24.10 24.50 24.00 23.80 24.40 24.10 24.10 24.10 24.00 24.00 23.80 23.90 * 23.20 23.20 23.20 23.20 23.30 23.20 23.10 22.90 23.10 23.30 23.40 23.20 23.20 23.20 23.30 23.00 * 0
2018-01-06 04:04:24 23.80 23.70 23.70 23.80 24.10 24.50 24.00 23.80 24.30 24.00 24.00 24.00 23.90 23.90 23.80 23.80 * 23.10 23.20 23.20 23.20 23.30 23.20 23.10 22.90 23.20 23.30 23.40 23.40 23.20 23.30 23.30 23.10 * 0
2018-01-06 04:04:24 23.90 23.80 23.80 23.90 24.20 24.60 24.10 23.90 24.30 24.00 24.10 24.00 23.90 23.90 23.80 23.90 * 23.10 23.10 23.10 23.20 23.30 23.20 23.10 22.90 23.20 23.20 23.30 23.30 23.20 23.20 23.20 23.10 * 0
2018-01-06 04:04:24 23.90 23.70 23.80 23.90 24.10 24.60 24.00 23.80 24.30 24.00 24.10 24.00 23.90 24.00 23.90 23.90 * 23.20 23.10 23.10 23.20 23.30 23.20 23.10 22.90 23.10 23.20 23.30 23.30 23.20 23.20 23.20 23.10 * 0
2018-01-06 04:04:25 23.90 23.70 23.80 23.80 24.10 24.50 24.00 23.70 24.20 23.90 24.00 23.90 23.90 23.90 23.80 23.80 * 23.10 23.20 23.20 23.20 23.30 23.30 23.10 22.90 23.10 23.20 23.30 23.30 23.30 23.20 23.30 23.10 * 0
2018-01-06 04:04:25 24.00 23.80 23.90 23.90 24.10 24.60 24.10 23.80 24.40 24.10 24.10 24.00 23.90 24.00 23.90 23.90 * 23.20 23.30 23.30 23.30 23.30 23.30 23.20 22.90 23.10 23.20 23.30 23.20 23.20 23.10 23.20 23.00 * 0
2018-01-06 04:04:25 24.00 23.80 23.90 23.90 24.10 24.50 24.10 23.80 24.40 24.10 24.20 24.10 24.00 24.10 24.00 24.00 * 23.20 23.40 23.40 23.30 23.30 23.40 23.20 23.00 23.10 23.20 23.30 23.30 23.20 23.20 23.20 23.00 * 0
2018-01-06 04:04:25 23.80 23.70 23.70 23.80 24.00 24.50 23.90 23.70 24.20 23.90 24.00 23.90 23.80 23.90 23.80 23.80 * 23.20 23.30 23.30 23.30 23.30 23.40 23.20 23.00 23.10 23.10 23.30 23.20 23.20 23.20 23.20 23.00 * 0
2018-01-06 04:04:26 23.60 23.60 23.70 23.70 24.00 24.40 23.90 23.70 24.30 24.00 24.10 24.00 23.90 24.00 23.90 23.90 * 23.30 23.30 23.40 23.30 23.40 23.40 23.20 23.00 23.10 23.10 23.30 23.20 23.20 23.10 23.20 23.00 * 0
2018-01-06 04:04:26 23.70 23.60 23.70 23.70 24.10 24.40 23.90 23.70 24.30 24.10 24.10 24.00 23.90 24.00 23.90 23.90 * 23.30 23.30 23.30 23.40 23.40 23.40 23.20 23.10 23.20 23.20 23.50 23.30 23.30 23.20 23.30 23.10 * 0
2018-01-06 04:04:26 23.80 23.70 23.80 23.80 24.10 24.60 24.00 23.70 24.20 24.00 24.00 23.90 23.90 24.00 23.90 23.80 * 23.20 23.20 23.30 23.30 23.40 23.30 23.10 23.00 23.20 23.30 23.50 23.30 23.30 23.30 23.30 23.20 * 0
2018-01-06 04:04:26 23.80 23.70 23.80 23.80 24.10 24.60 24.00 23.70 24.30 24.00 24.00 24.00 23.90 24.00 23.80 23.80 * 23.10 23.20 23.30 23.20 23.30 23.20 23.10 22.90 23.10 23.20 23.30 23.30 23.20 23.20 23.10 23.10 * 0
2018-01-06 04:04:27 23.80 23.80 23.80 23.80 24.10 24.60 24.00 23.80 24.30 24.00 24.00 24.00 23.90 24.00 23.90 24.00 * 23.20 23.20 23.30 23.30 23.30 23.30 23.20 23.00 23.30 23.30 23.40 23.30 23.30 23.30 23.30 23.10 * 0
2018-01-06 04:04:27 23.80 23.80 23.80 23.90 24.10 24.60 24.10 23.90 24.20 24.00 24.00 24.00 23.80 23.90 23.80 23.90 * 23.10 23.20 23.20 23.20 23.20 23.20 23.10 22.80 23.10 23.20 23.30 23.30 23.20 23.20 23.20 23.00 * 0
2018-01-06 04:04:27 23.90 23.80 23.80 23.90 24.10 24.60 24.10 23.90 24.30 24.00 24.10 24.00 23.90 23.90 23.90 24.00 * 23.10 23.20 23.20 23.20 23.20 23.10 23.10 22.80 23.10 23.20 23.30 23.30 23.20 23.20 23.20 23.00 * 0
2018-01-06 04:04:27 23.90 23.90 23.80 23.90 24.20 24.60 24.10 23.80 24.40 24.10 24.10 24.00 24.00 24.00 24.00 24.10 * 23.10 23.20 23.20 23.20 23.30 23.20 23.10 22.90 23.20 23.30 23.40 23.40 23.30 23.30 23.30 23.20 * 0
2018-01-06 04:04:28 23.70 23.80 23.70 23.80 24.10 24.50 24.00 23.80 24.30 24.00 24.10 24.00 23.90 24.00 23.90 23.90 * 23.10 23.20 23.20 23.20 23.30 23.30 23.10 22.90 23.30 23.30 23.40 23.50 23.30 23.40 23.30 23.20 * 0
2018-01-06 04:04:28 23.70 23.70 23.70 23.80 24.00 24.50 23.90 23.70 24.30 24.10 24.10 24.00 24.00 24.00 24.00 23.90 * 23.10 23.10 23.20 23.20 23.30 23.20 23.10 22.90 23.20 23.30 23.40 23.30 23.30 23.30 23.30 23.20 * 0
2018-01-06 04:04:28 23.80 23.70 23.70 23.70 24.00 24.50 24.00 23.70 24.40 24.20 24.10 24.10 24.00 24.10 24.00 24.00 * 23.30 23.30 23.30 23.40 23.40 23.40 23.30 23.10 23.20 23.30 23.40 23.30 23.30 23.30 23.30 23.20 * 0
2018-01-06 04:04:29 23.70 23.70 23.70 23.70 24.00 24.50 24.00 23.80 24.30 24.00 24.00 24.00 23.90 24.00 23.90 23.90 * 23.20 23.20 23.30 23.30 23.30 23.30 23.20 23.00 23.20 23.20 23.40 23.30 23.20 23.20 23.20 23.10 * 0
2018-01-06 04:04:29 23.70 23.70 23.70 23.70 24.00 24.50 24.00 23.70 24.40 24.10 24.10 24.10 24.00 24.00 23.90 24.00 * 23.10 23.20 23.20 23.30 23.30 23.30 23.10 22.90 23.10 23.20 23.30 23.30 23.30 23.20 23.20 23.10 * 0
2018-01-06 04:04:29 23.90 23.80 23.80 23.80 24.10 24.60 24.00 23.80 24.40 24.10 24.10 24.10 24.00 24.00 23.90 24.00 * 23.20 23.20 23.20 23.20 23.20 23.20 23.10 23.00 23.10 23.20 23.30 23.30 23.30 23.20 23.20 23.10 * 0
2018-01-06 04:04:29 24.00 23.90 23.90 23.90 24.20 24.70 24.10 23.90 24.30 24.00 24.00 24.00 23.80 23.90 23.80 23.90 * 23.00 23.10 23.10 23.20 23.20 23.10 23.00 22.90 23.10 23.20 23.40 23.30 23.20 23.20 23.20 23.10 * 0
2018-01-06 04:04:30 23.90 23.90 23.80 23.90 24.10 24.60 24.10 23.90 24.30 24.10 24.10 24.00 23.90 24.00 23.90 23.90 * 23.00 23.10 23.10 23.20 23.20 23.10 23.10 22.80 23.20 23.20 23.50 23.30 23.20 23.30 23.20 23.10 * 0
2018-01-06 04:04:30 23.80 23.80 23.70 23.80 24.00 24.50 24.00 23.70 24.30 24.10 24.00 24.00 23.90 24.00 23.90 23.90 * 23.10 23.20 23.20 23.20 23.30 23.20 23.20 22.90 23.10 23.10 23.40 23.30 23.20 23.20 23.10 23.10 * 0
2018-01-06 04:04:30 23.80 23.70 23.60 23.70 24.00 24.50 23.90 23.70 24.30 23.90 24.10 24.00 23.90 24.00 23.80 23.90 * 23.20 23.20 23.20 23.20 23.30 23.20 23.20 22.90 23.00 23.10 23.30 23.20 23.20 23.10 23.10 23.10 * 0
2018-01-06 04:04:30 23.80 23.70 23.60 23.70 24.00 24.50 23.90 23.70 24.40 24.00 24.10 24.00 23.90 24.00 23.80 24.00 * 23.30 23.30 23.30 23.30 23.40 23.40 23.30 23.10 23.10 23.10 23.40 23.30 23.20 23.20 23.20 23.10 * 0
2018-01-06 04:04:31 23.80 23.70 23.70 23.70 24.00 24.50 23.90 23.70 24.30 24.00 24.10 24.00 23.80 24.00 23.80 23.90 * 23.40 23.50 23.50 23.40 23.50 23.50 23.30 23.20 23.00 23.10 23.30 23.20 23.10 23.10 23.10 23.00 * 0
2018-01-06 04:04:31 23.80 23.70 23.70 23.80 24.10 24.50 24.00 23.70 24.50 24.10 24.10 24.00 23.90 24.10 23.90 23.90 * 23.30 23.40 23.40 23.40 23.50 23.50 23.30 23.10 22.90 23.10 23.20 23.10 23.10 23.00 23.00 22.80 * 0
2018-01-06 04:04:31 23.90 23.80 23.90 23.90 24.10 24.60 24.10 23.80 24.50 24.10 24.10 24.00 24.00 24.10 23.90 23.90 * 23.30 23.40 23.30 23.40 23.40 23.40 23.20 23.10 23.10 23.20 23.30 23.20 23.20 23.10 23.10 23.00 * 0
2018-01-06 04:04:32 23.90 23.90 23.90 23.90 24.10 24.60 24.10 23.90 24.30 24.00 24.00 23.90 23.90 23.90 23.80 23.80 * 23.10 23.10 23.10 23.20 23.20 23.20 23.00 22.80 23.00 23.10 23.20 23.20 23.10 23.10 23.10 23.00 * 0
2018-01-06 04:04:32 24.00 23.90 23.90 24.00 24.20 24.70 24.10 23.90 24.30 24.00 24.10 24.00 23.90 23.90 23.90 23.90 * 23.10 23.10 23.20 23.20 23.20 23.20 23.00 22.90 22.90 23.00 23.10 23.10 23.10 23.10 23.10 22.90 * 0
2018-01-06 04:04:32 23.90 23.90 23.80 23.80 24.10 24.60 24.10 23.80 24.40 24.10 24.10 24.10 24.00 24.00 24.00 24.00 * 23.20 23.20 23.30 23.30 23.30 23.30 23.10 23.00 23.00 23.10 23.30 23.20 23.10 23.10 23.10 23.00 * 0
2018-01-06 04:04:32 23.70 23.70 23.70 23.70 24.00 24.50 23.90 23.70 24.30 24.10 24.10 24.00 23.90 24.00 23.90 23.90 * 23.30 23.30 23.30 23.30 23.40 23.30 23.10 23.00 23.10 23.20 23.40 23.20 23.20 23.20 23.20 23.10 * 0
2018-01-06 04:04:33 23.80 23.70 23.60 23.70 24.00 24.50 23.90 23.70 24.40 24.00 24.20 24.10 24.00 24.00 23.90 23.90 * 23.30 23.30 23.30 23.30 23.40 23.30 23.20 23.00 23.20 23.30 23.40 23.30 23.30 23.20 23.20 23.10 * 0
2018-01-06 04:04:33 23.80 23.60 23.60 23.70 24.00 24.40 23.90 23.80 24.40 24.00 24.10 24.00 23.90 24.00 23.80 23.90 * 23.30 23.30 23.40 23.30 23.40 23.40 23.30 23.00 23.20 23.20 23.40 23.40 23.30 23.30 23.20 23.10 * 0
2018-01-06 04:04:33 23.80 23.70 23.70 23.80 24.00 24.40 23.90 23.80 24.30 24.00 24.10 24.00 23.90 23.90 23.80 23.90 * 23.30 23.20 23.30 23.30 23.40 23.40 23.20 23.00 23.20 23.20 23.40 23.40 23.30 23.30 23.30 23.10 * 0
2018-01-06 04:04:33 23.90 23.80 23.80 23.90 24.10 24.50 24.00 23.90 24.50 24.10 24.20 24.10 24.00 24.10 24.00 24.00 * 23.20 23.20 23.20 23.20 23.40 23.30 23.10 23.00 23.10 23.20 23.30 23.20 23.20 23.10 23.10 23.00 * 0
